"DATE","Year","Month","Day","nodata","Tmin","Tmax"
2001-01-01 12:00:00,2001,1,1,1,-4.89205438654465,6.27656764750504
2001-01-02 12:00:00,2001,1,2,NA,-4.36852595658488,3.04166723028274
2001-01-03 12:00:00,2001,1,3,NA,-4.55022291062612,2.85260327241938
2001-01-04 12:00:00,2001,1,4,NA,-4.26955918889018,-1.13322124682025
2001-01-05 12:00:00,2001,1,5,NA,-4.73007519544348,3.34993013947234
2001-01-06 12:00:00,2001,1,6,NA,-4.90625726010224,4.3598819582177
2001-01-07 12:00:00,2001,1,7,NA,-3.60880526214908,9.09261566623064
2001-01-08 12:00:00,2001,1,8,NA,-3.15967649669176,3.93852229909831
2001-01-09 12:00:00,2001,1,9,NA,-2.12945867047963,3.16997190194959
2001-01-10 12:00:00,2001,1,10,NA,0.442626356214705,5.87584356939785
2001-01-11 12:00:00,2001,1,11,NA,0.551512197154658,6.41361651780407
2001-01-12 12:00:00,2001,1,12,NA,-2.89430665977446,1.97839895004058
2001-01-13 12:00:00,2001,1,13,NA,-5.15055202021356,1.19450788262543
2001-01-14 12:00:00,2001,1,14,NA,-1.67049622353391,11.0416440175863
2001-01-15 12:00:00,2001,1,15,NA,4.70947864299412,17.2878519869446
2001-01-16 12:00:00,2001,1,16,NA,5.38619534599528,12.803849489084
2001-01-17 12:00:00,2001,1,17,NA,2.48369800519592,11.5319240501028
2001-01-18 12:00:00,2001,1,18,NA,5.04014147176295,14.8429323880074
2001-01-19 12:00:00,2001,1,19,NA,2.07396482520859,9.23813595605937
2001-01-20 12:00:00,2001,1,20,NA,-0.937151904041108,9.36563690939795
2001-01-21 12:00:00,2001,1,21,NA,-3.14087869084153,4.42704761466233
2001-01-22 12:00:00,2001,1,22,NA,-4.74729036195798,3.60078690757776
2001-01-23 12:00:00,2001,1,23,NA,-4.18793637580127,4.30739388840885
2001-01-24 12:00:00,2001,1,24,NA,-3.53333833321011,6.5900554006428
2001-01-25 12:00:00,2001,1,25,NA,-3.93560076214804,7.95078894783108
2001-01-26 12:00:00,2001,1,26,NA,-4.48064471475934,8.16448912366484
2001-01-27 12:00:00,2001,1,27,NA,-4.5280633056419,6.77703409154122
2001-01-28 12:00:00,2001,1,28,NA,-0.801925597515283,3.53243298466128
2001-01-29 12:00:00,2001,1,29,NA,-0.615129048884437,9.6070278055939
2001-01-30 12:00:00,2001,1,30,NA,-4.1475564859644,7.73883322401472
2001-01-31 12:00:00,2001,1,31,NA,-5.81062450412955,4.73136715618835
2001-02-01 12:00:00,2001,2,1,NA,-5.9919665444873,6.78696100416421
2001-02-02 12:00:00,2001,2,2,NA,-3.80720004293547,6.89224049305716
2001-02-03 12:00:00,2001,2,3,NA,-4.91430227995936,11.1984098862067
2001-02-04 12:00:00,2001,2,4,NA,0.446831866977239,16.2563411727463
2001-02-05 12:00:00,2001,2,5,NA,3.81633481689682,18.0807834532265
2001-02-06 12:00:00,2001,2,6,NA,2.71591522731407,15.6855243722058
2001-02-07 12:00:00,2001,2,7,NA,1.16358648675733,15.4124242076971
2001-02-08 12:00:00,2001,2,8,NA,2.50166137124111,10.864733370139
2001-02-09 12:00:00,2001,2,9,NA,0.234739222296436,10.6349111374771
2001-02-10 12:00:00,2001,2,10,NA,0.693539230584848,6.33422862351033
2001-02-11 12:00:00,2001,2,11,NA,4.57823726285374,10.2189266557792
2001-02-12 12:00:00,2001,2,12,NA,1.72145983827632,12.2256235767678
2001-02-13 12:00:00,2001,2,13,NA,4.9493542634821,14.0218188675162
2001-02-14 12:00:00,2001,2,14,NA,5.51069339288893,17.500709002867
2001-02-15 12:00:00,2001,2,15,NA,10.0139935923808,17.1553150106173
2001-02-16 12:00:00,2001,2,16,NA,7.96919677887321,17.3927710703606
2001-02-17 12:00:00,2001,2,17,NA,7.46819521531024,17.0646370669732
2001-02-18 12:00:00,2001,2,18,NA,0.693234585379774,10.5170633100102
2001-02-19 12:00:00,2001,2,19,NA,0.448262462646141,11.3812807768364
2001-02-20 12:00:00,2001,2,20,NA,1.28366962210861,17.8161671256659
2001-02-21 12:00:00,2001,2,21,NA,1.18771557350083,14.3406550197412
2001-02-22 12:00:00,2001,2,22,NA,1.81747866896002,10.1817962233679
2001-02-23 12:00:00,2001,2,23,NA,2.4525210855777,9.79912762895037
2001-02-24 12:00:00,2001,2,24,NA,2.51102617534107,14.0913205104187
2001-02-25 12:00:00,2001,2,25,NA,2.04637026594273,14.118733589306
2001-02-26 12:00:00,2001,2,26,NA,3.42525553968534,13.6181530572044
2001-02-27 12:00:00,2001,2,27,NA,2.18618600265174,11.5237833120098
2001-02-28 12:00:00,2001,2,28,NA,4.12268514344802,11.0147162065546
2001-03-01 12:00:00,2001,3,1,NA,5.14428242537123,11.1815565641761
2001-03-02 12:00:00,2001,3,2,NA,2.81084792975554,13.2866921391453
2001-03-03 12:00:00,2001,3,3,NA,2.15801806962569,12.2567482989697
2001-03-04 12:00:00,2001,3,4,NA,2.45916852913453,12.8195551250818
2001-03-05 12:00:00,2001,3,5,NA,-0.62050140428984,16.1125951733663
2001-03-06 12:00:00,2001,3,6,NA,4.88185736467096,14.3562007765332
2001-03-07 12:00:00,2001,3,7,NA,6.48966881797018,16.459674275514
2001-03-08 12:00:00,2001,3,8,NA,4.30520524347791,14.6655918394251
2001-03-09 12:00:00,2001,3,9,NA,4.61638192661951,11.0114381677594
2001-03-10 12:00:00,2001,3,10,NA,3.83850961210308,12.2743377878125
2001-03-11 12:00:00,2001,3,11,NA,2.34608196464452,10.2362352471569
2001-03-12 12:00:00,2001,3,12,NA,3.16129973904773,4.93148565835894
2001-03-13 12:00:00,2001,3,13,NA,-0.0376190109735988,7.81732270297813
2001-03-14 12:00:00,2001,3,14,NA,0.115599674960079,12.9641957223216
2001-03-15 12:00:00,2001,3,15,NA,-0.433749794786091,14.859424846411
2001-03-16 12:00:00,2001,3,16,NA,1.67401090234326,17.4189341517538
2001-03-17 12:00:00,2001,3,17,NA,3.42686447849166,14.0304805622695
2001-03-18 12:00:00,2001,3,18,NA,-0.254324120894703,17.0077978452528
2001-03-19 12:00:00,2001,3,19,NA,-1.17175678996591,13.0155760032866
2001-03-20 12:00:00,2001,3,20,NA,3.23093803364471,11.1081393383775
2001-03-21 12:00:00,2001,3,21,NA,1.92263666709981,13.0101135222358
2001-03-22 12:00:00,2001,3,22,NA,3.05930551355287,11.2659105056496
2001-03-23 12:00:00,2001,3,23,NA,1.19770795481025,14.8819679070429
2001-03-24 12:00:00,2001,3,24,NA,3.96486808762105,17.954043131022
2001-03-25 12:00:00,2001,3,25,NA,2.62646197063253,16.1771371268146
2001-03-26 12:00:00,2001,3,26,NA,0.279682900388536,16.3198855343061
2001-03-27 12:00:00,2001,3,27,NA,2.3353977218841,13.0556249899181
2001-03-28 12:00:00,2001,3,28,NA,2.35249597790777,15.4375272935226
2001-03-29 12:00:00,2001,3,29,NA,1.83073558571758,9.56598461205531
2001-03-30 12:00:00,2001,3,30,NA,1.37959939076837,14.1891601403493
2001-03-31 12:00:00,2001,3,31,NA,0.421663195306339,16.6120344000852
2001-04-01 12:00:00,2001,4,1,NA,2.02957968365924,18.4790404904023
2001-04-02 12:00:00,2001,4,2,NA,5.06064879078051,14.1814800484976
2001-04-03 12:00:00,2001,4,3,NA,1.4944055138438,12.1787798970641
2001-04-04 12:00:00,2001,4,4,NA,0.297808175758983,13.2516624848012
2001-04-05 12:00:00,2001,4,5,NA,3.40067278523395,16.6812034762636
2001-04-06 12:00:00,2001,4,6,NA,3.86528486474232,19.7236310912985
2001-04-07 12:00:00,2001,4,7,NA,4.85884420347749,22.3371320164985
2001-04-08 12:00:00,2001,4,8,NA,6.14774295640662,21.1580401379395
2001-04-09 12:00:00,2001,4,9,NA,7.61017121019792,15.1165683577776
2001-04-10 12:00:00,2001,4,10,NA,7.07491113317414,13.2018116665429
2001-04-11 12:00:00,2001,4,11,NA,8.32257439127895,19.6985713354828
2001-04-12 12:00:00,2001,4,12,NA,8.1019698743831,22.543442026456
2001-04-13 12:00:00,2001,4,13,NA,10.7279504966593,24.5945978848328
2001-04-14 12:00:00,2001,4,14,NA,15.5229688096091,20.1056957415171
2001-04-15 12:00:00,2001,4,15,NA,13.2286582566418,25.2739296670564
2001-04-16 12:00:00,2001,4,16,NA,11.5400212468908,26.1704779528129
2001-04-17 12:00:00,2001,4,17,NA,9.47280111072111,17.4173685392825
2001-04-18 12:00:00,2001,4,18,NA,7.60606648072138,22.8341189956809
2001-04-19 12:00:00,2001,4,19,NA,10.3333997781569,22.1221955278675
2001-04-20 12:00:00,2001,4,20,NA,8.04074729802528,24.1448246109189
2001-04-21 12:00:00,2001,4,21,NA,7.78502689171398,27.8748381074771
2001-04-22 12:00:00,2001,4,22,NA,4.75948561778357,22.9630546061001
2001-04-23 12:00:00,2001,4,23,NA,7.48659786007167,24.0433478433721
2001-04-24 12:00:00,2001,4,24,NA,12.9693261784654,30.8185159384899
2001-04-25 12:00:00,2001,4,25,NA,14.9965161730831,30.813398556588
2001-04-26 12:00:00,2001,4,26,NA,13.5741197841364,27.0746830606276
2001-04-27 12:00:00,2001,4,27,NA,18.9743683916909,24.808932471169
2001-04-28 12:00:00,2001,4,28,NA,15.2268348146279,28.0300948840297
2001-04-29 12:00:00,2001,4,29,NA,15.6909915057555,26.868152467167
2001-04-30 12:00:00,2001,4,30,NA,16.4164649291632,30.6023508779305
2001-05-01 12:00:00,2001,5,1,NA,19.0936370646168,21.1740103880376
2001-05-02 12:00:00,2001,5,2,NA,15.2705755401746,19.5761447746619
2001-05-03 12:00:00,2001,5,3,NA,15.6969982425304,20.9600230226679
2001-05-04 12:00:00,2001,5,4,NA,17.3114598047132,24.1643796932704
2001-05-05 12:00:00,2001,5,5,NA,13.6255889080012,26.447852491086
2001-05-06 12:00:00,2001,5,6,NA,13.189568574571,22.9616669509127
2001-05-07 12:00:00,2001,5,7,NA,11.2086382770985,26.222584036298
2001-05-08 12:00:00,2001,5,8,NA,10.2887610578406,22.3135497623397
2001-05-09 12:00:00,2001,5,9,NA,9.68453518057215,18.6830402477397
2001-05-10 12:00:00,2001,5,10,NA,12.6533094100578,21.4690559407564
2001-05-11 12:00:00,2001,5,11,NA,12.9562436531637,19.765167467502
2001-05-12 12:00:00,2001,5,12,NA,12.5282459666924,22.2012057457857
2001-05-13 12:00:00,2001,5,13,NA,11.1043498650336,22.4648877828237
2001-05-14 12:00:00,2001,5,14,NA,11.7952999289646,19.1820122691784
2001-05-15 12:00:00,2001,5,15,NA,10.6536086255505,25.4194000249141
2001-05-16 12:00:00,2001,5,16,NA,11.6460602276258,25.7355989156329
2001-05-17 12:00:00,2001,5,17,NA,12.1727472676298,22.2101939022647
2001-05-18 12:00:00,2001,5,18,NA,11.8290573126822,23.1136037333049
2001-05-19 12:00:00,2001,5,19,NA,14.5154020733713,28.0888528284605
2001-05-20 12:00:00,2001,5,20,NA,14.4740479000745,27.7154073315952
2001-05-21 12:00:00,2001,5,21,NA,13.1291386636275,28.9614534493373
2001-05-22 12:00:00,2001,5,22,NA,11.246818967521,26.905881498931
2001-05-23 12:00:00,2001,5,23,NA,11.4489510705292,28.5426651100504
2001-05-24 12:00:00,2001,5,24,NA,11.7434174732096,28.5623313346247
2001-05-25 12:00:00,2001,5,25,NA,14.2176281752943,29.0711638315555
2001-05-26 12:00:00,2001,5,26,NA,15.877721479592,29.7287304456809
2001-05-27 12:00:00,2001,5,27,NA,16.2146930101858,29.9135471391161
2001-05-28 12:00:00,2001,5,28,NA,14.8147028393217,31.4826275347947
2001-05-29 12:00:00,2001,5,29,NA,16.6202260363625,31.2675499172124
2001-05-30 12:00:00,2001,5,30,NA,14.2722514757968,29.1985895611886
2001-05-31 12:00:00,2001,5,31,NA,15.6989978671044,34.5816190901867
2001-06-01 12:00:00,2001,6,1,NA,18.0384888326807,33.0619355881443
2001-06-02 12:00:00,2001,6,2,NA,16.2280091923606,29.7774389989165
2001-06-03 12:00:00,2001,6,3,NA,16.475417942445,27.0131483973423
2001-06-04 12:00:00,2001,6,4,NA,15.4944388541038,28.8748538384282
2001-06-05 12:00:00,2001,6,5,NA,19.3863380330964,26.8482375906365
2001-06-06 12:00:00,2001,6,6,NA,17.9793233721263,28.9387073427625
2001-06-07 12:00:00,2001,6,7,NA,16.515217468496,30.6393960488785
2001-06-08 12:00:00,2001,6,8,NA,15.4069018282594,25.6854444286297
2001-06-09 12:00:00,2001,6,9,NA,15.2696808187221,25.8046764780757
2001-06-10 12:00:00,2001,6,10,NA,17.0550792231295,26.1381175857277
2001-06-11 12:00:00,2001,6,11,NA,18.1892203333144,28.5741490762198
2001-06-12 12:00:00,2001,6,12,NA,18.4986404454665,24.2506590473055
2001-06-13 12:00:00,2001,6,13,NA,18.6957147236742,26.1159662200498
2001-06-14 12:00:00,2001,6,14,NA,19.2478435638238,31.275845126493
2001-06-15 12:00:00,2001,6,15,NA,19.2371257753142,33.8262241319734
2001-06-16 12:00:00,2001,6,16,NA,20.0460625089249,31.539886466672
2001-06-17 12:00:00,2001,6,17,NA,19.9880772944093,30.6203849303836
2001-06-18 12:00:00,2001,6,18,NA,19.6562628077825,28.4949749288287
2001-06-19 12:00:00,2001,6,19,NA,19.4747791768386,32.5787465920982
2001-06-20 12:00:00,2001,6,20,NA,20.0729188699848,27.1092388944139
2001-06-21 12:00:00,2001,6,21,NA,19.585984108682,30.9397146336776
2001-06-22 12:00:00,2001,6,22,NA,19.2388137939992,30.9123680565296
2001-06-23 12:00:00,2001,6,23,NA,19.7085115961429,29.2184019715422
2001-06-24 12:00:00,2001,6,24,NA,20.3448358414636,31.5676935012542
2001-06-25 12:00:00,2001,6,25,NA,18.8170199649349,32.7166894595576
2001-06-26 12:00:00,2001,6,26,NA,20.2241556767056,34.341402019581
2001-06-27 12:00:00,2001,6,27,NA,18.7942345360484,31.1252567812427
2001-06-28 12:00:00,2001,6,28,NA,20.7659864627631,26.9902221442341
2001-06-29 12:00:00,2001,6,29,NA,20.289989150415,26.7494334899914
2001-06-30 12:00:00,2001,6,30,NA,21.5246982355028,28.5406524996297
2001-07-01 12:00:00,2001,7,1,NA,24.3001638176353,31.3464390770916
2001-07-02 12:00:00,2001,7,2,NA,22.7574180747462,33.1809653543567
2001-07-03 12:00:00,2001,7,3,NA,24.0860457453104,33.6583147275069
2001-07-04 12:00:00,2001,7,4,NA,26.7364654733541,32.6161927175787
2001-07-05 12:00:00,2001,7,5,NA,29.1922170340475,32.1801253818901
2001-07-06 12:00:00,2001,7,6,NA,26.5756383546551,33.3465382221161
2001-07-07 12:00:00,2001,7,7,NA,23.155907211373,30.0845654553557
2001-07-08 12:00:00,2001,7,8,NA,23.5730326581466,30.3948826786326
2001-07-09 12:00:00,2001,7,9,NA,21.9735701905825,27.9385811389928
2001-07-10 12:00:00,2001,7,10,NA,21.4634949587352,28.4784157636246
2001-07-11 12:00:00,2001,7,11,NA,20.0565297182766,28.9063456568772
2001-07-12 12:00:00,2001,7,12,NA,23.7327494508125,32.3177297421612
2001-07-13 12:00:00,2001,7,13,NA,26.0319360958899,32.0992301256765
2001-07-14 12:00:00,2001,7,14,NA,26.584010689362,32.4151168491974
2001-07-15 12:00:00,2001,7,15,NA,26.255880874648,33.9216894737899
2001-07-16 12:00:00,2001,7,16,NA,24.8308901652148,33.6852218459869
2001-07-17 12:00:00,2001,7,17,NA,26.3391628871135,35.5669738250551
2001-07-18 12:00:00,2001,7,18,NA,27.1233277092792,33.036894828426
2001-07-19 12:00:00,2001,7,19,NA,28.6322974803993,31.0597003172341
2001-07-20 12:00:00,2001,7,20,NA,28.036526627619,31.7430020886452
2001-07-21 12:00:00,2001,7,21,NA,26.8271834629979,32.0491942627314
2001-07-22 12:00:00,2001,7,22,NA,27.1815211241187,35.2848884991892
2001-07-23 12:00:00,2001,7,23,NA,28.9532537915032,30.5740812364799
2001-07-24 12:00:00,2001,7,24,NA,28.244155534532,32.1390390085592
2001-07-25 12:00:00,2001,7,25,NA,27.7293711244969,32.9513819242304
2001-07-26 12:00:00,2001,7,26,NA,26.1823613987588,34.3174192269011
2001-07-27 12:00:00,2001,7,27,NA,27.5714209522329,34.7400157845838
2001-07-28 12:00:00,2001,7,28,NA,29.5245054511501,32.2391157814702
2001-07-29 12:00:00,2001,7,29,NA,27.6869407643267,34.413034284686
2001-07-30 12:00:00,2001,7,30,NA,25.2107542715564,37.2099859076042
2001-07-31 12:00:00,2001,7,31,NA,25.8717930135072,37.7230964838015
2001-08-01 12:00:00,2001,8,1,NA,26.7337676191095,33.1225002137338
2001-08-02 12:00:00,2001,8,2,NA,25.4843883061619,31.5729509459896
2001-08-03 12:00:00,2001,8,3,NA,26.5909809741806,33.116318347264
2001-08-04 12:00:00,2001,8,4,NA,27.8645386517967,33.9011653360028
2001-08-05 12:00:00,2001,8,5,NA,27.4211387220424,34.325071080272
2001-08-06 12:00:00,2001,8,6,NA,24.2963504262119,32.5175943272536
2001-08-07 12:00:00,2001,8,7,NA,28.4687875580014,33.1760315409706
2001-08-08 12:00:00,2001,8,8,NA,27.2873990905492,34.220946759289
2001-08-09 12:00:00,2001,8,9,NA,27.0595244343186,34.8643616298541
2001-08-10 12:00:00,2001,8,10,NA,23.5366313847722,30.2537242447593
2001-08-11 12:00:00,2001,8,11,NA,24.0262842730476,32.6637725775415
2001-08-12 12:00:00,2001,8,12,NA,22.3761258545015,30.0531251792027
2001-08-13 12:00:00,2001,8,13,NA,19.3679133627928,27.0454624984485
2001-08-14 12:00:00,2001,8,14,NA,20.0591574329342,29.2360710206279
2001-08-15 12:00:00,2001,8,15,NA,21.0104711913138,31.4166554508559
2001-08-16 12:00:00,2001,8,16,NA,24.4996739983431,28.3491970075088
2001-08-17 12:00:00,2001,8,17,NA,23.1517675949006,27.9654178916336
2001-08-18 12:00:00,2001,8,18,NA,22.9326887884844,31.5838853419053
2001-08-19 12:00:00,2001,8,19,NA,24.1939292508611,33.3252983644366
2001-08-20 12:00:00,2001,8,20,NA,24.1035776793394,33.7157022612518
2001-08-21 12:00:00,2001,8,21,NA,22.7610660272655,31.4185910405857
2001-08-22 12:00:00,2001,8,22,NA,21.6939027917584,30.6026564460848
2001-08-23 12:00:00,2001,8,23,NA,23.2238189292188,33.3168672036364
2001-08-24 12:00:00,2001,8,24,NA,25.599060397335,34.5750879198498
2001-08-25 12:00:00,2001,8,25,NA,25.8217072729511,33.5267260332302
2001-08-26 12:00:00,2001,8,26,NA,24.2107199695365,32.8502680143463
2001-08-27 12:00:00,2001,8,27,NA,24.8573913913735,32.2728008097261
2001-08-28 12:00:00,2001,8,28,NA,21.6634398240357,30.336902450592
2001-08-29 12:00:00,2001,8,29,NA,17.7077809871918,25.1990417583321
2001-08-30 12:00:00,2001,8,30,NA,20.191515397003,27.870372875543
2001-08-31 12:00:00,2001,8,31,NA,20.3632739894272,29.6070726809981
2001-09-01 12:00:00,2001,9,1,NA,22.203497266431,26.6425929792849
2001-09-02 12:00:00,2001,9,2,NA,22.0349139657866,32.3528656886013
2001-09-03 12:00:00,2001,9,3,NA,21.1219866492143,33.7026463085859
2001-09-04 12:00:00,2001,9,4,NA,25.8576868122419,33.5509475920673
2001-09-05 12:00:00,2001,9,5,NA,24.7302669824189,26.5971961959385
2001-09-06 12:00:00,2001,9,6,NA,18.9357473111647,22.6764632916509
2001-09-07 12:00:00,2001,9,7,NA,16.8906269406396,25.0592911924535
2001-09-08 12:00:00,2001,9,8,NA,18.2698014620968,25.5746721889044
2001-09-09 12:00:00,2001,9,9,NA,18.5127970246256,26.2947856692723
2001-09-10 12:00:00,2001,9,10,NA,19.2147027664383,28.7961302073225
2001-09-11 12:00:00,2001,9,11,NA,20.3413188058367,24.7782312928982
2001-09-12 12:00:00,2001,9,12,NA,17.7689253638157,23.6985467637743
2001-09-13 12:00:00,2001,9,13,NA,16.2423543880945,24.5307117101361
2001-09-14 12:00:00,2001,9,14,NA,17.0995936584988,27.3532227952109
2001-09-15 12:00:00,2001,9,15,NA,16.3026609384009,25.06276166138
2001-09-16 12:00:00,2001,9,16,NA,16.1677842718759,27.8141853100536
2001-09-17 12:00:00,2001,9,17,NA,16.514463926541,27.4534977307751
2001-09-18 12:00:00,2001,9,18,NA,19.0924741624011,30.5959229455867
2001-09-19 12:00:00,2001,9,19,NA,20.1414953888445,27.6629657592559
2001-09-20 12:00:00,2001,9,20,NA,15.4199952219986,29.2269668777268
2001-09-21 12:00:00,2001,9,21,NA,17.722922422786,28.9326515085739
2001-09-22 12:00:00,2001,9,22,NA,17.4121270181993,31.7904822567181
2001-09-23 12:00:00,2001,9,23,NA,19.8910962627081,25.3330892951214
2001-09-24 12:00:00,2001,9,24,NA,17.3807230793693,26.8207815651014
2001-09-25 12:00:00,2001,9,25,NA,19.087963692772,27.0443370247179
2001-09-26 12:00:00,2001,9,26,NA,16.3681072132962,30.2839180490105
2001-09-27 12:00:00,2001,9,27,NA,17.9457550078312,31.3529942046983
2001-09-28 12:00:00,2001,9,28,NA,18.8095971892884,30.9150042003444
2001-09-29 12:00:00,2001,9,29,NA,17.084952286718,28.7313533248956
2001-09-30 12:00:00,2001,9,30,NA,22.853834180608,31.4793817442254
2001-10-01 12:00:00,2001,10,1,NA,22.8329024931334,31.4620712548388
2001-10-02 12:00:00,2001,10,2,NA,21.9208099032084,32.0031159660416
2001-10-03 12:00:00,2001,10,3,NA,18.9863962460549,27.034364637804
2001-10-04 12:00:00,2001,10,4,NA,17.2812334557574,27.947548403544
2001-10-05 12:00:00,2001,10,5,NA,21.5630484474408,28.2691945570097
2001-10-06 12:00:00,2001,10,6,NA,20.5378273321677,27.3971382709469
2001-10-07 12:00:00,2001,10,7,NA,13.3463806275635,21.7078028629337
2001-10-08 12:00:00,2001,10,8,NA,12.0422149728366,23.6187398080932
2001-10-09 12:00:00,2001,10,9,NA,11.7155526124121,19.3642546266262
2001-10-10 12:00:00,2001,10,10,NA,11.0627800899828,23.5527461054673
2001-10-11 12:00:00,2001,10,11,NA,10.7927907169217,23.421447633182
2001-10-12 12:00:00,2001,10,12,NA,10.4419774906003,22.6705697523809
2001-10-13 12:00:00,2001,10,13,NA,9.77262912105895,23.4597731919059
2001-10-14 12:00:00,2001,10,14,NA,6.86698560784538,18.3756482422981
2001-10-15 12:00:00,2001,10,15,NA,5.76513914493076,15.635922983702
2001-10-16 12:00:00,2001,10,16,NA,7.76997555957856,15.4876396871939
2001-10-17 12:00:00,2001,10,17,NA,6.50989503243017,16.1831715458473
2001-10-18 12:00:00,2001,10,18,NA,5.93469389053956,21.7628183898463
2001-10-19 12:00:00,2001,10,19,NA,8.11222161545254,16.6749000079271
2001-10-20 12:00:00,2001,10,20,NA,10.1274793044156,22.7129824566963
2001-10-21 12:00:00,2001,10,21,NA,12.6547323930125,15.5360301389663
2001-10-22 12:00:00,2001,10,22,NA,13.5791183625959,17.5698399682785
2001-10-23 12:00:00,2001,10,23,NA,10.8233783398738,23.1739418342801
2001-10-24 12:00:00,2001,10,24,NA,9.23598720216179,19.75629643041
2001-10-25 12:00:00,2001,10,25,NA,9.79220618230248,18.4110717973637
2001-10-26 12:00:00,2001,10,26,NA,7.59121808379768,17.1551060972242
2001-10-27 12:00:00,2001,10,27,NA,5.38247121357519,17.6289862816533
2001-10-28 12:00:00,2001,10,28,NA,6.28140290584736,14.1167679739946
2001-10-29 12:00:00,2001,10,29,NA,6.57951687329479,16.3944230657993
2001-10-30 12:00:00,2001,10,30,NA,6.5517774817369,20.3776483541667
2001-10-31 12:00:00,2001,10,31,NA,7.54908225147911,21.6647197960613
2001-11-01 12:00:00,2001,11,1,NA,9.16599444934493,21.0418970003002
2001-11-02 12:00:00,2001,11,2,NA,8.06476509836919,23.5094334592587
2001-11-03 12:00:00,2001,11,3,NA,3.8925279526168,13.6685242773326
2001-11-04 12:00:00,2001,11,4,NA,2.98525801506694,16.4010301085572
2001-11-05 12:00:00,2001,11,5,NA,3.88211609992635,11.5698436806882
2001-11-06 12:00:00,2001,11,6,NA,4.01782507578749,17.2333444691509
2001-11-07 12:00:00,2001,11,7,NA,9.60434645313701,12.7019136577565
2001-11-08 12:00:00,2001,11,8,NA,11.4744905558564,13.0247603856788
2001-11-09 12:00:00,2001,11,9,NA,2.67986550602381,11.5957790041667
2001-11-10 12:00:00,2001,11,10,NA,3.55068180825007,14.5935159309035
2001-11-11 12:00:00,2001,11,11,NA,2.0105609395991,17.5199501980912
2001-11-12 12:00:00,2001,11,12,NA,3.74936679543048,17.2157519426787
2001-11-13 12:00:00,2001,11,13,NA,3.1623978417495,18.6717871002416
2001-11-14 12:00:00,2001,11,14,NA,7.0092816528139,19.7777319148713
2001-11-15 12:00:00,2001,11,15,NA,6.84972580020163,21.3207385821906
2001-11-16 12:00:00,2001,11,16,NA,5.0667745747946,14.4877913305069
2001-11-17 12:00:00,2001,11,17,NA,4.86709639118559,12.0502862444836
2001-11-18 12:00:00,2001,11,18,NA,1.3258484088093,8.49830429725328
2001-11-19 12:00:00,2001,11,19,NA,-0.0960721200056849,12.8483224543725
2001-11-20 12:00:00,2001,11,20,NA,0.874392829878872,11.2438267961231
2001-11-21 12:00:00,2001,11,21,NA,0.805807150889021,13.7816460004092
2001-11-22 12:00:00,2001,11,22,NA,5.37953230701484,10.5478151294184
2001-11-23 12:00:00,2001,11,23,NA,2.19819688404292,13.4693539444742
2001-11-24 12:00:00,2001,11,24,NA,0.56380315200447,12.3481002071644
2001-11-25 12:00:00,2001,11,25,NA,2.42977795189223,15.902460386336
2001-11-26 12:00:00,2001,11,26,NA,1.46527307970273,15.2104664051101
2001-11-27 12:00:00,2001,11,27,NA,1.02668082403654,19.7776180453759
2001-11-28 12:00:00,2001,11,28,NA,3.66338501791676,16.7147860124605
2001-11-29 12:00:00,2001,11,29,NA,2.23444962856534,17.5375316489803
2001-11-30 12:00:00,2001,11,30,NA,3.76196514877612,19.3984552345368
2001-12-01 12:00:00,2001,12,1,NA,2.27196421178431,15.9146310119776
2001-12-02 12:00:00,2001,12,2,NA,3.46866216527908,18.771414169637
2001-12-03 12:00:00,2001,12,3,NA,2.5083437523809,15.8405887948564
2001-12-04 12:00:00,2001,12,4,NA,3.08250986502777,14.3709998815815
2001-12-05 12:00:00,2001,12,5,NA,4.1206634845576,13.9443505116634
2001-12-06 12:00:00,2001,12,6,NA,3.25450977562006,11.1776907594786
2001-12-07 12:00:00,2001,12,7,NA,1.08653906556375,12.274881207077
2001-12-08 12:00:00,2001,12,8,NA,0.0724419119151163,12.1764270117249
2001-12-09 12:00:00,2001,12,9,NA,3.0163024088899,10.9936434357139
2001-12-10 12:00:00,2001,12,10,NA,7.75054913548022,11.2353354027198
2001-12-11 12:00:00,2001,12,11,NA,6.72207185502263,11.7735377726346
2001-12-12 12:00:00,2001,12,12,NA,-0.633422489555226,7.56373556954823
2001-12-13 12:00:00,2001,12,13,NA,-3.26287267164802,5.51329208547776
2001-12-14 12:00:00,2001,12,14,NA,-4.35284236940501,9.00763040854348
2001-12-15 12:00:00,2001,12,15,NA,-3.69271414379778,12.871805138341
2001-12-16 12:00:00,2001,12,16,NA,-0.794981379477081,13.6085550426627
2001-12-17 12:00:00,2001,12,17,NA,2.31755343214913,8.48379734134556
2001-12-18 12:00:00,2001,12,18,NA,2.46267035301608,6.73691883475478
2001-12-19 12:00:00,2001,12,19,NA,-1.51940786409201,7.31478089109342
2001-12-20 12:00:00,2001,12,20,NA,4.73533898978555,10.2924722800194
2001-12-21 12:00:00,2001,12,21,NA,6.31326671450494,15.2814786356372
2001-12-22 12:00:00,2001,12,22,NA,4.6849474048305,15.400162347271
2001-12-23 12:00:00,2001,12,23,NA,2.68758931011598,5.41308832300806
2001-12-24 12:00:00,2001,12,24,NA,-0.932041930840426,6.9911390530181
2001-12-25 12:00:00,2001,12,25,NA,-2.74699195160993,12.4144411766321
2001-12-26 12:00:00,2001,12,26,NA,0.941391904970288,13.1175695143041
2001-12-27 12:00:00,2001,12,27,NA,-0.938366930952807,12.4288462661534
2001-12-28 12:00:00,2001,12,28,NA,2.60017561884408,12.8787266043075
2001-12-29 12:00:00,2001,12,29,NA,3.13386679323046,14.0579530740665
2001-12-30 12:00:00,2001,12,30,NA,4.82622776582989,9.03206503658135
2001-12-31 12:00:00,2001,12,31,NA,-0.275550630158648,4.77788226796454
2002-01-01 12:00:00,2002,1,1,NA,-1.45180546132336,9.88029268221304
2002-01-02 12:00:00,2002,1,2,NA,-3.06455447324067,6.66707640327434
2002-01-03 12:00:00,2002,1,3,NA,-1.9932568021286,5.45466981679791
2002-01-04 12:00:00,2002,1,4,NA,-1.6331719753741,9.62522962594425
2002-01-05 12:00:00,2002,1,5,NA,-6.86176357351769,5.21409774615093
2002-01-06 12:00:00,2002,1,6,NA,-7.60560808455346,2.29855599476531
2002-01-07 12:00:00,2002,1,7,NA,-5.13078961849223,8.31495946984987
2002-01-08 12:00:00,2002,1,8,NA,-1.62368118499696,10.4912786761917
2002-01-09 12:00:00,2002,1,9,NA,2.33145677294313,11.6154251686385
2002-01-10 12:00:00,2002,1,10,NA,1.13676023780196,13.0532069367366
2002-01-11 12:00:00,2002,1,11,NA,-3.37625159206635,6.6104213866389
2002-01-12 12:00:00,2002,1,12,NA,-5.7027026232724,7.7430464650697
2002-01-13 12:00:00,2002,1,13,NA,-5.41166383449934,9.78500071858691
2002-01-14 12:00:00,2002,1,14,NA,-0.877260652443132,6.57709668177949
2002-01-15 12:00:00,2002,1,15,NA,-1.39722840308508,9.41206457085892
2002-01-16 12:00:00,2002,1,16,NA,0.805181896901224,11.8726982774483
2002-01-17 12:00:00,2002,1,17,NA,-0.4255519807209,9.65140970487577
2002-01-18 12:00:00,2002,1,18,NA,5.2004836840175,10.2946356698979
2002-01-19 12:00:00,2002,1,19,NA,6.77529540131723,14.5988268635557
2002-01-20 12:00:00,2002,1,20,NA,2.64849766094627,5.7240383109293
2002-01-21 12:00:00,2002,1,21,NA,-1.18814745756808,1.79258882979587
2002-01-22 12:00:00,2002,1,22,NA,-2.24955020355002,3.0498803688792
2002-01-23 12:00:00,2002,1,23,NA,-4.10084138023156,3.26170314059061
2002-01-24 12:00:00,2002,1,24,NA,-7.47866936495445,-0.671949482662406
2002-01-25 12:00:00,2002,1,25,NA,-10.0729662727361,-4.83947429873267
2002-01-26 12:00:00,2002,1,26,NA,-12.4945597193081,-2.27240286482971
2002-01-27 12:00:00,2002,1,27,NA,-11.4724763015364,-2.23661028847287
2002-01-28 12:00:00,2002,1,28,NA,-8.2999478866462,3.95253243829162
2002-01-29 12:00:00,2002,1,29,NA,-9.39697468296312,3.18139866098738
2002-01-30 12:00:00,2002,1,30,NA,-7.01185246629584,6.29002268089041
2002-01-31 12:00:00,2002,1,31,NA,-2.45985219973196,10.6691818472276
2002-02-01 12:00:00,2002,2,1,NA,-2.19963517498722,12.2215893647327
2002-02-02 12:00:00,2002,2,2,NA,-1.62316444599513,15.0901763930804
2002-02-03 12:00:00,2002,2,3,NA,1.3730084595303,16.8474055755976
2002-02-04 12:00:00,2002,2,4,NA,1.47960099035496,15.1724944938393
2002-02-05 12:00:00,2002,2,5,NA,0.756280220839403,10.7386309206667
2002-02-06 12:00:00,2002,2,6,NA,-2.0294356237143,10.4088910565488
2002-02-07 12:00:00,2002,2,7,NA,-0.395065956232214,7.84553846364161
2002-02-08 12:00:00,2002,2,8,NA,-7.51432519039196,-0.0626349517269014
2002-02-09 12:00:00,2002,2,9,NA,-8.85671205779643,9.70409981442073
2002-02-10 12:00:00,2002,2,10,NA,-7.64962618163293,6.98168376846013
2002-02-11 12:00:00,2002,2,11,NA,-7.10166626345932,-0.177215601552624
2002-02-12 12:00:00,2002,2,12,NA,-3.69955922173571,2.56173021208761
2002-02-13 12:00:00,2002,2,13,NA,-1.95699299165319,7.4795718814327
2002-02-14 12:00:00,2002,2,14,NA,-0.979298857256686,11.3885202599069
2002-02-15 12:00:00,2002,2,15,NA,-1.60841412939029,7.66998255253399
2002-02-16 12:00:00,2002,2,16,NA,-3.71582359367754,9.87585475272352
2002-02-17 12:00:00,2002,2,17,NA,-0.808469982904745,5.4639162355102
2002-02-18 12:00:00,2002,2,18,NA,-2.90242817721151,10.0756850812616
2002-02-19 12:00:00,2002,2,19,NA,-0.0146846271529166,6.3571383936415
2002-02-20 12:00:00,2002,2,20,NA,-0.249119347024436,10.6676005548409
2002-02-21 12:00:00,2002,2,21,NA,-2.56109033975212,7.7342336941306
2002-02-22 12:00:00,2002,2,22,NA,-4.19926035075286,5.11869610113973
2002-02-23 12:00:00,2002,2,23,NA,-3.5255075819242,8.84231153523939
2002-02-24 12:00:00,2002,2,24,NA,-2.64021429978849,11.0526792036959
2002-02-25 12:00:00,2002,2,25,NA,-2.37828650790897,11.3146069955754
2002-02-26 12:00:00,2002,2,26,NA,-4.76049070951464,8.98927233398018
2002-02-27 12:00:00,2002,2,27,NA,-1.92692130212134,10.6487548617947
2002-02-28 12:00:00,2002,2,28,NA,8.46491406160665,10.9663256735015
2002-03-01 12:00:00,2002,3,1,NA,1.501726655266,6.56555997914587
2002-03-02 12:00:00,2002,3,2,NA,4.16329507858834,6.51832504702438
2002-03-03 12:00:00,2002,3,3,NA,-0.382401429615281,11.6206240830627
2002-03-04 12:00:00,2002,3,4,NA,-1.31352522432716,10.463913012068
2002-03-05 12:00:00,2002,3,5,NA,4.90230642002538,9.87879382195236
2002-03-06 12:00:00,2002,3,6,NA,-1.86332254995286,10.3173762694519
2002-03-07 12:00:00,2002,3,7,NA,-1.56377610915485,12.5150131466783
2002-03-08 12:00:00,2002,3,8,NA,3.67843867601859,18.6381058656659
2002-03-09 12:00:00,2002,3,9,NA,5.49938031611949,17.8635454064543
2002-03-10 12:00:00,2002,3,10,NA,4.03214972174014,15.9395968714745
2002-03-11 12:00:00,2002,3,11,NA,3.28333666560227,19.1833347134539
2002-03-12 12:00:00,2002,3,12,NA,3.74612876964178,17.9468162163453
2002-03-13 12:00:00,2002,3,13,NA,6.75615780748145,14.704260780035
2002-03-14 12:00:00,2002,3,14,NA,2.71947025614019,10.4337101566942
2002-03-15 12:00:00,2002,3,15,NA,4.28274456466793,14.1736004741308
2002-03-16 12:00:00,2002,3,16,NA,1.87607969000854,13.2598957716641
2002-03-17 12:00:00,2002,3,17,NA,5.21285025678026,13.8303460018148
2002-03-18 12:00:00,2002,3,18,NA,5.44045084530874,15.0663772976005
2002-03-19 12:00:00,2002,3,19,NA,3.2659944606883,18.6634039061305
2002-03-20 12:00:00,2002,3,20,NA,1.75896848859375,10.2996267652292
2002-03-21 12:00:00,2002,3,21,NA,1.92618764630408,11.4845219753725
2002-03-22 12:00:00,2002,3,22,NA,3.03905276761646,12.0852280201326
2002-03-23 12:00:00,2002,3,23,NA,4.02929137546461,8.01917030692358
2002-03-24 12:00:00,2002,3,24,NA,2.75336249901683,11.8299209814294
2002-03-25 12:00:00,2002,3,25,NA,2.06404436675512,11.6899708190469
2002-03-26 12:00:00,2002,3,26,NA,2.75389365480574,12.0487068333063
2002-03-27 12:00:00,2002,3,27,NA,3.52282701848479,15.5258525311628
2002-03-28 12:00:00,2002,3,28,NA,4.87206972935005,19.5840712186029
2002-03-29 12:00:00,2002,3,29,NA,0.060163617151237,12.0631891298292
2002-03-30 12:00:00,2002,3,30,NA,2.01841916908549,13.766937942715
2002-03-31 12:00:00,2002,3,31,NA,-3.19742449252193,11.8053502737762
2002-04-01 12:00:00,2002,4,1,NA,-6.94261574225923,11.3624965423594
2002-04-02 12:00:00,2002,4,2,NA,-4.8391581553196,8.85072561895918
2002-04-03 12:00:00,2002,4,3,NA,-2.01735834447691,15.7381505009042
2002-04-04 12:00:00,2002,4,4,NA,1.09240220606684,13.4831244984554
2002-04-05 12:00:00,2002,4,5,NA,1.96863003029124,16.4925611444941
2002-04-06 12:00:00,2002,4,6,NA,8.2046187099971,13.1294994476729
2002-04-07 12:00:00,2002,4,7,NA,6.41445425363772,16.6201706072264
2002-04-08 12:00:00,2002,4,8,NA,14.1029041199284,21.0501490641936
2002-04-09 12:00:00,2002,4,9,NA,14.3215069788468,20.0533441248658
2002-04-10 12:00:00,2002,4,10,NA,12.9167946233962,20.6400874098104
2002-04-11 12:00:00,2002,4,11,NA,7.82622879367384,18.6968911882943
2002-04-12 12:00:00,2002,4,12,NA,8.6982455376674,16.6976345853822
2002-04-13 12:00:00,2002,4,13,NA,16.4604078561778,19.718051607469
2002-04-14 12:00:00,2002,4,14,NA,12.0985610410786,22.2108717916641
2002-04-15 12:00:00,2002,4,15,NA,9.49042886245317,26.1850163723879
2002-04-16 12:00:00,2002,4,16,NA,6.73061285319749,18.5058590858543
2002-04-17 12:00:00,2002,4,17,NA,8.27115095841686,18.2038637281552
2002-04-18 12:00:00,2002,4,18,NA,9.25334596707826,19.3385875559638
2002-04-19 12:00:00,2002,4,19,NA,7.89738437102739,11.4717615094584
2002-04-20 12:00:00,2002,4,20,NA,4.74482084386073,16.3309806417784
2002-04-21 12:00:00,2002,4,21,NA,4.66514200351976,21.0949405029254
2002-04-22 12:00:00,2002,4,22,NA,9.72859281220428,17.9087122300734
2002-04-23 12:00:00,2002,4,23,NA,9.39641660280341,22.8043923440353
2002-04-24 12:00:00,2002,4,24,NA,13.8262686698727,21.1948517087842
2002-04-25 12:00:00,2002,4,25,NA,14.2260706219774,25.5591482461183
2002-04-26 12:00:00,2002,4,26,NA,12.9903773001761,27.1282363470515
2002-04-27 12:00:00,2002,4,27,NA,14.2722172639942,22.2167846925556
2002-04-28 12:00:00,2002,4,28,NA,14.6618149582627,25.5717275472574
2002-04-29 12:00:00,2002,4,29,NA,10.8121648043411,19.1848059824489
2002-04-30 12:00:00,2002,4,30,NA,10.518460502881,15.4778635750055
2002-05-01 12:00:00,2002,5,1,NA,9.8351476372264,20.9111920374151
2002-05-02 12:00:00,2002,5,2,NA,10.041963551586,25.1724120796146
2002-05-03 12:00:00,2002,5,3,NA,12.1351326856615,25.9378701535279
2002-05-04 12:00:00,2002,5,4,NA,13.8466357073622,24.5289429470646
2002-05-05 12:00:00,2002,5,5,NA,15.201832291286,22.073431553337
2002-05-06 12:00:00,2002,5,6,NA,13.3133518705054,23.3507985051403
2002-05-07 12:00:00,2002,5,7,NA,12.3975618513846,19.0623095816958
2002-05-08 12:00:00,2002,5,8,NA,10.6936340566633,19.6921391238308
2002-05-09 12:00:00,2002,5,9,NA,8.74307391227031,22.9565435059101
2002-05-10 12:00:00,2002,5,10,NA,8.5111252859432,26.1231074614045
2002-05-11 12:00:00,2002,5,11,NA,10.4361776506709,25.2171369119652
2002-05-12 12:00:00,2002,5,12,NA,11.1289586222578,29.7242877190028
2002-05-13 12:00:00,2002,5,13,NA,12.7108846192554,28.3699471506655
2002-05-14 12:00:00,2002,5,14,NA,13.4712450486463,30.1120784534462
2002-05-15 12:00:00,2002,5,15,NA,14.4686322919192,28.3273898481371
2002-05-16 12:00:00,2002,5,16,NA,14.5307548515264,27.2319997467319
2002-05-17 12:00:00,2002,5,17,NA,14.8863543371481,20.7891644594159
2002-05-18 12:00:00,2002,5,18,NA,12.4958433187206,18.2635051652192
2002-05-19 12:00:00,2002,5,19,NA,13.9691758937388,16.7397534664467
2002-05-20 12:00:00,2002,5,20,NA,14.2395249540459,25.0068311029995
2002-05-21 12:00:00,2002,5,21,NA,15.568650256327,28.3258677012528
2002-05-22 12:00:00,2002,5,22,NA,15.2899626949594,30.6768356814363
2002-05-23 12:00:00,2002,5,23,NA,13.188421898962,25.729495292248
2002-05-24 12:00:00,2002,5,24,NA,14.1065420690718,30.8643657123564
2002-05-25 12:00:00,2002,5,25,NA,17.4198642939918,33.1661532599616
2002-05-26 12:00:00,2002,5,26,NA,19.1820779591926,30.1257571060351
2002-05-27 12:00:00,2002,5,27,NA,18.1383002995144,28.904620401988
2002-05-28 12:00:00,2002,5,28,NA,19.3564174668958,27.5589655707013
2002-05-29 12:00:00,2002,5,29,NA,18.85990821059,31.1184238462162
2002-05-30 12:00:00,2002,5,30,NA,18.3075359575915,33.0892252340824
2002-05-31 12:00:00,2002,5,31,NA,17.0305773787182,30.520784718633
2002-06-01 12:00:00,2002,6,1,NA,15.538627129324,29.2475157597835
2002-06-02 12:00:00,2002,6,2,NA,17.155053034797,30.055017286264
2002-06-03 12:00:00,2002,6,3,NA,17.3736250944328,28.4968324056597
2002-06-04 12:00:00,2002,6,4,NA,17.3484818548554,29.0243683039181
2002-06-05 12:00:00,2002,6,5,NA,21.547384628856,24.2849622792383
2002-06-06 12:00:00,2002,6,6,NA,16.5378410309145,27.8699922287641
2002-06-07 12:00:00,2002,6,7,NA,17.7628651068182,27.0115514157904
2002-06-08 12:00:00,2002,6,8,NA,19.3460594648623,27.9065814647936
2002-06-09 12:00:00,2002,6,9,NA,21.1841197076874,26.9285897447257
2002-06-10 12:00:00,2002,6,10,NA,19.8247808054582,30.1479815641431
2002-06-11 12:00:00,2002,6,11,NA,20.2579055767796,31.353186935028
2002-06-12 12:00:00,2002,6,12,NA,22.2295389567295,30.4862342957736
2002-06-13 12:00:00,2002,6,13,NA,21.5033502615947,28.8957776062992
2002-06-14 12:00:00,2002,6,14,NA,19.2232964027117,29.1563270274308
2002-06-15 12:00:00,2002,6,15,NA,18.4880835975192,30.6009867130275
2002-06-16 12:00:00,2002,6,16,NA,19.170569334696,31.1976916947092
2002-06-17 12:00:00,2002,6,17,NA,18.8147662109278,32.0428113041985
2002-06-18 12:00:00,2002,6,18,NA,19.885296818421,28.3696736704223
2002-06-19 12:00:00,2002,6,19,NA,22.2068210671177,29.0949325263776
2002-06-20 12:00:00,2002,6,20,NA,22.1685532215503,27.6871099159576
2002-06-21 12:00:00,2002,6,21,NA,20.304080146048,28.6321743097956
2002-06-22 12:00:00,2002,6,22,NA,22.6894615140416,28.3171280976948
2002-06-23 12:00:00,2002,6,23,NA,19.7071371580738,32.4505008033247
2002-06-24 12:00:00,2002,6,24,NA,18.5384833240753,32.1755361735923
2002-06-25 12:00:00,2002,6,25,NA,17.9347043189001,32.8978808432512
2002-06-26 12:00:00,2002,6,26,NA,17.2636696906381,31.1633391852608
2002-06-27 12:00:00,2002,6,27,NA,21.6231393539196,26.5296923181345
2002-06-28 12:00:00,2002,6,28,NA,21.7860743194657,28.8280784065258
2002-06-29 12:00:00,2002,6,29,NA,21.4683094607879,34.5212244043339
2002-06-30 12:00:00,2002,6,30,NA,25.8598101280702,30.1069588437713
2002-07-01 12:00:00,2002,7,1,NA,21.2955925212666,34.2166917443767
2002-07-02 12:00:00,2002,7,2,NA,20.8838213295867,34.9566609049427
2002-07-03 12:00:00,2002,7,3,NA,24.3709928519872,32.9376107877489
2002-07-04 12:00:00,2002,7,4,NA,20.4793542286464,26.8824792940245
2002-07-05 12:00:00,2002,7,5,NA,21.5190503577805,27.9200219132598
2002-07-06 12:00:00,2002,7,6,NA,20.9123132023146,28.0220857308483
2002-07-07 12:00:00,2002,7,7,NA,22.8537428325708,34.4367744098764
2002-07-08 12:00:00,2002,7,8,NA,23.7576424389679,33.0990401189107
2002-07-09 12:00:00,2002,7,9,NA,25.6841114949378,30.5495643894923
2002-07-10 12:00:00,2002,7,10,NA,24.9708237843992,27.9587321322417
2002-07-11 12:00:00,2002,7,11,NA,22.6750340180844,31.3870382421489
2002-07-12 12:00:00,2002,7,12,NA,24.1634328003692,27.1486181206694
2002-07-13 12:00:00,2002,7,13,NA,24.1116396445931,26.8262499749132
2002-07-14 12:00:00,2002,7,14,NA,22.6468714351058,27.9503498966407
2002-07-15 12:00:00,2002,7,15,NA,21.3505170845364,31.2556026714477
2002-07-16 12:00:00,2002,7,16,NA,25.9210899937065,33.5004958768186
2002-07-17 12:00:00,2002,7,17,NA,26.8665932817228,31.760378526155
2002-07-18 12:00:00,2002,7,18,NA,27.2707993750763,30.2587077229189
2002-07-19 12:00:00,2002,7,19,NA,23.4931984334499,28.6967206079333
2002-07-20 12:00:00,2002,7,20,NA,26.4059581431459,32.2960674851421
2002-07-21 12:00:00,2002,7,21,NA,27.3524823171167,31.2466882464778
2002-07-22 12:00:00,2002,7,22,NA,26.5928648425895,31.7521578064369
2002-07-23 12:00:00,2002,7,23,NA,26.0209264196543,32.8842035287893
2002-07-24 12:00:00,2002,7,24,NA,23.5731246163098,33.0719740349214
2002-07-25 12:00:00,2002,7,25,NA,23.7522585999679,29.2035921372072
2002-07-26 12:00:00,2002,7,26,NA,25.0032783556358,30.7373131389637
2002-07-27 12:00:00,2002,7,27,NA,23.867096035018,30.8820168399074
2002-07-28 12:00:00,2002,7,28,NA,23.8391135884427,32.4118543885707
2002-07-29 12:00:00,2002,7,29,NA,22.999174181913,31.7609942904566
2002-07-30 12:00:00,2002,7,30,NA,23.3952663763699,32.6230773143115
2002-07-31 12:00:00,2002,7,31,NA,23.5264354980215,30.5413563029109
2002-08-01 12:00:00,2002,8,1,NA,25.1118398049303,30.4153182664653
2002-08-02 12:00:00,2002,8,2,NA,24.7363623624407,30.0398408239756
2002-08-03 12:00:00,2002,8,3,NA,22.4233836518028,30.1742626446025
2002-08-04 12:00:00,2002,8,4,NA,24.0905412685353,32.7640038950915
2002-08-05 12:00:00,2002,8,5,NA,21.6082864147183,28.6603273377086
2002-08-06 12:00:00,2002,8,6,NA,22.2509746070117,32.6571588665537
2002-08-07 12:00:00,2002,8,7,NA,23.1520336368142,33.3275817281576
2002-08-08 12:00:00,2002,8,8,NA,22.2507571922697,32.8460347634819
2002-08-09 12:00:00,2002,8,9,NA,24.2512902774325,37.6912215360346
2002-08-10 12:00:00,2002,8,10,NA,26.8546196852594,34.5315364796826
2002-08-11 12:00:00,2002,8,11,NA,25.220833251334,36.6585902905313
2002-08-12 12:00:00,2002,8,12,NA,25.1668355137319,34.1995620379149
2002-08-13 12:00:00,2002,8,13,NA,25.8026793086475,34.5049458066874
2002-08-14 12:00:00,2002,8,14,NA,27.4212670795247,34.6939410277553
2002-08-15 12:00:00,2002,8,15,NA,28.0507450895936,36.4837384214289
2002-08-16 12:00:00,2002,8,16,NA,27.9514158415526,36.8217644767058
2002-08-17 12:00:00,2002,8,17,NA,29.3226187478157,36.0458250393759
2002-08-18 12:00:00,2002,8,18,NA,28.1023947103104,36.0838837149664
2002-08-19 12:00:00,2002,8,19,NA,28.6114949079263,32.7258953733404
2002-08-20 12:00:00,2002,8,20,NA,26.4241721524524,34.8175877083633
2002-08-21 12:00:00,2002,8,21,NA,25.0047314681063,35.1116481606382
2002-08-22 12:00:00,2002,8,22,NA,22.8194920826746,32.2363274134629
2002-08-23 12:00:00,2002,8,23,NA,25.8386189139089,30.5455153185129
2002-08-24 12:00:00,2002,8,24,NA,24.1279235431048,30.1645502273109
2002-08-25 12:00:00,2002,8,25,NA,21.7852236442611,32.811260469946
2002-08-26 12:00:00,2002,8,26,NA,21.697581394605,32.8707066828292
2002-08-27 12:00:00,2002,8,27,NA,21.8719343367993,28.0083986123664
2002-08-28 12:00:00,2002,8,28,NA,21.7146083680406,27.8518932570689
2002-08-29 12:00:00,2002,8,29,NA,21.7608223513571,29.4422389330388
2002-08-30 12:00:00,2002,8,30,NA,19.9515081288296,25.8314876152022
2002-08-31 12:00:00,2002,8,31,NA,22.3514372883221,27.1525679100926
2002-09-01 12:00:00,2002,9,1,NA,20.9476521279859,24.2091293219068
2002-09-02 12:00:00,2002,9,2,NA,15.3008339769422,20.0080779599114
2002-09-03 12:00:00,2002,9,3,NA,17.3024854306565,19.7572083178908
2002-09-04 12:00:00,2002,9,4,NA,14.2877316121027,23.2587618290549
2002-09-05 12:00:00,2002,9,5,NA,15.7035785442882,28.1556145721528
2002-09-06 12:00:00,2002,9,6,NA,16.0341555329783,28.4399860129746
2002-09-07 12:00:00,2002,9,7,NA,17.7914038754956,31.4001341601777
2002-09-08 12:00:00,2002,9,8,NA,18.0393125325626,32.430659573387
2002-09-09 12:00:00,2002,9,9,NA,18.2553330664167,29.5671026649722
2002-09-10 12:00:00,2002,9,10,NA,18.9457034949971,27.5489228092519
2002-09-11 12:00:00,2002,9,11,NA,17.8975991047874,26.4416702533457
2002-09-12 12:00:00,2002,9,12,NA,17.3511571117263,26.4893214360626
2002-09-13 12:00:00,2002,9,13,NA,19.4505211137168,28.5723661959299
2002-09-14 12:00:00,2002,9,14,NA,22.3326193141495,28.1072620778886
2002-09-15 12:00:00,2002,9,15,NA,22.8227154246204,32.3040338053869
2002-09-16 12:00:00,2002,9,16,NA,19.826250860108,30.1978897101767
2002-09-17 12:00:00,2002,9,17,NA,20.2047171463702,24.3659032574521
2002-09-18 12:00:00,2002,9,18,NA,19.70304191741,23.8613763277015
2002-09-19 12:00:00,2002,9,19,NA,16.4335069144539,22.1848834491684
2002-09-20 12:00:00,2002,9,20,NA,16.1209592797527,26.9567274485379
2002-09-21 12:00:00,2002,9,21,NA,17.4662839596013,26.0933972928991
2002-09-22 12:00:00,2002,9,22,NA,17.774323719623,27.0674551127754
2002-09-23 12:00:00,2002,9,23,NA,14.058193395372,25.5622066594215
2002-09-24 12:00:00,2002,9,24,NA,15.5961272522931,28.0536651992318
2002-09-25 12:00:00,2002,9,25,NA,19.0936751536046,30.0327089578386
2002-09-26 12:00:00,2002,9,26,NA,16.9473811465915,27.2051412990211
2002-09-27 12:00:00,2002,9,27,NA,17.0042291990734,23.5171646816427
2002-09-28 12:00:00,2002,9,28,NA,17.5562037220722,21.0293808176385
2002-09-29 12:00:00,2002,9,29,NA,16.344847435742,25.7849059214742
2002-09-30 12:00:00,2002,9,30,NA,14.5376055074816,22.2081849021531
2002-10-01 12:00:00,2002,10,1,NA,14.6738177571191,22.630191089065
2002-10-02 12:00:00,2002,10,2,NA,14.5530200938681,25.7665222407598
2002-10-03 12:00:00,2002,10,3,NA,13.774417272776,26.6391177983624
2002-10-04 12:00:00,2002,10,4,NA,14.4894564987025,20.155773127237
2002-10-05 12:00:00,2002,10,5,NA,11.3514468103587,17.2707073546458
2002-10-06 12:00:00,2002,10,6,NA,10.5146962413698,17.9292661771787
2002-10-07 12:00:00,2002,10,7,NA,12.8195945598318,25.7495748577262
2002-10-08 12:00:00,2002,10,8,NA,13.1230240708037,22.8321151901735
2002-10-09 12:00:00,2002,10,9,NA,15.1894779907696,23.1617865069818
2002-10-10 12:00:00,2002,10,10,NA,12.2544300540084,22.2240331217177
2002-10-11 12:00:00,2002,10,11,NA,11.6092488455917,25.456676987949
2002-10-12 12:00:00,2002,10,12,NA,11.7027223187596,26.9848018134562
2002-10-13 12:00:00,2002,10,13,NA,13.7114217342363,26.3870344659192
2002-10-14 12:00:00,2002,10,14,NA,12.1348098754528,28.6588327594574
2002-10-15 12:00:00,2002,10,15,NA,13.3727291889742,28.0278488603925
2002-10-16 12:00:00,2002,10,16,NA,13.9437232812843,25.8505120191889
2002-10-17 12:00:00,2002,10,17,NA,10.8734868974465,22.3821495318992
2002-10-18 12:00:00,2002,10,18,NA,12.5230325301871,20.1789885543578
2002-10-19 12:00:00,2002,10,19,NA,8.05282734204654,16.8955229041055
2002-10-20 12:00:00,2002,10,20,NA,7.33451905595678,14.1930833675889
2002-10-21 12:00:00,2002,10,21,NA,6.90995293306766,21.6459717772976
2002-10-22 12:00:00,2002,10,22,NA,6.48482846875423,17.8477783422734
2002-10-23 12:00:00,2002,10,23,NA,5.11859712880554,19.1093667637821
2002-10-24 12:00:00,2002,10,24,NA,6.69283152384098,15.0310156756174
2002-10-25 12:00:00,2002,10,25,NA,9.21586237421785,11.1373841005581
2002-10-26 12:00:00,2002,10,26,NA,8.32792947627592,17.961098846168
2002-10-27 12:00:00,2002,10,27,NA,8.82134909123084,20.5186755353398
2002-10-28 12:00:00,2002,10,28,NA,11.0187708387578,25.3775110565345
2002-10-29 12:00:00,2002,10,29,NA,11.5782355863859,23.3542730805656
2002-10-30 12:00:00,2002,10,30,NA,10.3876184690192,23.2655299191178
2002-10-31 12:00:00,2002,10,31,NA,12.0019814149467,26.4486578742983
2002-11-01 12:00:00,2002,11,1,NA,13.0874714382226,24.5841410172742
2002-11-02 12:00:00,2002,11,2,NA,10.1160528218928,20.636362050141
2002-11-03 12:00:00,2002,11,3,NA,7.44816120050359,15.4176934206772
2002-11-04 12:00:00,2002,11,4,NA,3.86707298208612,16.8674896950464
2002-11-05 12:00:00,2002,11,5,NA,7.28525954040562,13.7316002672036
2002-11-06 12:00:00,2002,11,6,NA,5.51872066246796,18.7128502698819
2002-11-07 12:00:00,2002,11,7,NA,8.6098160805366,21.3001344666723
2002-11-08 12:00:00,2002,11,8,NA,9.75434321377323,22.4643502555033
2002-11-09 12:00:00,2002,11,9,NA,10.4368793034495,19.71334466711
2002-11-10 12:00:00,2002,11,10,NA,9.54208793752486,20.4092276176135
2002-11-11 12:00:00,2002,11,11,NA,9.99966197259821,23.6832212750284
2002-11-12 12:00:00,2002,11,12,NA,8.00267737740588,17.6791867066446
2002-11-13 12:00:00,2002,11,13,NA,6.75879411356628,18.8990261642709
2002-11-14 12:00:00,2002,11,14,NA,5.68353558493081,16.612950458252
2002-11-15 12:00:00,2002,11,15,NA,8.05923609944905,24.7729793438905
2002-11-16 12:00:00,2002,11,16,NA,7.14435872918956,25.6209908092646
2002-11-17 12:00:00,2002,11,17,NA,8.39996674247075,23.1930253289671
2002-11-18 12:00:00,2002,11,18,NA,7.30408653494235,18.9438744742348
2002-11-19 12:00:00,2002,11,19,NA,4.50936402852602,12.1970916092879
2002-11-20 12:00:00,2002,11,20,NA,4.35585004337983,14.7013360588646
2002-11-21 12:00:00,2002,11,21,NA,4.22122491191983,16.4802173160506
2002-11-22 12:00:00,2002,11,22,NA,2.88898847232237,19.464079714525
2002-11-23 12:00:00,2002,11,23,NA,0.443845030853666,14.9572081656591
2002-11-24 12:00:00,2002,11,24,NA,1.61876356378798,13.6008304939842
2002-11-25 12:00:00,2002,11,25,NA,3.30805576577753,12.5990771568775
2002-11-26 12:00:00,2002,11,26,NA,3.41407366307821,17.4615256455438
2002-11-27 12:00:00,2002,11,27,NA,3.63653018919092,14.4553138010044
2002-11-28 12:00:00,2002,11,28,NA,4.81583328535239,11.6058759168811
2002-11-29 12:00:00,2002,11,29,NA,3.79285886801129,15.1842799354878
2002-11-30 12:00:00,2002,11,30,NA,2.02653524659332,15.900372554884
2002-12-01 12:00:00,2002,12,1,NA,5.07539341028886,17.056061677646
2002-12-02 12:00:00,2002,12,2,NA,4.23655782927547,19.1274966934857
2002-12-03 12:00:00,2002,12,3,NA,6.06298903139891,16.3089282991358
2002-12-04 12:00:00,2002,12,4,NA,5.03591388014248,11.810986709861
2002-12-05 12:00:00,2002,12,5,NA,5.95439581012074,16.2003350778576
2002-12-06 12:00:00,2002,12,6,NA,5.86279717083123,18.0939271834529
2002-12-07 12:00:00,2002,12,7,NA,1.5698166579008,11.3014475344158
2002-12-08 12:00:00,2002,12,8,NA,0.707922417332273,7.92187072984402
2002-12-09 12:00:00,2002,12,9,NA,-0.842950385150181,9.3679770284797
2002-12-10 12:00:00,2002,12,10,NA,-8.34539407526105,3.95923286067456
2002-12-11 12:00:00,2002,12,11,NA,-5.5667756954846,5.78771912170762
2002-12-12 12:00:00,2002,12,12,NA,-3.66001010843072,9.49634049447205
2002-12-13 12:00:00,2002,12,13,NA,-1.3244562740105,6.68039447496318
2002-12-14 12:00:00,2002,12,14,NA,2.28348654728822,12.5169727648689
2002-12-15 12:00:00,2002,12,15,NA,0.652519930974474,13.7061873729569
2002-12-16 12:00:00,2002,12,16,NA,1.54436246733883,13.8551099163386
2002-12-17 12:00:00,2002,12,17,NA,0.784914711958911,7.99886302447066
2002-12-18 12:00:00,2002,12,18,NA,-0.691616220893335,11.5939073701927
2002-12-19 12:00:00,2002,12,19,NA,3.28101946703133,8.35007247213736
2002-12-20 12:00:00,2002,12,20,NA,3.48454500700026,5.93849252574064
2002-12-21 12:00:00,2002,12,21,NA,5.71074268766237,12.2798969274763
2002-12-22 12:00:00,2002,12,22,NA,6.53629710700331,15.2330596454738
2002-12-23 12:00:00,2002,12,23,NA,1.88379489211916,14.1149249047408
2002-12-24 12:00:00,2002,12,24,NA,3.02245794750726,10.9997989743312
2002-12-25 12:00:00,2002,12,25,NA,-0.998200129071057,3.33934695363612
2002-12-26 12:00:00,2002,12,26,NA,-6.69390223551883,0.0974661958705205
2002-12-27 12:00:00,2002,12,27,NA,-5.70582355798563,-0.38984661745658
2002-12-28 12:00:00,2002,12,28,NA,-9.09612699061968,-3.07118906653064
2002-12-29 12:00:00,2002,12,29,NA,-7.22935674058521,6.38888276597953
2002-12-30 12:00:00,2002,12,30,NA,-4.23751310919071,10.1423450688977
2002-12-31 12:00:00,2002,12,31,NA,-4.42853668228618,6.08957736008178
2003-01-01 12:00:00,2003,1,1,NA,-2.07948819252934,9.01414720418908
2003-01-02 12:00:00,2003,1,2,NA,-1.3185333712693,8.79091275238729
2003-01-03 12:00:00,2003,1,3,NA,-2.38837873785712,5.65930396146868
2003-01-04 12:00:00,2003,1,4,NA,-2.07154741035453,6.0984442422525
2003-01-05 12:00:00,2003,1,5,NA,-0.493249895960536,9.57261370869155
2003-01-06 12:00:00,2003,1,6,NA,-3.39906286764212,9.26883544338376
2003-01-07 12:00:00,2003,1,7,NA,-7.22651112068073,9.55731052040533
2003-01-08 12:00:00,2003,1,8,NA,-7.07670893422126,0.594929941829397
2003-01-09 12:00:00,2003,1,9,NA,-6.82367986072563,2.5556128657686
2003-01-10 12:00:00,2003,1,10,NA,-8.39193476602403,3.60800249840436
2003-01-11 12:00:00,2003,1,11,NA,-7.1180646138615,0.406102404773903
2003-01-12 12:00:00,2003,1,12,NA,-6.49331809063892,2.58121308422737
2003-01-13 12:00:00,2003,1,13,NA,-2.09158472153214,3.48954210858762
2003-01-14 12:00:00,2003,1,14,NA,-3.29269743955777,5.90579872427311
2003-01-15 12:00:00,2003,1,15,NA,-2.89960084377845,5.14110479314372
2003-01-16 12:00:00,2003,1,16,NA,-2.93962562605497,5.83750300283356
2003-01-17 12:00:00,2003,1,17,NA,-0.177812260307644,10.059925991972
2003-01-18 12:00:00,2003,1,18,NA,-3.49485654828139,1.54001959471041
2003-01-19 12:00:00,2003,1,19,NA,-4.48748416211087,4.91106936967751
2003-01-20 12:00:00,2003,1,20,NA,-1.15124126187634,5.8481375688917
2003-01-21 12:00:00,2003,1,21,NA,-1.45862545015874,7.3185031787298
2003-01-22 12:00:00,2003,1,22,NA,-3.95840331810582,1.75703450519951
2003-01-23 12:00:00,2003,1,23,NA,-1.66089744469948,2.60489924063846
2003-01-24 12:00:00,2003,1,24,NA,-3.50067103459793,-0.05655436457271
2003-01-25 12:00:00,2003,1,25,NA,-3.57224884951057,2.49959498604527
2003-01-26 12:00:00,2003,1,26,NA,1.54096367507243,4.19015878378503
2003-01-27 12:00:00,2003,1,27,NA,-2.29483418635086,4.86361263254733
2003-01-28 12:00:00,2003,1,28,NA,-2.61497996381102,4.02408854826736
2003-01-29 12:00:00,2003,1,29,NA,-5.5859340822217,5.55622503405132
2003-01-30 12:00:00,2003,1,30,NA,-6.43301578397864,0.334576446671451
2003-01-31 12:00:00,2003,1,31,NA,-6.8615977029038,2.10440355425864
2003-02-01 12:00:00,2003,2,1,NA,-6.51322983807613,5.29508230845062
2003-02-02 12:00:00,2003,2,2,NA,-5.45533150224033,7.80468048094253
2003-02-03 12:00:00,2003,2,3,NA,-1.41140496879531,7.34806416169319
2003-02-04 12:00:00,2003,2,4,NA,-0.340756672890447,12.7533898488043
2003-02-05 12:00:00,2003,2,5,NA,-0.50663796750979,10.8678844591933
2003-02-06 12:00:00,2003,2,6,NA,-0.302539332873796,11.1050612912478
2003-02-07 12:00:00,2003,2,7,NA,-0.798565518493437,11.634175669015
2003-02-08 12:00:00,2003,2,8,NA,2.85399055661499,12.0429196422422
2003-02-09 12:00:00,2003,2,9,NA,3.17272436401714,12.5729788307001
2003-02-10 12:00:00,2003,2,10,NA,0.66103036854137,15.6318645954969
2003-02-11 12:00:00,2003,2,11,NA,2.52879391964496,13.9768167817779
2003-02-12 12:00:00,2003,2,12,NA,0.479460597954248,13.0471895081214
2003-02-13 12:00:00,2003,2,13,NA,0.00905806914238916,12.8433290238433
2003-02-14 12:00:00,2003,2,14,NA,0.52069323881235,14.232232729545
2003-02-15 12:00:00,2003,2,15,NA,-1.33520696149958,8.33043460812047
2003-02-16 12:00:00,2003,2,16,NA,-2.42429127408986,13.6358006426164
2003-02-17 12:00:00,2003,2,17,NA,-0.154570756660109,9.7931879961747
2003-02-18 12:00:00,2003,2,18,NA,-1.7271425134106,5.31959840202401
2003-02-19 12:00:00,2003,2,19,NA,-4.75244607600245,9.13541130695618
2003-02-20 12:00:00,2003,2,20,NA,-5.1659046065096,11.551367664393
2003-02-21 12:00:00,2003,2,21,NA,-2.94751167686576,13.461859047008
2003-02-22 12:00:00,2003,2,22,NA,-5.19989107215293,11.0895434421406
2003-02-23 12:00:00,2003,2,23,NA,-2.50772093012201,7.85993026199268
2003-02-24 12:00:00,2003,2,24,NA,-0.954269693289417,5.30583999902574
2003-02-25 12:00:00,2003,2,25,NA,-2.75747473596276,10.1400673717925
2003-02-26 12:00:00,2003,2,26,NA,-3.21610078007574,8.02070645949765
2003-02-27 12:00:00,2003,2,27,NA,-3.17792657056207,10.0355250043257
2003-02-28 12:00:00,2003,2,28,NA,-2.6568938657507,8.8425342038403
2003-03-01 12:00:00,2003,3,1,NA,-5.88560216789072,7.12857036552309
2003-03-02 12:00:00,2003,3,2,NA,-4.02265918606195,3.3117200134454
2003-03-03 12:00:00,2003,3,3,NA,-5.79020312683295,2.19724291945382
2003-03-04 12:00:00,2003,3,4,NA,-6.52566970799036,6.74685029503373
2003-03-05 12:00:00,2003,3,5,NA,-3.66682772471887,4.68504020795063
2003-03-06 12:00:00,2003,3,6,NA,-3.31210851014665,4.59012947029293
2003-03-07 12:00:00,2003,3,7,NA,-2.65053322618974,4.41784588055905
2003-03-08 12:00:00,2003,3,8,NA,-2.34088018140347,4.73347883327556
2003-03-09 12:00:00,2003,3,9,NA,-4.37099519946459,8.69867430294799
2003-03-10 12:00:00,2003,3,10,NA,-3.25581077661534,14.9617111343944
2003-03-11 12:00:00,2003,3,11,NA,-0.29169824470276,10.1164692869261
2003-03-12 12:00:00,2003,3,12,NA,-0.242925914512798,14.3897822571586
2003-03-13 12:00:00,2003,3,13,NA,0.297203534612682,9.64974065051894
2003-03-14 12:00:00,2003,3,14,NA,0.737956559392288,12.8690269385861
2003-03-15 12:00:00,2003,3,15,NA,-0.0249064112333759,13.1393732857368
2003-03-16 12:00:00,2003,3,16,NA,-1.13772918685398,8.85354618105208
2003-03-17 12:00:00,2003,3,17,NA,-0.418807953207909,14.5839668130902
2003-03-18 12:00:00,2003,3,18,NA,0.580698900017559,17.539876980604
2003-03-19 12:00:00,2003,3,19,NA,2.64910010174965,14.759666328671
2003-03-20 12:00:00,2003,3,20,NA,2.95763967354087,13.3070137725385
2003-03-21 12:00:00,2003,3,21,NA,0.97545810236217,9.16179562115314
2003-03-22 12:00:00,2003,3,22,NA,2.41647922714673,12.1292133952367
2003-03-23 12:00:00,2003,3,23,NA,4.6193836963142,15.0957133595702
2003-03-24 12:00:00,2003,3,24,NA,2.44169027310383,15.3891933942665
2003-03-25 12:00:00,2003,3,25,NA,2.25086702634787,18.4009625976537
2003-03-26 12:00:00,2003,3,26,NA,3.95815036223858,18.4652219856473
2003-03-27 12:00:00,2003,3,27,NA,7.92641460315348,18.130173684349
2003-03-28 12:00:00,2003,3,28,NA,4.23771581419423,18.4340657397049
2003-03-29 12:00:00,2003,3,29,NA,8.79397397094625,19.4634548033518
2003-03-30 12:00:00,2003,3,30,NA,6.38479708960255,16.2373336551428
2003-03-31 12:00:00,2003,3,31,NA,7.6039837566644,13.7832182248019
2003-04-01 12:00:00,2003,4,1,NA,8.23830887186944,16.9793879297435
2003-04-02 12:00:00,2003,4,2,NA,8.07626143325291,17.1431819932402
2003-04-03 12:00:00,2003,4,3,NA,5.7239929213889,17.5140176783338
2003-04-04 12:00:00,2003,4,4,NA,1.95454672601886,14.38173614714
2003-04-05 12:00:00,2003,4,5,NA,0.941896657753014,13.5581327531542
2003-04-06 12:00:00,2003,4,6,NA,2.22060074652838,17.4507479001328
2003-04-07 12:00:00,2003,4,7,NA,3.59488894231736,13.6801305312029
2003-04-08 12:00:00,2003,4,8,NA,4.52408824389911,17.7055021343199
2003-04-09 12:00:00,2003,4,9,NA,5.15175908856701,19.3838312381241
2003-04-10 12:00:00,2003,4,10,NA,4.64504606502337,17.4090728925114
2003-04-11 12:00:00,2003,4,11,NA,6.10128187945823,13.5098224170513
2003-04-12 12:00:00,2003,4,12,NA,8.57203753887764,21.3752976082795
2003-04-13 12:00:00,2003,4,13,NA,6.41175057876937,15.3653169626765
2003-04-14 12:00:00,2003,4,14,NA,6.5014820814237,19.6213313189682
2003-04-15 12:00:00,2003,4,15,NA,8.44989649393276,24.1521726055379
2003-04-16 12:00:00,2003,4,16,NA,7.37739692164369,18.1921467399659
2003-04-17 12:00:00,2003,4,17,NA,9.45358773182835,14.4167883892158
2003-04-18 12:00:00,2003,4,18,NA,9.33860913812923,15.7405709722363
2003-04-19 12:00:00,2003,4,19,NA,8.45075682697387,22.440348575039
2003-04-20 12:00:00,2003,4,20,NA,7.65215247106609,26.4713530526109
2003-04-21 12:00:00,2003,4,21,NA,8.73642966862509,28.3417998758581
2003-04-22 12:00:00,2003,4,22,NA,8.62216605442215,26.5095838065689
2003-04-23 12:00:00,2003,4,23,NA,10.9992130153009,32.7446161349148
2003-04-24 12:00:00,2003,4,24,NA,12.9737211038601,25.7909038593874
2003-04-25 12:00:00,2003,4,25,NA,12.6960604764778,17.4934035508684
2003-04-26 12:00:00,2003,4,26,NA,11.7563602313701,22.5711100496923
2003-04-27 12:00:00,2003,4,27,NA,10.6518012933034,26.3540774049086
2003-04-28 12:00:00,2003,4,28,NA,13.1172931664151,25.4258221158111
2003-04-29 12:00:00,2003,4,29,NA,12.8823706350206,20.3939260543254
2003-04-30 12:00:00,2003,4,30,NA,13.6529637259255,23.5268594148924
2003-05-01 12:00:00,2003,5,1,NA,12.3325485785042,26.9010748536982
2003-05-02 12:00:00,2003,5,2,NA,10.4079014018738,19.3379067333188
2003-05-03 12:00:00,2003,5,3,NA,10.853840542866,21.7102609846626
2003-05-04 12:00:00,2003,5,4,NA,8.04831629264684,24.1942573856234
2003-05-05 12:00:00,2003,5,5,NA,9.76376616734822,20.6515919325583
2003-05-06 12:00:00,2003,5,6,NA,9.21512913344752,25.1800466968757
2003-05-07 12:00:00,2003,5,7,NA,10.8760968714728,22.7834943098721
2003-05-08 12:00:00,2003,5,8,NA,9.01790221638692,23.1862201899618
2003-05-09 12:00:00,2003,5,9,NA,11.4995887690578,23.1852043024377
2003-05-10 12:00:00,2003,5,10,NA,9.50031743878553,17.3306461130773
2003-05-11 12:00:00,2003,5,11,NA,8.53395341969596,23.371762969401
2003-05-12 12:00:00,2003,5,12,NA,8.2387076073137,24.8954578877112
2003-05-13 12:00:00,2003,5,13,NA,13.1202607873875,22.9768676891147
2003-05-14 12:00:00,2003,5,14,NA,9.96048838179088,23.555501491165
2003-05-15 12:00:00,2003,5,15,NA,11.087742666753,20.4818564240383
2003-05-16 12:00:00,2003,5,16,NA,12.2253499895161,26.9135122628095
2003-05-17 12:00:00,2003,5,17,NA,17.4267601738553,29.1714790480536
2003-05-18 12:00:00,2003,5,18,NA,14.2891181301965,28.4522875518859
2003-05-19 12:00:00,2003,5,19,NA,16.2537355746246,27.3299681805195
2003-05-20 12:00:00,2003,5,20,NA,16.6098692047713,30.770450337189
2003-05-21 12:00:00,2003,5,21,NA,18.0656102911306,29.0429909332738
2003-05-22 12:00:00,2003,5,22,NA,15.9254499387313,28.9253716057962
2003-05-23 12:00:00,2003,5,23,NA,17.2978661238028,27.4623974228187
2003-05-24 12:00:00,2003,5,24,NA,16.2677812009694,30.6591661656176
2003-05-25 12:00:00,2003,5,25,NA,14.3918180466627,28.7392183466901
2003-05-26 12:00:00,2003,5,26,NA,16.4380109777241,31.7028119278388
2003-05-27 12:00:00,2003,5,27,NA,12.982268724967,24.4868012580099
2003-05-28 12:00:00,2003,5,28,NA,13.5565815554106,31.2733842569012
2003-05-29 12:00:00,2003,5,29,NA,17.1632414317763,26.5269906381
2003-05-30 12:00:00,2003,5,30,NA,16.9275774589099,28.4058203152493
2003-05-31 12:00:00,2003,5,31,NA,18.0516533987696,27.8536585258665
2003-06-01 12:00:00,2003,6,1,NA,16.9314397014909,30.5107705090723
2003-06-02 12:00:00,2003,6,2,NA,16.6629163579557,29.5204872886354
2003-06-03 12:00:00,2003,6,3,NA,17.2800044278252,26.3449478109013
2003-06-04 12:00:00,2003,6,4,NA,19.3572605310529,25.1662117863568
2003-06-05 12:00:00,2003,6,5,NA,20.2001443349062,27.2450041754833
2003-06-06 12:00:00,2003,6,6,NA,24.1819347069639,27.1998901221927
2003-06-07 12:00:00,2003,6,7,NA,19.107688137229,25.1504177768653
2003-06-08 12:00:00,2003,6,8,NA,17.9936976578026,25.9144385480048
2003-06-09 12:00:00,2003,6,9,NA,16.9725953603924,21.0123725747002
2003-06-10 12:00:00,2003,6,10,NA,20.8273054205312,28.7353011060569
2003-06-11 12:00:00,2003,6,11,NA,23.1355082424457,30.4212785489355
2003-06-12 12:00:00,2003,6,12,NA,20.54138757668,29.177672735193
2003-06-13 12:00:00,2003,6,13,NA,18.2355468178697,30.1788345938496
2003-06-14 12:00:00,2003,6,14,NA,18.7150684379718,30.3804074108163
2003-06-15 12:00:00,2003,6,15,NA,18.51541975459,28.5663476932516
2003-06-16 12:00:00,2003,6,16,NA,17.2030902061832,24.9428111048085
2003-06-17 12:00:00,2003,6,17,NA,16.6274419381043,30.7002815134602
2003-06-18 12:00:00,2003,6,18,NA,18.0695372820934,29.5499984948997
2003-06-19 12:00:00,2003,6,19,NA,15.3197851804344,27.420498821954
2003-06-20 12:00:00,2003,6,20,NA,15.9371971579307,30.8899526270905
2003-06-21 12:00:00,2003,6,21,NA,16.5113220957918,29.7393671890625
2003-06-22 12:00:00,2003,6,22,NA,16.7997668873844,31.3065738823512
2003-06-23 12:00:00,2003,6,23,NA,18.5453978518784,35.331811244991
2003-06-24 12:00:00,2003,6,24,NA,19.0094590424886,33.055913211526
2003-06-25 12:00:00,2003,6,25,NA,18.2512305678782,31.5965519008549
2003-06-26 12:00:00,2003,6,26,NA,19.7862826316444,31.7125884224077
2003-06-27 12:00:00,2003,6,27,NA,20.9364318056297,31.2596325643146
2003-06-28 12:00:00,2003,6,28,NA,25.5777054933811,28.374191159173
2003-06-29 12:00:00,2003,6,29,NA,21.8639512800699,31.8242199745992
2003-06-30 12:00:00,2003,6,30,NA,21.2855202054016,30.9724913499317
2003-07-01 12:00:00,2003,7,1,NA,21.0371172394569,33.1511937484782
2003-07-02 12:00:00,2003,7,2,NA,20.8998033076407,31.3569845487154
2003-07-03 12:00:00,2003,7,3,NA,22.683950296154,31.435489746662
2003-07-04 12:00:00,2003,7,4,NA,23.514790521485,32.86514377007
2003-07-05 12:00:00,2003,7,5,NA,22.3408595261988,35.2293259920533
2003-07-06 12:00:00,2003,7,6,NA,24.7684005389891,32.3596971663977
2003-07-07 12:00:00,2003,7,7,NA,25.1230752883793,29.6535970573531
2003-07-08 12:00:00,2003,7,8,NA,25.6492660925344,28.155734905474
2003-07-09 12:00:00,2003,7,9,NA,24.1357225300175,28.3561919379698
2003-07-10 12:00:00,2003,7,10,NA,23.7058634815224,30.5913938033359
2003-07-11 12:00:00,2003,7,11,NA,23.5166072221919,30.4808933427061
2003-07-12 12:00:00,2003,7,12,NA,23.8657797253129,33.2833531384801
2003-07-13 12:00:00,2003,7,13,NA,23.5254339446999,36.2023784004971
2003-07-14 12:00:00,2003,7,14,NA,25.4002118585763,35.080216480291
2003-07-15 12:00:00,2003,7,15,NA,26.0344651128814,35.4253966321444
2003-07-16 12:00:00,2003,7,16,NA,25.9277243107877,29.4772927473486
2003-07-17 12:00:00,2003,7,17,NA,21.3133701224724,27.8364460528895
2003-07-18 12:00:00,2003,7,18,NA,20.6090484721326,29.3431415233468
2003-07-19 12:00:00,2003,7,19,NA,21.6994810634247,30.5610028593298
2003-07-20 12:00:00,2003,7,20,NA,21.1678198932995,31.6139463236808
2003-07-21 12:00:00,2003,7,21,NA,23.6209125981191,35.1087264698108
2003-07-22 12:00:00,2003,7,22,NA,24.3336535043381,30.4623516858108
2003-07-23 12:00:00,2003,7,23,NA,23.8622311048122,25.9521709246147
2003-07-24 12:00:00,2003,7,24,NA,22.1325292404971,23.8111394975707
2003-07-25 12:00:00,2003,7,25,NA,22.9437206054694,28.7816806591467
2003-07-26 12:00:00,2003,7,26,NA,22.534600433154,31.2515860781378
2003-07-27 12:00:00,2003,7,27,NA,20.4115988774182,27.7796645193961
2003-07-28 12:00:00,2003,7,28,NA,21.5985822413816,25.4103991609494
2003-07-29 12:00:00,2003,7,29,NA,21.9475115129669,27.8944182199256
2003-07-30 12:00:00,2003,7,30,NA,24.1564911993117,30.4606481134924
2003-07-31 12:00:00,2003,7,31,NA,23.5981816726555,27.768248322741
2003-08-01 12:00:00,2003,8,1,NA,23.618657297,35.1083425369503
2003-08-02 12:00:00,2003,8,2,NA,24.9781152464701,34.8850549121841
2003-08-03 12:00:00,2003,8,3,NA,21.8079321297461,28.9199071079781
2003-08-04 12:00:00,2003,8,4,NA,22.5061529851052,33.0678885401925
2003-08-05 12:00:00,2003,8,5,NA,24.7231612036342,36.256599601209
2003-08-06 12:00:00,2003,8,6,NA,24.7652303375893,37.2444297456003
2003-08-07 12:00:00,2003,8,7,NA,25.7258881893693,37.2581340821331
2003-08-08 12:00:00,2003,8,8,NA,23.5137007218738,33.9743179635443
2003-08-09 12:00:00,2003,8,9,NA,24.9224994613638,33.9768975415005
2003-08-10 12:00:00,2003,8,10,NA,24.9246149311805,36.8295435805438
2003-08-11 12:00:00,2003,8,11,NA,26.5146858814771,37.1938823649049
2003-08-12 12:00:00,2003,8,12,NA,27.2685463322817,34.3710784493808
2003-08-13 12:00:00,2003,8,13,NA,27.3031126873889,31.6333020233086
2003-08-14 12:00:00,2003,8,14,NA,26.4029526663758,30.3081772866006
2003-08-15 12:00:00,2003,8,15,NA,25.5552815718885,31.9677701788083
2003-08-16 12:00:00,2003,8,16,NA,25.433769845429,33.1138384361973
2003-08-17 12:00:00,2003,8,17,NA,24.2443171578339,32.8828583709755
2003-08-18 12:00:00,2003,8,18,NA,22.4896785756467,30.1737025731588
2003-08-19 12:00:00,2003,8,19,NA,22.5086274598168,30.689029953338
2003-08-20 12:00:00,2003,8,20,NA,25.074770685828,33.5123049377718
2003-08-21 12:00:00,2003,8,21,NA,21.8687343741219,26.8408064648202
2003-08-22 12:00:00,2003,8,22,NA,21.9296309790269,28.7673471292766
2003-08-23 12:00:00,2003,8,23,NA,22.4834451255182,31.1193851498497
2003-08-24 12:00:00,2003,8,24,NA,22.4538873740537,33.1877405588304
2003-08-25 12:00:00,2003,8,25,NA,22.1880814634812,31.2907066493564
2003-08-26 12:00:00,2003,8,26,NA,24.6795838732187,30.7242220723291
2003-08-27 12:00:00,2003,8,27,NA,24.1968913570413,31.2994234741405
2003-08-28 12:00:00,2003,8,28,NA,20.9520676550965,27.3149144801875
2003-08-29 12:00:00,2003,8,29,NA,24.8428288478972,28.5354023356699
2003-08-30 12:00:00,2003,8,30,NA,26.0433554289593,27.0031594987191
2003-08-31 12:00:00,2003,8,31,NA,23.3375809481812,28.147001574242
2003-09-01 12:00:00,2003,9,1,NA,23.24374521009,31.0549544270456
2003-09-02 12:00:00,2003,9,2,NA,21.4835205215328,32.078798092745
2003-09-03 12:00:00,2003,9,3,NA,18.7296826428465,31.8468480226904
2003-09-04 12:00:00,2003,9,4,NA,22.0146532047524,33.9182961545235
2003-09-05 12:00:00,2003,9,5,NA,25.8637665798278,33.5632026227958
2003-09-06 12:00:00,2003,9,6,NA,26.2954967969489,32.8559961568016
2003-09-07 12:00:00,2003,9,7,NA,22.9561455500158,27.7669744051568
2003-09-08 12:00:00,2003,9,8,NA,20.6992692509929,30.2858183302809
2003-09-09 12:00:00,2003,9,9,NA,21.9893163518441,33.4981350401498
2003-09-10 12:00:00,2003,9,10,NA,20.8513089411361,28.540666321601
2003-09-11 12:00:00,2003,9,11,NA,20.6254104579501,27.2435705460731
2003-09-12 12:00:00,2003,9,12,NA,19.5541497348312,29.9634042148014
2003-09-13 12:00:00,2003,9,13,NA,18.6010235347179,29.7368232888856
2003-09-14 12:00:00,2003,9,14,NA,21.2540081921281,30.2211219675226
2003-09-15 12:00:00,2003,9,15,NA,23.6868213967767,29.4536004597535
2003-09-16 12:00:00,2003,9,16,NA,24.324528700175,29.5069959742299
2003-09-17 12:00:00,2003,9,17,NA,24.9264401234283,25.8872380154956
2003-09-18 12:00:00,2003,9,18,NA,17.3637684149873,21.6944726793477
2003-09-19 12:00:00,2003,9,19,NA,15.0818325283853,19.3980901202696
2003-09-20 12:00:00,2003,9,20,NA,13.9739466427767,21.2788173695842
2003-09-21 12:00:00,2003,9,21,NA,14.3480537101227,25.9092845626784
2003-09-22 12:00:00,2003,9,22,NA,15.2389363050726,25.427251452447
2003-09-23 12:00:00,2003,9,23,NA,16.1088848324406,23.2709095543985
2003-09-24 12:00:00,2003,9,24,NA,18.9588762413339,26.6326152533124
2003-09-25 12:00:00,2003,9,25,NA,16.6286439037941,29.0877562736912
2003-09-26 12:00:00,2003,9,26,NA,14.4210161311614,24.2884933161982
2003-09-27 12:00:00,2003,9,27,NA,15.1249841392444,26.3347132250324
2003-09-28 12:00:00,2003,9,28,NA,15.1005282345458,26.2619316117821
2003-09-29 12:00:00,2003,9,29,NA,14.369017136585,24.4726807078123
2003-09-30 12:00:00,2003,9,30,NA,14.007421356441,26.7205720160271
2003-10-01 12:00:00,2003,10,1,NA,14.9026917485648,27.0117220336668
2003-10-02 12:00:00,2003,10,2,NA,15.3740590561372,27.2607276721974
2003-10-03 12:00:00,2003,10,3,NA,15.6507430772775,30.0646143053106
2003-10-04 12:00:00,2003,10,4,NA,16.0764249528909,29.8371082470901
2003-10-05 12:00:00,2003,10,5,NA,14.1669731961346,27.9647998851032
2003-10-06 12:00:00,2003,10,6,NA,14.7933161432547,30.0753956379512
2003-10-07 12:00:00,2003,10,7,NA,13.9099396904417,27.4487390085579
2003-10-08 12:00:00,2003,10,8,NA,13.8944339034118,27.655117197611
2003-10-09 12:00:00,2003,10,9,NA,13.3129631525067,27.7899410090647
2003-10-10 12:00:00,2003,10,10,NA,13.7738439490864,26.8970237278382
2003-10-11 12:00:00,2003,10,11,NA,12.7027622356042,26.2665204678547
2003-10-12 12:00:00,2003,10,12,NA,12.3537906609834,26.3109936022463
2003-10-13 12:00:00,2003,10,13,NA,13.1791784574399,24.8020744096032
2003-10-14 12:00:00,2003,10,14,NA,13.8316712552769,23.5101821540901
2003-10-15 12:00:00,2003,10,15,NA,13.0361135344596,19.5718327249492
2003-10-16 12:00:00,2003,10,16,NA,8.96628743212912,15.6917980528406
2003-10-17 12:00:00,2003,10,17,NA,4.36260490546662,16.3631255573642
2003-10-18 12:00:00,2003,10,18,NA,7.01108019932521,22.478526985827
2003-10-19 12:00:00,2003,10,19,NA,7.29766750057252,23.8715158479789
2003-10-20 12:00:00,2003,10,20,NA,9.13857501526101,20.6202377569738
2003-10-21 12:00:00,2003,10,21,NA,10.78492901294,19.0522810699956
2003-10-22 12:00:00,2003,10,22,NA,10.5574461922979,15.2244443793722
2003-10-23 12:00:00,2003,10,23,NA,9.33958155350909,19.8779308259162
2003-10-24 12:00:00,2003,10,24,NA,11.9943838226656,18.1781967040827
2003-10-25 12:00:00,2003,10,25,NA,11.0556577146717,18.5284620520116
2003-10-26 12:00:00,2003,10,26,NA,10.4971804921328,19.3398760541917
2003-10-27 12:00:00,2003,10,27,NA,9.52466528386309,18.7470448539588
2003-10-28 12:00:00,2003,10,28,NA,11.2003977537781,21.304729268129
2003-10-29 12:00:00,2003,10,29,NA,10.9016966791291,21.582988071558
2003-10-30 12:00:00,2003,10,30,NA,7.4025383675188,20.8355506634929
2003-10-31 12:00:00,2003,10,31,NA,9.38697169149006,22.7957827408874
2003-11-01 12:00:00,2003,11,1,NA,9.68440031771658,20.8089472922848
2003-11-02 12:00:00,2003,11,2,NA,10.7679619819564,21.5792048774087
2003-11-03 12:00:00,2003,11,3,NA,8.96862115586053,21.4887107434718
2003-11-04 12:00:00,2003,11,4,NA,10.6256167568811,21.5962477916927
2003-11-05 12:00:00,2003,11,5,NA,9.0923627672049,16.2283037626134
2003-11-06 12:00:00,2003,11,6,NA,8.98240551556631,17.1456778916625
2003-11-07 12:00:00,2003,11,7,NA,8.7433455136922,19.0800438118445
2003-11-08 12:00:00,2003,11,8,NA,6.877318473785,22.2507995126283
2003-11-09 12:00:00,2003,11,9,NA,8.8707118507941,14.0526087871568
2003-11-10 12:00:00,2003,11,10,NA,8.3286299983296,11.6734456614508
2003-11-11 12:00:00,2003,11,11,NA,7.73898207861458,10.8006126855366
2003-11-12 12:00:00,2003,11,12,NA,2.63230580835652,7.91249450327444
2003-11-13 12:00:00,2003,11,13,NA,0.377281305635183,8.94121627266359
2003-11-14 12:00:00,2003,11,14,NA,0.554784041834311,13.3437585340058
2003-11-15 12:00:00,2003,11,15,NA,1.00260409836022,17.254572720507
2003-11-16 12:00:00,2003,11,16,NA,4.17261930686054,17.6053304422278
2003-11-17 12:00:00,2003,11,17,NA,5.35227052509638,17.0577160099809
2003-11-18 12:00:00,2003,11,18,NA,8.17968433429425,12.0327386223758
2003-11-19 12:00:00,2003,11,19,NA,10.8680820805869,13.9297126875089
2003-11-20 12:00:00,2003,11,20,NA,10.6201919136574,14.6308205021087
2003-11-21 12:00:00,2003,11,21,NA,7.14093028631834,19.153779796391
2003-11-22 12:00:00,2003,11,22,NA,5.25423428032297,21.6478263677309
2003-11-23 12:00:00,2003,11,23,NA,7.95339124605124,18.6821908006749
2003-11-24 12:00:00,2003,11,24,NA,5.27392608118367,14.492434066653
2003-11-25 12:00:00,2003,11,25,NA,3.13962142703158,14.3599489859767
2003-11-26 12:00:00,2003,11,26,NA,3.02298739990665,11.1214159510372
2003-11-27 12:00:00,2003,11,27,NA,3.71151317757636,8.99170187249428
2003-11-28 12:00:00,2003,11,28,NA,-0.558983958921643,12.8604708262776
2003-11-29 12:00:00,2003,11,29,NA,-2.10589158750408,9.87477667985306
2003-11-30 12:00:00,2003,11,30,NA,-1.44901723094787,8.88613627775349
2003-12-01 12:00:00,2003,12,1,NA,6.61167543749355,7.75732262836115
2003-12-02 12:00:00,2003,12,2,NA,3.54736669086867,6.60899729779069
2003-12-03 12:00:00,2003,12,3,NA,0.0296456040091888,5.63052613607806
2003-12-04 12:00:00,2003,12,4,NA,-5.205428480739,5.32562051889144
2003-12-05 12:00:00,2003,12,5,NA,-2.86240564253249,12.4188004303145
2003-12-06 12:00:00,2003,12,6,NA,-0.245254916638824,12.708911517721
2003-12-07 12:00:00,2003,12,7,NA,1.77491922778888,10.5894530616592
2003-12-08 12:00:00,2003,12,8,NA,1.58547937890765,8.54088161643773
2003-12-09 12:00:00,2003,12,9,NA,1.53680835618109,10.9054764636082
2003-12-10 12:00:00,2003,12,10,NA,0.112605222174214,10.116766073127
2003-12-11 12:00:00,2003,12,11,NA,-3.59112137009389,4.90454659534688
2003-12-12 12:00:00,2003,12,12,NA,-2.51234880884108,7.61451104354861
2003-12-13 12:00:00,2003,12,13,NA,-0.226896801297764,9.23283693692013
2003-12-14 12:00:00,2003,12,14,NA,1.09694924740337,12.4312047722964
2003-12-15 12:00:00,2003,12,15,NA,-2.53529865675848,3.19665726466364
2003-12-16 12:00:00,2003,12,16,NA,-0.752557906650915,10.4798941451349
2003-12-17 12:00:00,2003,12,17,NA,-0.686995720125925,8.01665385020306
2003-12-18 12:00:00,2003,12,18,NA,-4.2436001889352,4.45316234953527
2003-12-19 12:00:00,2003,12,19,NA,-3.28117390345016,8.99329083515703
2003-12-20 12:00:00,2003,12,20,NA,-1.06896506142065,8.02684974840101
2003-12-21 12:00:00,2003,12,21,NA,-3.19640917441351,2.9824046329414
2003-12-22 12:00:00,2003,12,22,NA,-4.84479780840635,6.51583514921029
2003-12-23 12:00:00,2003,12,23,NA,3.16113707642113,10.5720176570439
2003-12-24 12:00:00,2003,12,24,NA,4.87375347880315,13.6499182359289
2003-12-25 12:00:00,2003,12,25,NA,2.73097351073664,10.5593509022454
2003-12-26 12:00:00,2003,12,26,NA,2.59002844054364,12.4482437253106
2003-12-27 12:00:00,2003,12,27,NA,-0.739258276367925,12.4354116240542
2003-12-28 12:00:00,2003,12,28,NA,-5.02621518718054,9.35364299090787
2003-12-29 12:00:00,2003,12,29,NA,-5.64527805260467,6.31504884106785
2003-12-30 12:00:00,2003,12,30,NA,-3.08085955786079,9.37069161726918
2003-12-31 12:00:00,2003,12,31,NA,-0.27229420286717,10.8340874218574
2004-01-01 12:00:00,2004,1,1,NA,1.34961028873313,10.4593474932679
2004-01-02 12:00:00,2004,1,2,NA,-1.00648276240939,8.56098059712498
2004-01-03 12:00:00,2004,1,3,NA,0.949100554606447,10.8292948199724
2004-01-04 12:00:00,2004,1,4,NA,-4.25050273554517,0.913121779204102
2004-01-05 12:00:00,2004,1,5,NA,-5.52702023943441,0.646109159550619
2004-01-06 12:00:00,2004,1,6,NA,-6.3384821696127,-0.531231788114097
2004-01-07 12:00:00,2004,1,7,NA,-7.12768034305576,-0.0628349509463879
2004-01-08 12:00:00,2004,1,8,NA,-11.0297891264365,-2.95684226116316
2004-01-09 12:00:00,2004,1,9,NA,-8.49961899876607,-4.08420660587011
2004-01-10 12:00:00,2004,1,10,NA,-10.927274297596,-3.76882747869783
2004-01-11 12:00:00,2004,1,11,NA,-9.0106344728684,-3.42631674028767
2004-01-12 12:00:00,2004,1,12,NA,-8.51611061658021,-1.35193948572943
2004-01-13 12:00:00,2004,1,13,NA,-6.89115898307079,2.45688191423431
2004-01-14 12:00:00,2004,1,14,NA,-5.11230941335078,3.13312399415276
2004-01-15 12:00:00,2004,1,15,NA,-8.89847185722981,-2.88961471620475
2004-01-16 12:00:00,2004,1,16,NA,-5.96869670781914,2.96596191948944
2004-01-17 12:00:00,2004,1,17,NA,-6.9599087496648,3.16348498418811
2004-01-18 12:00:00,2004,1,18,NA,-7.13323250763375,3.0161094767384
2004-01-19 12:00:00,2004,1,19,NA,-4.8387088241221,7.21055172128091
2004-01-20 12:00:00,2004,1,20,NA,-6.53620558504555,8.6604589680407
2004-01-21 12:00:00,2004,1,21,NA,-6.26305838383212,6.97631940677386
2004-01-22 12:00:00,2004,1,22,NA,-6.4496450318164,5.7230069571746
2004-01-23 12:00:00,2004,1,23,NA,-4.99688514408938,0.139780543544755
2004-01-24 12:00:00,2004,1,24,NA,-9.45018234578819,-4.72384322246866
2004-01-25 12:00:00,2004,1,25,NA,-3.5518085549939,3.23102992003827
2004-01-26 12:00:00,2004,1,26,NA,-2.14009122364309,2.73261438617196
2004-01-27 12:00:00,2004,1,27,NA,-8.93311889856739,-3.89734851257316
2004-01-28 12:00:00,2004,1,28,NA,-9.29603159740148,-3.93406914953474
2004-01-29 12:00:00,2004,1,29,NA,-10.2583960011875,0.313795131334757
2004-01-30 12:00:00,2004,1,30,NA,-6.24506211114335,6.54122114580657
2004-01-31 12:00:00,2004,1,31,NA,-0.204682613671946,3.81216984952161
2004-02-01 12:00:00,2004,2,1,NA,-0.495286160354782,8.79783082139346
2004-02-02 12:00:00,2004,2,2,NA,-4.07922393431149,6.67303196193769
2004-02-03 12:00:00,2004,2,3,NA,-3.87333226521307,6.29848028319966
2004-02-04 12:00:00,2004,2,4,NA,-3.29932506983929,8.3307847402922
2004-02-05 12:00:00,2004,2,5,NA,-3.01944638687288,10.9644828331417
2004-02-06 12:00:00,2004,2,6,NA,-2.21547284575144,5.10654099649899
2004-02-07 12:00:00,2004,2,7,NA,-4.01039186739354,9.83444733389197
2004-02-08 12:00:00,2004,2,8,NA,-3.31776297597392,13.4601845896925
2004-02-09 12:00:00,2004,2,9,NA,-3.43210793634805,11.9635292355385
2004-02-10 12:00:00,2004,2,10,NA,-0.963916246692848,10.6661935634386
2004-02-11 12:00:00,2004,2,11,NA,-1.59356238913672,11.8696443843212
2004-02-12 12:00:00,2004,2,12,NA,-2.55810377703782,13.0976409098647
2004-02-13 12:00:00,2004,2,13,NA,-2.68643907628877,12.0821197411899
2004-02-14 12:00:00,2004,2,14,NA,-2.77924817074041,9.70714204169175
2004-02-15 12:00:00,2004,2,15,NA,-7.19032537687946,12.028494889889
2004-02-16 12:00:00,2004,2,16,NA,-3.67241900431052,6.4967631883544
2004-02-17 12:00:00,2004,2,17,NA,-4.08039210722205,2.14466169687368
2004-02-18 12:00:00,2004,2,18,NA,-1.91268441614693,7.86515685659725
2004-02-19 12:00:00,2004,2,19,NA,-2.67336411181168,8.09525874820052
2004-02-20 12:00:00,2004,2,20,NA,-0.652183875687754,13.0711326107543
2004-02-21 12:00:00,2004,2,21,NA,-1.10442125759141,13.1144375575497
2004-02-22 12:00:00,2004,2,22,NA,0.128488358317441,14.7620004757995
2004-02-23 12:00:00,2004,2,23,NA,-0.540812380429555,13.814935233587
2004-02-24 12:00:00,2004,2,24,NA,1.01777530854186,12.9284164093801
2004-02-25 12:00:00,2004,2,25,NA,5.84222098141237,13.0736094110111
2004-02-26 12:00:00,2004,2,26,NA,5.35559741276066,9.52882301280102
2004-02-27 12:00:00,2004,2,27,NA,3.38025406079673,8.24576581797094
2004-02-28 12:00:00,2004,2,28,NA,0.683555782151888,12.2869966622943
2004-02-29 12:00:00,2004,2,29,NA,-0.205139941336709,8.8244282757788
2004-03-01 12:00:00,2004,3,1,NA,0.25958605342691,13.7227928268848
2004-03-02 12:00:00,2004,3,2,NA,5.75922794533318,19.2777347097378
2004-03-03 12:00:00,2004,3,3,NA,4.14544382652413,18.2328742635933
2004-03-04 12:00:00,2004,3,4,NA,4.24050922903902,16.3466582968321
2004-03-05 12:00:00,2004,3,5,NA,1.38721863142131,16.6803932726184
2004-03-06 12:00:00,2004,3,6,NA,8.11044845678772,19.2889437316182
2004-03-07 12:00:00,2004,3,7,NA,6.60685527109102,20.3874999448089
2004-03-08 12:00:00,2004,3,8,NA,3.88118327957434,20.0715544843532
2004-03-09 12:00:00,2004,3,9,NA,2.76547954100669,12.5069611653326
2004-03-10 12:00:00,2004,3,10,NA,-0.861809787118077,13.4495714431464
2004-03-11 12:00:00,2004,3,11,NA,0.961262330106586,9.90663883484681
2004-03-12 12:00:00,2004,3,12,NA,0.938868790639909,14.0239001062547
2004-03-13 12:00:00,2004,3,13,NA,-0.0991959206898203,12.2669447827954
2004-03-14 12:00:00,2004,3,14,NA,3.34155660314148,13.1732689083898
2004-03-15 12:00:00,2004,3,15,NA,5.24256569507095,16.2001537489351
2004-03-16 12:00:00,2004,3,16,NA,5.61266125947501,16.0208287911038
2004-03-17 12:00:00,2004,3,17,NA,2.55428454813464,16.6085864763526
2004-03-18 12:00:00,2004,3,18,NA,4.66810032028987,10.8077314283513
2004-03-19 12:00:00,2004,3,19,NA,10.4691164144798,20.6242430870495
2004-03-20 12:00:00,2004,3,20,NA,9.72886704011045,12.7559884111698
2004-03-21 12:00:00,2004,3,21,NA,7.52858062370241,12.0612482542761
2004-03-22 12:00:00,2004,3,22,NA,5.19901341301118,12.3416423305117
2004-03-23 12:00:00,2004,3,23,NA,1.03498538392265,14.014415192778
2004-03-24 12:00:00,2004,3,24,NA,0.973863384361132,16.9195201460654
2004-03-25 12:00:00,2004,3,25,NA,1.81382987880364,12.2901595420596
2004-03-26 12:00:00,2004,3,26,NA,1.86626251497918,15.1419426752458
2004-03-27 12:00:00,2004,3,27,NA,3.36638850771439,17.1334598333437
2004-03-28 12:00:00,2004,3,28,NA,0.328408879423495,10.7365764110523
2004-03-29 12:00:00,2004,3,29,NA,0.0560869516474645,11.2869862596317
2004-03-30 12:00:00,2004,3,30,NA,-1.27997011525805,14.0609716460446
2004-03-31 12:00:00,2004,3,31,NA,1.19660607727495,17.9785540909204
2004-04-01 12:00:00,2004,4,1,NA,4.02414941778166,18.4688264834454
2004-04-02 12:00:00,2004,4,2,NA,4.48977252188056,15.6198335971348
2004-04-03 12:00:00,2004,4,3,NA,6.41296298473026,20.2796103729038
2004-04-04 12:00:00,2004,4,4,NA,6.72945736469049,19.7661047422909
2004-04-05 12:00:00,2004,4,5,NA,3.14338736985851,20.9481240443178
2004-04-06 12:00:00,2004,4,6,NA,7.96913086034159,17.7862898598049
2004-04-07 12:00:00,2004,4,7,NA,4.80649124694653,17.6983680519388
2004-04-08 12:00:00,2004,4,8,NA,5.34884791840359,18.1521079878054
2004-04-09 12:00:00,2004,4,9,NA,4.64666764659075,14.3192377084333
2004-04-10 12:00:00,2004,4,10,NA,5.9431636882172,20.1290496369845
2004-04-11 12:00:00,2004,4,11,NA,5.11852514617463,18.2383743837192
2004-04-12 12:00:00,2004,4,12,NA,3.02523632760771,11.9774667460305
2004-04-13 12:00:00,2004,4,13,NA,2.99574291056535,20.4037173115611
2004-04-14 12:00:00,2004,4,14,NA,6.4179030920724,22.8082599922653
2004-04-15 12:00:00,2004,4,15,NA,13.8901856325048,22.8117978228726
2004-04-16 12:00:00,2004,4,16,NA,13.8939574012774,18.8286408171052
2004-04-17 12:00:00,2004,4,17,NA,10.8975854124284,19.9645387993027
2004-04-18 12:00:00,2004,4,18,NA,12.6432728967755,18.1624146602644
2004-04-19 12:00:00,2004,4,19,NA,17.2497652151857,19.9581748205021
2004-04-20 12:00:00,2004,4,20,NA,13.6705327142097,21.8002440001444
2004-04-21 12:00:00,2004,4,21,NA,8.91658463484312,15.0434851682119
2004-04-22 12:00:00,2004,4,22,NA,15.9316941160204,23.8328521235333
2004-04-23 12:00:00,2004,4,23,NA,8.80927465234019,23.265694150299
2004-04-24 12:00:00,2004,4,24,NA,10.3639288025228,26.1153561306038
2004-04-25 12:00:00,2004,4,25,NA,10.1782245150818,27.9798072067936
2004-04-26 12:00:00,2004,4,26,NA,8.86568907565015,26.7148788356746
2004-04-27 12:00:00,2004,4,27,NA,9.88706862506511,22.9714744304707
2004-04-28 12:00:00,2004,4,28,NA,10.1329417559533,20.6338713165452
2004-04-29 12:00:00,2004,4,29,NA,9.81506311462056,16.7623080588858
2004-04-30 12:00:00,2004,4,30,NA,8.92543010649689,14.272091977923
2004-05-01 12:00:00,2004,5,1,NA,7.55181860319538,19.4373088232491
2004-05-02 12:00:00,2004,5,2,NA,2.21874712272432,18.1174853920361
2004-05-03 12:00:00,2004,5,3,NA,6.17105673196439,20.4695511929737
2004-05-04 12:00:00,2004,5,4,NA,9.39534356032487,24.8777559301098
2004-05-05 12:00:00,2004,5,5,NA,10.4953857109917,25.6804226976808
2004-05-06 12:00:00,2004,5,6,NA,11.3230071619678,26.0778724316709
2004-05-07 12:00:00,2004,5,7,NA,10.8925683549382,24.8970809048607
2004-05-08 12:00:00,2004,5,8,NA,9.64142005383693,23.8097380274118
2004-05-09 12:00:00,2004,5,9,NA,12.3774208562677,25.472467015053
2004-05-10 12:00:00,2004,5,10,NA,12.4092382067653,25.8354991285841
2004-05-11 12:00:00,2004,5,11,NA,13.308849552675,26.3548182407508
2004-05-12 12:00:00,2004,5,12,NA,10.1964208489355,23.7191360553827
2004-05-13 12:00:00,2004,5,13,NA,12.8012354279313,26.5001640878242
2004-05-14 12:00:00,2004,5,14,NA,10.5222755154786,22.9565975014739
2004-05-15 12:00:00,2004,5,15,NA,11.456788682093,21.3441629321602
2004-05-16 12:00:00,2004,5,16,NA,8.9380464134585,20.0656459460516
2004-05-17 12:00:00,2004,5,17,NA,11.7291364588926,23.9876520945187
2004-05-18 12:00:00,2004,5,18,NA,11.8673507284409,26.1835388364346
2004-05-19 12:00:00,2004,5,19,NA,11.3825524412282,30.2043892399442
2004-05-20 12:00:00,2004,5,20,NA,14.9716715878338,27.0898965376727
2004-05-21 12:00:00,2004,5,21,NA,9.14220247472789,23.3658655708466
2004-05-22 12:00:00,2004,5,22,NA,10.0557600055015,25.4749007348049
2004-05-23 12:00:00,2004,5,23,NA,14.2018285037575,29.2143316777334
2004-05-24 12:00:00,2004,5,24,NA,14.5884829677076,29.1538089678816
2004-05-25 12:00:00,2004,5,25,NA,18.7495903899484,27.0536375534677
2004-05-26 12:00:00,2004,5,26,NA,17.6697477377556,27.6627958792203
2004-05-27 12:00:00,2004,5,27,NA,17.1644086807811,25.0370258425861
2004-05-28 12:00:00,2004,5,28,NA,14.5290461245369,29.5627811068993
2004-05-29 12:00:00,2004,5,29,NA,14.1264546781567,31.9009190625962
2004-05-30 12:00:00,2004,5,30,NA,15.3880568539956,30.067954208702
2004-05-31 12:00:00,2004,5,31,NA,13.5145508537457,26.2759469443004
2004-06-01 12:00:00,2004,6,1,NA,15.0167587320558,23.6324591455952
2004-06-02 12:00:00,2004,6,2,NA,14.3821863476272,19.348866171338
2004-06-03 12:00:00,2004,6,3,NA,14.9137806135726,21.3665052527923
2004-06-04 12:00:00,2004,6,4,NA,16.5809894162506,21.2725126423194
2004-06-05 12:00:00,2004,6,5,NA,17.2999486809056,28.4231559921325
2004-06-06 12:00:00,2004,6,6,NA,18.4206402489763,27.8795625405939
2004-06-07 12:00:00,2004,6,7,NA,17.4604804803873,27.825245109012
2004-06-08 12:00:00,2004,6,8,NA,16.5879889291145,30.7010860685531
2004-06-09 12:00:00,2004,6,9,NA,16.187241748155,31.5551116234117
2004-06-10 12:00:00,2004,6,10,NA,18.7696914384506,32.150106422775
2004-06-11 12:00:00,2004,6,11,NA,18.097727747388,29.0969440227138
2004-06-12 12:00:00,2004,6,12,NA,18.7851531879951,30.4587074505256
2004-06-13 12:00:00,2004,6,13,NA,23.655234715912,28.678695932958
2004-06-14 12:00:00,2004,6,14,NA,23.1822874570086,27.8797784447174
2004-06-15 12:00:00,2004,6,15,NA,23.1984406688861,28.0218846243248
2004-06-16 12:00:00,2004,6,16,NA,21.939772690023,30.3459124270619
2004-06-17 12:00:00,2004,6,17,NA,19.8261718965623,31.1799024215579
2004-06-18 12:00:00,2004,6,18,NA,20.8806406837623,30.8473451949626
2004-06-19 12:00:00,2004,6,19,NA,21.230445437328,30.6334927600424
2004-06-20 12:00:00,2004,6,20,NA,21.4744710648993,27.2189411019376
2004-06-21 12:00:00,2004,6,21,NA,21.5926505707299,28.3840050895674
2004-06-22 12:00:00,2004,6,22,NA,20.7449337674003,33.6660329905104
2004-06-23 12:00:00,2004,6,23,NA,23.9810145706552,34.4018722086132
2004-06-24 12:00:00,2004,6,24,NA,26.4094093965509,32.0665497575383
2004-06-25 12:00:00,2004,6,25,NA,22.6406398896069,32.4041308239812
2004-06-26 12:00:00,2004,6,26,NA,24.4631888389036,32.2365312819485
2004-06-27 12:00:00,2004,6,27,NA,25.4828416343538,28.7715391230522
2004-06-28 12:00:00,2004,6,28,NA,20.8807845125415,30.1833691396764
2004-06-29 12:00:00,2004,6,29,NA,18.6432982294987,32.7777604822452
2004-06-30 12:00:00,2004,6,30,NA,18.4111667114227,33.6754928448526
2004-07-01 12:00:00,2004,7,1,NA,18.8688044924344,32.2318793910523
2004-07-02 12:00:00,2004,7,2,NA,21.2745892866336,32.9507575369469
2004-07-03 12:00:00,2004,7,3,NA,25.9374630911841,31.4491420781982
2004-07-04 12:00:00,2004,7,4,NA,23.6343199822265,29.1732002371703
2004-07-05 12:00:00,2004,7,5,NA,22.3499799575004,30.9970908459705
2004-07-06 12:00:00,2004,7,6,NA,22.5996353847951,30.7316587994652
2004-07-07 12:00:00,2004,7,7,NA,25.0522484083038,31.3526428648881
2004-07-08 12:00:00,2004,7,8,NA,25.0377902832255,33.1594238021917
2004-07-09 12:00:00,2004,7,9,NA,24.2204902355493,33.0820120314544
2004-07-10 12:00:00,2004,7,10,NA,21.8193295553176,30.3920703554456
2004-07-11 12:00:00,2004,7,11,NA,24.5057307092777,29.3371852447461
2004-07-12 12:00:00,2004,7,12,NA,22.5717117285006,31.3024916855707
2004-07-13 12:00:00,2004,7,13,NA,22.8425992390848,32.5085088543712
2004-07-14 12:00:00,2004,7,14,NA,25.5772259876158,32.210567535452
2004-07-15 12:00:00,2004,7,15,NA,26.3519323242672,34.4717991479388
2004-07-16 12:00:00,2004,7,16,NA,28.0881383425711,33.3517238844096
2004-07-17 12:00:00,2004,7,17,NA,24.3135501614736,29.1955744380746
2004-07-18 12:00:00,2004,7,18,NA,25.6938889908592,27.2145559489298
2004-07-19 12:00:00,2004,7,19,NA,25.6375313299711,29.0075174617005
2004-07-20 12:00:00,2004,7,20,NA,24.9836413603836,32.7710652172573
2004-07-21 12:00:00,2004,7,21,NA,24.2608540069009,34.7069804372822
2004-07-22 12:00:00,2004,7,22,NA,23.5088987497123,32.8998302689754
2004-07-23 12:00:00,2004,7,23,NA,24.9548781353734,31.8969894830671
2004-07-24 12:00:00,2004,7,24,NA,25.451657237027,30.285921178057
2004-07-25 12:00:00,2004,7,25,NA,24.138428703841,30.6615046342582
2004-07-26 12:00:00,2004,7,26,NA,24.5016685120165,29.3739814738128
2004-07-27 12:00:00,2004,7,27,NA,23.5285358753948,31.2931456444715
2004-07-28 12:00:00,2004,7,28,NA,23.1143092547252,34.0422253483082
2004-07-29 12:00:00,2004,7,29,NA,26.274155810166,34.3954853709063
2004-07-30 12:00:00,2004,7,30,NA,26.357965619072,31.5292868311725
2004-07-31 12:00:00,2004,7,31,NA,26.159232967104,33.747762974032
2004-08-01 12:00:00,2004,8,1,NA,28.1098171686275,36.6208467302762
2004-08-02 12:00:00,2004,8,2,NA,30.2789889768542,35.7663486821389
2004-08-03 12:00:00,2004,8,3,NA,30.8987285022847,33.5203133057387
2004-08-04 12:00:00,2004,8,4,NA,26.8786639820813,32.2661623563474
2004-08-05 12:00:00,2004,8,5,NA,28.1421071957007,31.7201910512171
2004-08-06 12:00:00,2004,8,6,NA,27.894292231507,30.5158770349609
2004-08-07 12:00:00,2004,8,7,NA,24.6765529676067,31.0368271051492
2004-08-08 12:00:00,2004,8,8,NA,23.5264454773321,31.9015085519575
2004-08-09 12:00:00,2004,8,9,NA,25.454031921087,33.2652411380425
2004-08-10 12:00:00,2004,8,10,NA,27.5914035074997,33.1543571194225
2004-08-11 12:00:00,2004,8,11,NA,26.7363741083516,35.6067227435049
2004-08-12 12:00:00,2004,8,12,NA,25.4091958434891,35.9831512050769
2004-08-13 12:00:00,2004,8,13,NA,25.3846218048823,37.0498154975321
2004-08-14 12:00:00,2004,8,14,NA,27.7356238738141,35.4125406682373
2004-08-15 12:00:00,2004,8,15,NA,25.5318489593882,35.0695537334249
2004-08-16 12:00:00,2004,8,16,NA,27.0268163336073,36.176634543073
2004-08-17 12:00:00,2004,8,17,NA,27.369845669455,36.0295148004187
2004-08-18 12:00:00,2004,8,18,NA,27.6232252659376,35.3258780463982
2004-08-19 12:00:00,2004,8,19,NA,26.1981336972596,34.8368067943118
2004-08-20 12:00:00,2004,8,20,NA,24.8804645710307,33.5391110857998
2004-08-21 12:00:00,2004,8,21,NA,26.0589866738195,30.174353675587
2004-08-22 12:00:00,2004,8,22,NA,24.4543665368369,28.5727671146388
2004-08-23 12:00:00,2004,8,23,NA,23.3180505639547,30.414848976527
2004-08-24 12:00:00,2004,8,24,NA,22.627909929906,29.3631437137329
2004-08-25 12:00:00,2004,8,25,NA,23.4941378968155,34.2739728402355
2004-08-26 12:00:00,2004,8,26,NA,26.2224694047595,29.9685515304754
2004-08-27 12:00:00,2004,8,27,NA,22.0237245389372,27.5221986451703
2004-08-28 12:00:00,2004,8,28,NA,21.306801529449,30.8620390806904
2004-08-29 12:00:00,2004,8,29,NA,21.635664144284,29.3145216228241
2004-08-30 12:00:00,2004,8,30,NA,23.1308559370719,31.9604808695582
2004-08-31 12:00:00,2004,8,31,NA,22.0189106990677,32.1012341116741
2004-09-01 12:00:00,2004,9,1,NA,21.8733483511371,28.2360535935505
2004-09-02 12:00:00,2004,9,2,NA,20.7461293839431,28.7022666607989
2004-09-03 12:00:00,2004,9,3,NA,19.5072947814282,31.9657936246663
2004-09-04 12:00:00,2004,9,4,NA,20.5817706528898,32.9876011328861
2004-09-05 12:00:00,2004,9,5,NA,20.0881227133211,30.0131780193321
2004-09-06 12:00:00,2004,9,6,NA,21.854987214582,29.0621499604507
2004-09-07 12:00:00,2004,9,7,NA,22.0930237915617,31.4982756426483
2004-09-08 12:00:00,2004,9,8,NA,20.180113279725,30.7592032497752
2004-09-09 12:00:00,2004,9,9,NA,22.1154587040644,28.2627307448352
2004-09-10 12:00:00,2004,9,10,NA,22.3052281007071,27.3783325333109
2004-09-11 12:00:00,2004,9,11,NA,20.3531501126571,30.2700099817148
2004-09-12 12:00:00,2004,9,12,NA,17.9164864585279,25.0213193151891
2004-09-13 12:00:00,2004,9,13,NA,20.0407681089746,27.7782390165775
2004-09-14 12:00:00,2004,9,14,NA,19.2723568400128,27.8158720084351
2004-09-15 12:00:00,2004,9,15,NA,18.7175941230559,29.2565893218083
2004-09-16 12:00:00,2004,9,16,NA,19.4698748959683,30.7724548626686
2004-09-17 12:00:00,2004,9,17,NA,21.0283314146225,26.2138362098163
2004-09-18 12:00:00,2004,9,18,NA,18.3905965809331,24.3789144707346
2004-09-19 12:00:00,2004,9,19,NA,16.3068792571591,25.7469377428913
2004-09-20 12:00:00,2004,9,20,NA,14.4408662323669,25.7023714836712
2004-09-21 12:00:00,2004,9,21,NA,14.8696024299053,27.4633370616273
2004-09-22 12:00:00,2004,9,22,NA,15.4672661094557,29.3020168821552
2004-09-23 12:00:00,2004,9,23,NA,15.0334792676835,28.5007180823174
2004-09-24 12:00:00,2004,9,24,NA,15.9145254922302,28.1803176230981
2004-09-25 12:00:00,2004,9,25,NA,14.2901553613106,30.7024879132939
2004-09-26 12:00:00,2004,9,26,NA,17.2648025399145,30.5546065920316
2004-09-27 12:00:00,2004,9,27,NA,17.5437677845666,28.0882852906519
2004-09-28 12:00:00,2004,9,28,NA,15.5945930502429,27.7000000612988
2004-09-29 12:00:00,2004,9,29,NA,18.4579293183727,22.730199758565
2004-09-30 12:00:00,2004,9,30,NA,17.7252222117383,20.9319533579307
2004-10-01 12:00:00,2004,10,1,NA,13.8419955166215,21.8964485439877
2004-10-02 12:00:00,2004,10,2,NA,13.1357342618059,25.6059966894816
2004-10-03 12:00:00,2004,10,3,NA,15.8173647198217,27.3743512062295
2004-10-04 12:00:00,2004,10,4,NA,15.7227254533546,28.9324228173999
2004-10-05 12:00:00,2004,10,5,NA,16.6798212314047,25.6256909561441
2004-10-06 12:00:00,2004,10,6,NA,13.6795889050273,21.1559647406746
2004-10-07 12:00:00,2004,10,7,NA,13.3339111939578,24.1109574388552
2004-10-08 12:00:00,2004,10,8,NA,13.2799680044557,27.391629906416
2004-10-09 12:00:00,2004,10,9,NA,13.1865237981147,26.352324531295
2004-10-10 12:00:00,2004,10,10,NA,15.1942152676184,24.072907938344
2004-10-11 12:00:00,2004,10,11,NA,14.8667125379103,22.0575000080622
2004-10-12 12:00:00,2004,10,12,NA,13.6106586022708,21.8113112422015
2004-10-13 12:00:00,2004,10,13,NA,16.0086378370097,23.8379167794814
2004-10-14 12:00:00,2004,10,14,NA,14.3890055324877,22.727189684264
2004-10-15 12:00:00,2004,10,15,NA,13.4189314516436,19.3381919959306
2004-10-16 12:00:00,2004,10,16,NA,13.503251531675,21.2012886815721
2004-10-17 12:00:00,2004,10,17,NA,12.4718379213937,27.0088337982692
2004-10-18 12:00:00,2004,10,18,NA,13.3079933329934,23.5685794286629
2004-10-19 12:00:00,2004,10,19,NA,10.3906670731516,20.2614509119228
2004-10-20 12:00:00,2004,10,20,NA,10.3107692923266,19.4954243370908
2004-10-21 12:00:00,2004,10,21,NA,9.07807155168694,22.3540575398631
2004-10-22 12:00:00,2004,10,22,NA,9.42882152962346,20.8782320544462
2004-10-23 12:00:00,2004,10,23,NA,12.8674786504061,20.4342268417473
2004-10-24 12:00:00,2004,10,24,NA,7.42909676337196,22.9130747286704
2004-10-25 12:00:00,2004,10,25,NA,9.54302118048897,23.7013053181433
2004-10-26 12:00:00,2004,10,26,NA,14.0885756387501,21.9886397564407
2004-10-27 12:00:00,2004,10,27,NA,14.5211199446404,23.4701157080974
2004-10-28 12:00:00,2004,10,28,NA,11.3394986909974,25.3950814894615
2004-10-29 12:00:00,2004,10,29,NA,12.498745920032,22.9160167229372
2004-10-30 12:00:00,2004,10,30,NA,14.2655701077821,22.9896738480885
2004-10-31 12:00:00,2004,10,31,NA,14.3113269405969,22.8277008574875
2004-11-01 12:00:00,2004,11,1,NA,11.4740413844328,23.2226635474648
2004-11-02 12:00:00,2004,11,2,NA,10.0839821674373,21.8951117247773
2004-11-03 12:00:00,2004,11,3,NA,4.46066378948668,12.7448312828239
2004-11-04 12:00:00,2004,11,4,NA,5.29684219565205,16.6996035516186
2004-11-05 12:00:00,2004,11,5,NA,8.34399084164118,11.907090435545
2004-11-06 12:00:00,2004,11,6,NA,1.68086252591994,6.3298573819145
2004-11-07 12:00:00,2004,11,7,NA,1.29793152366569,11.9090655283348
2004-11-08 12:00:00,2004,11,8,NA,3.82991808279931,12.2221566991803
2004-11-09 12:00:00,2004,11,9,NA,2.33028225550806,14.4514743895749
2004-11-10 12:00:00,2004,11,10,NA,1.66721799346407,12.099288019456
2004-11-11 12:00:00,2004,11,11,NA,1.39988157036782,11.3281194202246
2004-11-12 12:00:00,2004,11,12,NA,4.97066598698667,15.3338300007695
2004-11-13 12:00:00,2004,11,13,NA,4.3446529916518,18.524558754831
2004-11-14 12:00:00,2004,11,14,NA,3.2415516696919,14.6900526971847
2004-11-15 12:00:00,2004,11,15,NA,5.22684019878706,16.6296015547536
2004-11-16 12:00:00,2004,11,16,NA,4.45074036021211,15.3059368410285
2004-11-17 12:00:00,2004,11,17,NA,3.85344326917282,15.2448643366493
2004-11-18 12:00:00,2004,11,18,NA,5.0717572478452,17.1606468233606
2004-11-19 12:00:00,2004,11,19,NA,3.01190960411456,14.4146709600811
2004-11-20 12:00:00,2004,11,20,NA,4.13040374096902,18.8075622164138
2004-11-21 12:00:00,2004,11,21,NA,6.21276774664862,16.6633458902958
2004-11-22 12:00:00,2004,11,22,NA,2.93407751367909,18.4594884548798
2004-11-23 12:00:00,2004,11,23,NA,-0.41194751170964,15.8649563651865
2004-11-24 12:00:00,2004,11,24,NA,-8.39401138501045,8.28740335664054
2004-11-25 12:00:00,2004,11,25,NA,-1.60676321958264,12.0874796244652
2004-11-26 12:00:00,2004,11,26,NA,5.72243627477564,13.121677363758
2004-11-27 12:00:00,2004,11,27,NA,7.6222268314886,12.7231495858292
2004-11-28 12:00:00,2004,11,28,NA,1.27395765688912,9.53373546691045
2004-11-29 12:00:00,2004,11,29,NA,2.07985080384467,17.265513937443
2004-11-30 12:00:00,2004,11,30,NA,3.07667452717581,17.5043313791747
2004-12-01 12:00:00,2004,12,1,NA,1.82050858353163,14.3859131265949
2004-12-02 12:00:00,2004,12,2,NA,3.53549873604495,11.1362621782491
2004-12-03 12:00:00,2004,12,3,NA,2.97004827128646,9.53920251110037
2004-12-04 12:00:00,2004,12,4,NA,-1.67469166099936,11.4099405906357
2004-12-05 12:00:00,2004,12,5,NA,-4.25992037214336,4.72914904823999
2004-12-06 12:00:00,2004,12,6,NA,-4.24243628271861,7.11819667489803
2004-12-07 12:00:00,2004,12,7,NA,-2.92040795086788,5.88425315756324
2004-12-08 12:00:00,2004,12,8,NA,-2.27692792063151,6.81864830859259
2004-12-09 12:00:00,2004,12,9,NA,0.369551575571894,6.31725164387053
2004-12-10 12:00:00,2004,12,10,NA,-1.34631583626064,7.72334854580133
2004-12-11 12:00:00,2004,12,11,NA,-1.55973396470695,8.64659331831155
2004-12-12 12:00:00,2004,12,12,NA,-0.998680981894188,6.78971136218235
2004-12-13 12:00:00,2004,12,13,NA,1.40754471854665,11.515419256364
2004-12-14 12:00:00,2004,12,14,NA,-1.00988049426537,8.30503883174242
2004-12-15 12:00:00,2004,12,15,NA,0.919725515363694,11.3041600436105
2004-12-16 12:00:00,2004,12,16,NA,-0.0157642798665591,10.3859585761754
2004-12-17 12:00:00,2004,12,17,NA,-0.268945327375901,8.94753320603108
2004-12-18 12:00:00,2004,12,18,NA,-1.39811154900761,9.31648218777767
2004-12-19 12:00:00,2004,12,19,NA,0.120132639472202,2.14755825281763
2004-12-20 12:00:00,2004,12,20,NA,-2.0350915040349,4.84650083140412
2004-12-21 12:00:00,2004,12,21,NA,-4.71038494084138,3.61679487087316
2004-12-22 12:00:00,2004,12,22,NA,-2.09576936767133,2.8079891439212
2004-12-23 12:00:00,2004,12,23,NA,-3.06409233027788,4.05904960301287
2004-12-24 12:00:00,2004,12,24,NA,-1.76722637834641,12.2451793754972
2004-12-25 12:00:00,2004,12,25,NA,0.965680808399216,8.67069145345359
2004-12-26 12:00:00,2004,12,26,NA,-1.25138943370407,8.25874302053647
2004-12-27 12:00:00,2004,12,27,NA,-2.60861392461881,10.5317606481398
2004-12-28 12:00:00,2004,12,28,NA,-2.46840877627266,8.48470238807001
2004-12-29 12:00:00,2004,12,29,NA,-0.863000249080957,11.3709981011872
2004-12-30 12:00:00,2004,12,30,NA,-0.847660135993836,13.6932609143376
2004-12-31 12:00:00,2004,12,31,NA,-0.0463220234074573,11.3428785148721
2005-01-01 12:00:00,2005,1,1,NA,2.72517759602338,13.2562265956538
2005-01-02 12:00:00,2005,1,2,NA,2.40760898234874,11.6136075651116
2005-01-03 12:00:00,2005,1,3,NA,1.20488847785236,11.0898446693546
2005-01-04 12:00:00,2005,1,4,NA,0.790711662773149,8.61424312501158
2005-01-05 12:00:00,2005,1,5,NA,-2.84538908325007,9.63712803155748
2005-01-06 12:00:00,2005,1,6,NA,-1.02290286023235,7.01780277668981
2005-01-07 12:00:00,2005,1,7,NA,-5.60391942729323,0.388041738377334
2005-01-08 12:00:00,2005,1,8,NA,-4.96351859455261,1.11546665823196
2005-01-09 12:00:00,2005,1,9,NA,-6.80968264869534,1.41323650559494
2005-01-10 12:00:00,2005,1,10,NA,-8.3729956123558,-3.28385145507181
2005-01-11 12:00:00,2005,1,11,NA,-9.14674181431401,-5.12073015234049
2005-01-12 12:00:00,2005,1,12,NA,-8.77527549542675,1.17550999064307
2005-01-13 12:00:00,2005,1,13,NA,-12.3933696267412,0.76493609730184
2005-01-14 12:00:00,2005,1,14,NA,-10.1778639507987,3.75216537321839
2005-01-15 12:00:00,2005,1,15,NA,-8.26480738814922,1.16905927108913
2005-01-16 12:00:00,2005,1,16,NA,-14.6857697128461,-3.93351381659695
2005-01-17 12:00:00,2005,1,17,NA,-12.968974157446,4.57360605855276
2005-01-18 12:00:00,2005,1,18,NA,-7.21761610439099,1.86160992578971
2005-01-19 12:00:00,2005,1,19,NA,-7.36976783322745,3.41211889772162
2005-01-20 12:00:00,2005,1,20,NA,-6.42919144291118,4.88666255609966
2005-01-21 12:00:00,2005,1,21,NA,-8.24799227362044,3.99978147381891
2005-01-22 12:00:00,2005,1,22,NA,-8.01342447188837,6.93459434942044
2005-01-23 12:00:00,2005,1,23,NA,-5.74163655689223,6.52186125098371
2005-01-24 12:00:00,2005,1,24,NA,-5.35329218028548,5.23311324270713
2005-01-25 12:00:00,2005,1,25,NA,-5.26867274917261,7.1441957243106
2005-01-26 12:00:00,2005,1,26,NA,-5.22277883865093,4.4475762081299
2005-01-27 12:00:00,2005,1,27,NA,-2.32600207606202,1.84991758035285
2005-01-28 12:00:00,2005,1,28,NA,-4.6558777385765,1.50746867743623
2005-01-29 12:00:00,2005,1,29,NA,-5.60825557170038,5.48261225531975
2005-01-30 12:00:00,2005,1,30,NA,-2.77249034290932,6.80121965145555
2005-01-31 12:00:00,2005,1,31,NA,-3.22375617104069,7.35752360396079
2005-02-01 12:00:00,2005,2,1,NA,-2.69245351128832,7.46466477875127
2005-02-02 12:00:00,2005,2,2,NA,-5.38733462926618,6.78531735972481
2005-02-03 12:00:00,2005,2,3,NA,0.122862789176859,11.2074085765779
2005-02-04 12:00:00,2005,2,4,NA,1.5082288207147,9.73443267620189
2005-02-05 12:00:00,2005,2,5,NA,-1.53871711135873,12.673126648572
2005-02-06 12:00:00,2005,2,6,NA,-1.53283077906147,14.8765399448123
2005-02-07 12:00:00,2005,2,7,NA,-0.541976948431468,15.1578718737495
2005-02-08 12:00:00,2005,2,8,NA,0.365197832754098,15.8304711343517
2005-02-09 12:00:00,2005,2,9,NA,4.25075435349589,9.48960493047389
2005-02-10 12:00:00,2005,2,10,NA,1.62690859572386,8.13208763847769
2005-02-11 12:00:00,2005,2,11,NA,0.112138870165314,10.0944895699926
2005-02-12 12:00:00,2005,2,12,NA,4.22750048609572,10.9279649900255
2005-02-13 12:00:00,2005,2,13,NA,6.39549475810091,14.2085983662785
2005-02-14 12:00:00,2005,2,14,NA,-0.258953114915349,7.76658017908582
2005-02-15 12:00:00,2005,2,15,NA,-0.361472392980145,8.09315034769089
2005-02-16 12:00:00,2005,2,16,NA,-4.14006962667722,3.80508176866954
2005-02-17 12:00:00,2005,2,17,NA,-6.02262495403491,8.94820927292058
2005-02-18 12:00:00,2005,2,18,NA,-1.48890352474881,5.79350179295793
2005-02-19 12:00:00,2005,2,19,NA,-0.669027503747289,10.1458381785242
2005-02-20 12:00:00,2005,2,20,NA,0.426456023349292,10.9023002327391
2005-02-21 12:00:00,2005,2,21,NA,-1.36350876060946,3.87994782759424
2005-02-22 12:00:00,2005,2,22,NA,-2.80240760700733,3.42264619708839
2005-02-23 12:00:00,2005,2,23,NA,-4.68363687986371,11.9393838777448
2005-02-24 12:00:00,2005,2,24,NA,-0.457470036900353,14.9430782466638
2005-02-25 12:00:00,2005,2,25,NA,-0.970043286834855,10.0072457022431
2005-02-26 12:00:00,2005,2,26,NA,-3.75356163499524,3.33874431172679
2005-02-27 12:00:00,2005,2,27,NA,-1.61907788145073,2.92497564621071
2005-02-28 12:00:00,2005,2,28,NA,-2.37299539894769,12.1342982320174
2005-03-01 12:00:00,2005,3,1,NA,1.36234771474178,10.3841567676559
2005-03-02 12:00:00,2005,3,2,NA,-4.09368569022153,12.0199212202521
2005-03-03 12:00:00,2005,3,3,NA,-1.34461005296173,11.3086235614568
2005-03-04 12:00:00,2005,3,4,NA,-3.10180896767751,14.9094137630106
2005-03-05 12:00:00,2005,3,5,NA,-1.6806200644211,7.88741164598404
2005-03-06 12:00:00,2005,3,6,NA,-0.23365228483199,7.72740326812203
2005-03-07 12:00:00,2005,3,7,NA,-1.51986331181902,11.5118734599466
2005-03-08 12:00:00,2005,3,8,NA,0.144308710163218,17.3883508884215
2005-03-09 12:00:00,2005,3,9,NA,1.99519036674731,12.1780025169054
2005-03-10 12:00:00,2005,3,10,NA,0.761450912518477,6.90108202057987
2005-03-11 12:00:00,2005,3,11,NA,-0.743352467464115,10.7018262574061
2005-03-12 12:00:00,2005,3,12,NA,-2.7615489064355,8.19603914742869
2005-03-13 12:00:00,2005,3,13,NA,-1.81413282000211,4.59702492197134
2005-03-14 12:00:00,2005,3,14,NA,-5.25436018086016,11.1154693976391
2005-03-15 12:00:00,2005,3,15,NA,-3.70167491124611,8.45398257389521
2005-03-16 12:00:00,2005,3,16,NA,-1.85382945341796,11.2158400489946
2005-03-17 12:00:00,2005,3,17,NA,-0.735913238736014,19.2033955017416
2005-03-18 12:00:00,2005,3,18,NA,0.537949978449427,12.6921512606789
2005-03-19 12:00:00,2005,3,19,NA,1.00188154815499,12.7595934801586
2005-03-20 12:00:00,2005,3,20,NA,2.55914149926638,14.8111363760825
2005-03-21 12:00:00,2005,3,21,NA,3.18550536237897,14.2690001665143
2005-03-22 12:00:00,2005,3,22,NA,4.23359449085893,10.5307939970497
2005-03-23 12:00:00,2005,3,23,NA,2.63772306517962,14.5537925081911
2005-03-24 12:00:00,2005,3,24,NA,4.31646729954868,17.0243831975039
2005-03-25 12:00:00,2005,3,25,NA,4.72500759794995,15.2013372612059
2005-03-26 12:00:00,2005,3,26,NA,-1.38814052015691,10.2869147164299
2005-03-27 12:00:00,2005,3,27,NA,-0.228859750835378,11.8037105780912
2005-03-28 12:00:00,2005,3,28,NA,2.07348489945111,18.598495194207
2005-03-29 12:00:00,2005,3,29,NA,3.89822423429575,16.0789230537005
2005-03-30 12:00:00,2005,3,30,NA,3.28386906265158,15.9995608602261
2005-03-31 12:00:00,2005,3,31,NA,8.85569222256469,16.9694675345969
2005-04-01 12:00:00,2005,4,1,NA,10.869854617205,21.2890384794353
2005-04-02 12:00:00,2005,4,2,NA,10.1861045097016,18.2935848943867
2005-04-03 12:00:00,2005,4,3,NA,4.38068972366764,11.3361681534946
2005-04-04 12:00:00,2005,4,4,NA,2.40483286516278,21.4282012015096
2005-04-05 12:00:00,2005,4,5,NA,3.63901831460592,21.0308219874861
2005-04-06 12:00:00,2005,4,6,NA,7.2831220171036,18.0808678972926
2005-04-07 12:00:00,2005,4,7,NA,4.07567514350751,13.8957048493646
2005-04-08 12:00:00,2005,4,8,NA,4.0981099358892,21.5763977489102
2005-04-09 12:00:00,2005,4,9,NA,3.4179719435662,17.1216115211185
2005-04-10 12:00:00,2005,4,10,NA,3.07318214396858,17.4642324277781
2005-04-11 12:00:00,2005,4,11,NA,5.39590268090211,16.5034335367886
2005-04-12 12:00:00,2005,4,12,NA,4.1419514472962,19.9625585197409
2005-04-13 12:00:00,2005,4,13,NA,2.44461790436412,22.1657248703681
2005-04-14 12:00:00,2005,4,14,NA,5.56563595690345,23.4034704396072
2005-04-15 12:00:00,2005,4,15,NA,10.3907221764227,23.6324221090075
2005-04-16 12:00:00,2005,4,16,NA,13.9243127908202,20.8715577350854
2005-04-17 12:00:00,2005,4,17,NA,10.0182081013678,22.6477937033154
2005-04-18 12:00:00,2005,4,18,NA,11.7908951060657,20.7125072964335
2005-04-19 12:00:00,2005,4,19,NA,13.2526866620325,20.1330693130125
2005-04-20 12:00:00,2005,4,20,NA,12.5485908335201,19.6161813329635
2005-04-21 12:00:00,2005,4,21,NA,10.7111152905738,24.2229239942455
2005-04-22 12:00:00,2005,4,22,NA,11.9637024774973,21.0064866997096
2005-04-23 12:00:00,2005,4,23,NA,9.93004499511548,12.0034383806939
2005-04-24 12:00:00,2005,4,24,NA,8.89661632091997,11.1412512700366
2005-04-25 12:00:00,2005,4,25,NA,8.39494778501178,15.9641615188361
2005-04-26 12:00:00,2005,4,26,NA,6.86722981928648,20.9747575912928
2005-04-27 12:00:00,2005,4,27,NA,7.93301812346298,18.8555593061976
2005-04-28 12:00:00,2005,4,28,NA,13.8914781332319,18.4981311234654
2005-04-29 12:00:00,2005,4,29,NA,8.93023411696829,23.6933815737104
2005-04-30 12:00:00,2005,4,30,NA,11.2679568351286,25.405815882004
2005-05-01 12:00:00,2005,5,1,NA,10.6669693368336,27.2887682680568
2005-05-02 12:00:00,2005,5,2,NA,17.0066593928388,24.9744399028691
2005-05-03 12:00:00,2005,5,3,NA,15.9811520096067,22.6193762323548
2005-05-04 12:00:00,2005,5,4,NA,13.6238326178482,25.9622091873665
2005-05-05 12:00:00,2005,5,5,NA,13.2078844251013,27.368465557519
2005-05-06 12:00:00,2005,5,6,NA,16.5997230132684,28.3290598648984
2005-05-07 12:00:00,2005,5,7,NA,16.3471806811747,29.0295491359638
2005-05-08 12:00:00,2005,5,8,NA,19.9291993986422,23.350928281217
2005-05-09 12:00:00,2005,5,9,NA,15.9631198011484,27.6818795391896
2005-05-10 12:00:00,2005,5,10,NA,18.5209268023662,22.5418825162244
2005-05-11 12:00:00,2005,5,11,NA,15.1511133326594,23.992871284308
2005-05-12 12:00:00,2005,5,12,NA,12.9895708933099,25.8351736835594
2005-05-13 12:00:00,2005,5,13,NA,11.9404389163433,22.7729848687507
2005-05-14 12:00:00,2005,5,14,NA,11.0953454815199,24.8759031591834
2005-05-15 12:00:00,2005,5,15,NA,9.67984718375087,20.6472251894911
2005-05-16 12:00:00,2005,5,16,NA,11.3783893352743,22.8971294162268
2005-05-17 12:00:00,2005,5,17,NA,13.6957819948002,26.4215869786467
2005-05-18 12:00:00,2005,5,18,NA,12.9748646564559,28.9397822198842
2005-05-19 12:00:00,2005,5,19,NA,14.8440018435752,28.254200248649
2005-05-20 12:00:00,2005,5,20,NA,14.8488780116376,30.4250865664758
2005-05-21 12:00:00,2005,5,21,NA,13.6340151496675,30.6177116575432
2005-05-22 12:00:00,2005,5,22,NA,18.7174713294452,30.8356962792841
2005-05-23 12:00:00,2005,5,23,NA,15.8891135252914,28.7149784919912
2005-05-24 12:00:00,2005,5,24,NA,15.7359469891793,30.1839840370257
2005-05-25 12:00:00,2005,5,25,NA,13.5865385764232,27.0226268695006
2005-05-26 12:00:00,2005,5,26,NA,13.0045772314463,29.9882737393221
2005-05-27 12:00:00,2005,5,27,NA,14.6441997151868,22.7579886652243
2005-05-28 12:00:00,2005,5,28,NA,13.8975104338284,25.8049078722277
2005-05-29 12:00:00,2005,5,29,NA,13.6558649584766,24.1172872496554
2005-05-30 12:00:00,2005,5,30,NA,14.3302979633147,26.9746648656694
2005-05-31 12:00:00,2005,5,31,NA,13.0661560673488,31.8276227808685
2005-06-01 12:00:00,2005,6,1,NA,14.6915553209291,31.3954088994453
2005-06-02 12:00:00,2005,6,2,NA,20.9618159294341,25.8604604692423
2005-06-03 12:00:00,2005,6,3,NA,19.5961237162968,25.9111154802109
2005-06-04 12:00:00,2005,6,4,NA,16.8316109356794,27.7418090010061
2005-06-05 12:00:00,2005,6,5,NA,18.607282368082,24.3517524051203
2005-06-06 12:00:00,2005,6,6,NA,18.0560850867103,21.915838347461
2005-06-07 12:00:00,2005,6,7,NA,20.0666893788964,23.1411872189728
2005-06-08 12:00:00,2005,6,8,NA,19.4829931341017,23.50769500963
2005-06-09 12:00:00,2005,6,9,NA,19.6258308706567,25.6637352573667
2005-06-10 12:00:00,2005,6,10,NA,20.0384492548929,29.2133001427226
2005-06-11 12:00:00,2005,6,11,NA,19.3529015140467,33.944742194919
2005-06-12 12:00:00,2005,6,12,NA,21.1298284449563,34.2691990307615
2005-06-13 12:00:00,2005,6,13,NA,20.6439048065797,32.7331948517559
2005-06-14 12:00:00,2005,6,14,NA,18.8786786039893,33.0151730636963
2005-06-15 12:00:00,2005,6,15,NA,19.993636586333,34.81936234029
2005-06-16 12:00:00,2005,6,16,NA,19.9318090672063,34.2950240330957
2005-06-17 12:00:00,2005,6,17,NA,22.6801223550323,31.6206869222378
2005-06-18 12:00:00,2005,6,18,NA,22.323896614553,30.4956147774846
2005-06-19 12:00:00,2005,6,19,NA,22.4820432304701,28.1307868591082
2005-06-20 12:00:00,2005,6,20,NA,18.9347359027257,30.9926724133968
2005-06-21 12:00:00,2005,6,21,NA,20.3994374889477,32.8445116147803
2005-06-22 12:00:00,2005,6,22,NA,21.1521889729211,32.6326501857274
2005-06-23 12:00:00,2005,6,23,NA,23.170896997394,30.2157568379712
2005-06-24 12:00:00,2005,6,24,NA,22.599926019224,27.96740969894
2005-06-25 12:00:00,2005,6,25,NA,21.5575967744905,27.4838179658306
2005-06-26 12:00:00,2005,6,26,NA,21.6193644637326,29.7567187204399
2005-06-27 12:00:00,2005,6,27,NA,22.0620645062253,28.1295814768634
2005-06-28 12:00:00,2005,6,28,NA,20.8138080088619,31.8922373478746
2005-06-29 12:00:00,2005,6,29,NA,21.0213957471655,28.0845519609885
2005-06-30 12:00:00,2005,6,30,NA,21.8750311846488,26.5725221723575
2005-07-01 12:00:00,2005,7,1,NA,20.7790301916506,29.4153153501636
2005-07-02 12:00:00,2005,7,2,NA,19.5779943160627,24.6203516519242
2005-07-03 12:00:00,2005,7,3,NA,19.0315831263871,27.2672385963553
2005-07-04 12:00:00,2005,7,4,NA,18.7968299261073,28.478634393789
2005-07-05 12:00:00,2005,7,5,NA,17.9549132892519,24.4801938479003
2005-07-06 12:00:00,2005,7,6,NA,18.9806437387288,28.6653182919351
2005-07-07 12:00:00,2005,7,7,NA,20.7703329859114,29.6748665921659
2005-07-08 12:00:00,2005,7,8,NA,20.6951531034113,30.1418810487538
2005-07-09 12:00:00,2005,7,9,NA,23.0294845947143,32.5870100726455
2005-07-10 12:00:00,2005,7,10,NA,23.8773760109806,34.8913560394945
2005-07-11 12:00:00,2005,7,11,NA,26.0937823450451,32.3979392592258
2005-07-12 12:00:00,2005,7,12,NA,25.495608771124,33.2830326279977
2005-07-13 12:00:00,2005,7,13,NA,19.687406978003,29.3240972356889
2005-07-14 12:00:00,2005,7,14,NA,20.93389604996,30.2135124211983
2005-07-15 12:00:00,2005,7,15,NA,23.2792205559612,31.7902676415997
2005-07-16 12:00:00,2005,7,16,NA,24.579212959768,32.8447722199831
2005-07-17 12:00:00,2005,7,17,NA,24.9381559492925,32.7176961713821
2005-07-18 12:00:00,2005,7,18,NA,26.1340585836123,30.8050737628663
2005-07-19 12:00:00,2005,7,19,NA,24.927756489912,28.786607955471
2005-07-20 12:00:00,2005,7,20,NA,22.8643943998943,24.7325117713877
2005-07-21 12:00:00,2005,7,21,NA,22.7205376904286,27.5560736392149
2005-07-22 12:00:00,2005,7,22,NA,21.5194191994599,27.0739019543282
2005-07-23 12:00:00,2005,7,23,NA,21.6672502292296,27.6274291547703
2005-07-24 12:00:00,2005,7,24,NA,23.0418995885555,30.0061857090697
2005-07-25 12:00:00,2005,7,25,NA,25.9523383345206,33.4773412194784
2005-07-26 12:00:00,2005,7,26,NA,24.9922421048467,33.6846607982311
2005-07-27 12:00:00,2005,7,27,NA,28.0802426689572,33.0511302111654
2005-07-28 12:00:00,2005,7,28,NA,27.6515536353505,34.7667956489066
2005-07-29 12:00:00,2005,7,29,NA,27.7702881338582,33.9886303536589
2005-07-30 12:00:00,2005,7,30,NA,27.570434875699,32.5395196428609
2005-07-31 12:00:00,2005,7,31,NA,24.6720019422481,34.5122546550783
2005-08-01 12:00:00,2005,8,1,NA,27.006782613269,35.0406586133768
2005-08-02 12:00:00,2005,8,2,NA,27.1543934061945,34.4247355412699
2005-08-03 12:00:00,2005,8,3,NA,27.5019853529881,35.7764070551393
2005-08-04 12:00:00,2005,8,4,NA,27.3811478637089,36.4066441106956
2005-08-05 12:00:00,2005,8,5,NA,27.1685382015533,31.6550864372586
2005-08-06 12:00:00,2005,8,6,NA,27.017920699311,33.7542123935261
2005-08-07 12:00:00,2005,8,7,NA,23.2825395877208,31.8306183814132
2005-08-08 12:00:00,2005,8,8,NA,24.1031151566458,34.034534072516
2005-08-09 12:00:00,2005,8,9,NA,24.565555641508,33.4359042766612
2005-08-10 12:00:00,2005,8,10,NA,24.3985767806605,31.9027027336042
2005-08-11 12:00:00,2005,8,11,NA,25.6165240731143,29.5226312068358
2005-08-12 12:00:00,2005,8,12,NA,26.7401580116695,33.7355431548756
2005-08-13 12:00:00,2005,8,13,NA,26.5481844009609,33.2683624774209
2005-08-14 12:00:00,2005,8,14,NA,26.6345868258363,35.2932333406053
2005-08-15 12:00:00,2005,8,15,NA,25.8894705619369,34.7759990497377
2005-08-16 12:00:00,2005,8,16,NA,26.0565427651305,32.4193895902215
2005-08-17 12:00:00,2005,8,17,NA,24.5791998386932,34.2053560738471
2005-08-18 12:00:00,2005,8,18,NA,26.9918595748387,32.7609839223251
2005-08-19 12:00:00,2005,8,19,NA,25.9311465367397,31.3220127605916
2005-08-20 12:00:00,2005,8,20,NA,25.8318075256199,28.7199494650835
2005-08-21 12:00:00,2005,8,21,NA,24.5826116315057,35.1477190270862
2005-08-22 12:00:00,2005,8,22,NA,22.5381194828688,33.433865236036
2005-08-23 12:00:00,2005,8,23,NA,22.6357106640613,35.9440479643476
2005-08-24 12:00:00,2005,8,24,NA,24.3203409802543,33.4611897676579
2005-08-25 12:00:00,2005,8,25,NA,22.4121365217303,28.574900118154
2005-08-26 12:00:00,2005,8,26,NA,21.9909587784097,29.3266619761743
2005-08-27 12:00:00,2005,8,27,NA,21.6702614010749,30.1791389382255
2005-08-28 12:00:00,2005,8,28,NA,21.171223544239,29.8144528198834
2005-08-29 12:00:00,2005,8,29,NA,20.3941801436002,28.0735478807262
2005-08-30 12:00:00,2005,8,30,NA,20.4873858909062,29.4634134134209
2005-08-31 12:00:00,2005,8,31,NA,23.4863516806297,29.2539375303832
2005-09-01 12:00:00,2005,9,1,NA,20.9250896805876,27.6446588631394
2005-09-02 12:00:00,2005,9,2,NA,20.2298446232886,30.4266858295841
2005-09-03 12:00:00,2005,9,3,NA,18.3354230087041,31.4894546131562
2005-09-04 12:00:00,2005,9,4,NA,17.1398125375484,27.8753755391994
2005-09-05 12:00:00,2005,9,5,NA,18.9845913794617,30.2849386797235
2005-09-06 12:00:00,2005,9,6,NA,20.2374476167823,29.2511933617496
2005-09-07 12:00:00,2005,9,7,NA,17.7238109310432,27.3439023581288
2005-09-08 12:00:00,2005,9,8,NA,19.8319499236812,23.6819209408598
2005-09-09 12:00:00,2005,9,9,NA,20.7214780983399,29.7352238433072
2005-09-10 12:00:00,2005,9,10,NA,16.7551868955659,24.2276311379048
2005-09-11 12:00:00,2005,9,11,NA,16.5926029526841,25.9726336373454
2005-09-12 12:00:00,2005,9,12,NA,17.4135915427198,26.1212251926941
2005-09-13 12:00:00,2005,9,13,NA,19.0954710405274,23.5323835275889
2005-09-14 12:00:00,2005,9,14,NA,17.6510877978543,25.8256111593515
2005-09-15 12:00:00,2005,9,15,NA,18.2091898691879,27.5645166815238
2005-09-16 12:00:00,2005,9,16,NA,19.024125920434,28.1493589829172
2005-09-17 12:00:00,2005,9,17,NA,20.2537809467344,31.5541282469962
2005-09-18 12:00:00,2005,9,18,NA,23.259682154936,31.9673158049103
2005-09-19 12:00:00,2005,9,19,NA,19.376295678219,30.2607883000943
2005-09-20 12:00:00,2005,9,20,NA,17.5297473436637,30.6475810449021
2005-09-21 12:00:00,2005,9,21,NA,19.1812799359628,32.6069006088411
2005-09-22 12:00:00,2005,9,22,NA,14.6596288574877,23.4197295804667
2005-09-23 12:00:00,2005,9,23,NA,14.6276232310792,23.9829500434151
2005-09-24 12:00:00,2005,9,24,NA,16.4649597507226,21.8560487495302
2005-09-25 12:00:00,2005,9,25,NA,15.9240517286105,23.5930006594508
2005-09-26 12:00:00,2005,9,26,NA,14.0413169748892,27.4529375183795
2005-09-27 12:00:00,2005,9,27,NA,17.891231099541,28.8457562045056
2005-09-28 12:00:00,2005,9,28,NA,18.4634658650391,24.4517837548406
2005-09-29 12:00:00,2005,9,29,NA,14.7302513110416,26.1106480760747
2005-09-30 12:00:00,2005,9,30,NA,13.6217895424808,25.759557859093
2005-10-01 12:00:00,2005,10,1,NA,12.6414427104618,23.1847346263318
2005-10-02 12:00:00,2005,10,2,NA,12.5609375816427,25.3133995909637
2005-10-03 12:00:00,2005,10,3,NA,12.3191201499607,23.7763552935192
2005-10-04 12:00:00,2005,10,4,NA,11.5383341916193,23.1763694044031
2005-10-05 12:00:00,2005,10,5,NA,7.94639267475188,17.3289152061835
2005-10-06 12:00:00,2005,10,6,NA,13.5577957107182,21.4578598284088
2005-10-07 12:00:00,2005,10,7,NA,11.8782988106218,25.2565701778965
2005-10-08 12:00:00,2005,10,8,NA,12.1599913992347,23.3526719904576
2005-10-09 12:00:00,2005,10,9,NA,8.77089266039924,23.9960998512974
2005-10-10 12:00:00,2005,10,10,NA,10.173070602699,27.3832173290856
2005-10-11 12:00:00,2005,10,11,NA,13.1564110188084,27.5042243389665
2005-10-12 12:00:00,2005,10,12,NA,13.4427633287305,25.0058806649505
2005-10-13 12:00:00,2005,10,13,NA,10.0768396829694,24.4355799007462
2005-10-14 12:00:00,2005,10,14,NA,14.0035595632285,21.5412754424582
2005-10-15 12:00:00,2005,10,15,NA,11.8694530038108,20.4900529712169
2005-10-16 12:00:00,2005,10,16,NA,13.5887280078365,17.5794496135191
2005-10-17 12:00:00,2005,10,17,NA,10.6049720798698,19.1676504723443
2005-10-18 12:00:00,2005,10,18,NA,9.4209559726017,20.9840733088217
2005-10-19 12:00:00,2005,10,19,NA,9.8828271307158,27.1296497827835
2005-10-20 12:00:00,2005,10,20,NA,12.2183003621936,26.836523271632
2005-10-21 12:00:00,2005,10,21,NA,11.1450074824218,20.2327815449573
2005-10-22 12:00:00,2005,10,22,NA,11.9818319979618,25.1206892022206
2005-10-23 12:00:00,2005,10,23,NA,12.9516684934447,23.2199347756557
2005-10-24 12:00:00,2005,10,24,NA,11.620483850648,23.8339543736159
2005-10-25 12:00:00,2005,10,25,NA,10.9200596351711,24.4588589532873
2005-10-26 12:00:00,2005,10,26,NA,12.1997642007937,23.8804677796951
2005-10-27 12:00:00,2005,10,27,NA,10.0310530265389,20.9879850323517
2005-10-28 12:00:00,2005,10,28,NA,8.55076168117118,20.1894438872387
2005-10-29 12:00:00,2005,10,29,NA,9.46637678076177,20.5470115582697
2005-10-30 12:00:00,2005,10,30,NA,7.21870753409186,21.8390645378981
2005-10-31 12:00:00,2005,10,31,NA,8.12804175517106,19.9888758694533
2005-11-01 12:00:00,2005,11,1,NA,8.02808611008888,18.5483953383371
2005-11-02 12:00:00,2005,11,2,NA,8.47512828416114,17.0939938992223
2005-11-03 12:00:00,2005,11,3,NA,9.13507543330154,14.3198420231168
2005-11-04 12:00:00,2005,11,4,NA,7.75349414001585,14.8894351354244
2005-11-05 12:00:00,2005,11,5,NA,10.2223425354355,20.5332932303443
2005-11-06 12:00:00,2005,11,6,NA,7.88947027624781,19.975637763681
2005-11-07 12:00:00,2005,11,7,NA,8.29594860161709,19.6353263472266
2005-11-08 12:00:00,2005,11,8,NA,8.95293371323411,17.2152851006699
2005-11-09 12:00:00,2005,11,9,NA,7.88140010831888,19.3374033039578
2005-11-10 12:00:00,2005,11,10,NA,4.54196686826733,18.5894188507329
2005-11-11 12:00:00,2005,11,11,NA,4.96898591476361,18.6525452171938
2005-11-12 12:00:00,2005,11,12,NA,3.96806155228984,14.3039201459309
2005-11-13 12:00:00,2005,11,13,NA,6.42997773651112,16.7854225906918
2005-11-14 12:00:00,2005,11,14,NA,4.49806095359406,17.9224285640421
2005-11-15 12:00:00,2005,11,15,NA,5.00252645163647,15.65482505423
2005-11-16 12:00:00,2005,11,16,NA,3.96487882607582,17.431263973324
2005-11-17 12:00:00,2005,11,17,NA,5.88092429793218,16.2416852979218
2005-11-18 12:00:00,2005,11,18,NA,3.04939985448003,13.4125638682629
2005-11-19 12:00:00,2005,11,19,NA,1.72633344942427,14.0436699081993
2005-11-20 12:00:00,2005,11,20,NA,1.64888993749797,9.52945354087165
2005-11-21 12:00:00,2005,11,21,NA,0.930997063374922,10.9218341424866
2005-11-22 12:00:00,2005,11,22,NA,1.6380749839628,4.74337601246526
2005-11-23 12:00:00,2005,11,23,NA,-1.36503734781799,8.79859761203095
2005-11-24 12:00:00,2005,11,24,NA,-1.887235056086,13.1066214932044
2005-11-25 12:00:00,2005,11,25,NA,0.757989670362978,15.0836498581816
2005-11-26 12:00:00,2005,11,26,NA,0.44887405341608,14.6198068230157
2005-11-27 12:00:00,2005,11,27,NA,1.65749897225693,8.4475416037856
2005-11-28 12:00:00,2005,11,28,NA,2.08215285908208,9.81755717483916
2005-11-29 12:00:00,2005,11,29,NA,0.367179085563482,12.9241593053403
2005-11-30 12:00:00,2005,11,30,NA,1.98516177367539,12.6806312071897
2005-12-01 12:00:00,2005,12,1,NA,3.13706821279274,12.8135775420314
2005-12-02 12:00:00,2005,12,2,NA,5.04303375629772,12.9235973596714
2005-12-03 12:00:00,2005,12,3,NA,2.80565947599126,8.08484384387634
2005-12-04 12:00:00,2005,12,4,NA,0.505090055310633,10.6491496059701
2005-12-05 12:00:00,2005,12,5,NA,5.02645360728751,14.7015328037525
2005-12-06 12:00:00,2005,12,6,NA,4.27157948357791,16.2319063772504
2005-12-07 12:00:00,2005,12,7,NA,-2.21118546911611,7.75161078583026
2005-12-08 12:00:00,2005,12,8,NA,-3.58969708815357,10.1748983870552
2005-12-09 12:00:00,2005,12,9,NA,-1.79719768422772,11.7471626041447
2005-12-10 12:00:00,2005,12,10,NA,-1.17027173241165,13.2006781543162
2005-12-11 12:00:00,2005,12,11,NA,1.60980324273799,13.114984163427
2005-12-12 12:00:00,2005,12,12,NA,1.76377943158569,15.1331548659042
2005-12-13 12:00:00,2005,12,13,NA,1.75291704929391,15.9810053000053
2005-12-14 12:00:00,2005,12,14,NA,4.02607327230343,14.0641359836976
2005-12-15 12:00:00,2005,12,15,NA,4.79537101201948,10.7807317576073
2005-12-16 12:00:00,2005,12,16,NA,1.9923873746641,9.14257138573469
2005-12-17 12:00:00,2005,12,17,NA,-0.344294923609383,7.45169086316547
2005-12-18 12:00:00,2005,12,18,NA,-4.14786032980664,1.85443164733584
2005-12-19 12:00:00,2005,12,19,NA,-2.07776161857672,7.40764342825855
2005-12-20 12:00:00,2005,12,20,NA,-5.45511698500667,1.62521833940798
2005-12-21 12:00:00,2005,12,21,NA,-3.55527505889413,8.09158868019905
2005-12-22 12:00:00,2005,12,22,NA,-6.07781640419855,3.59726279226648
2005-12-23 12:00:00,2005,12,23,NA,-7.97027748848728,6.37418697963198
2005-12-24 12:00:00,2005,12,24,NA,-3.74355356705662,5.57136575895117
2005-12-25 12:00:00,2005,12,25,NA,-4.93149225330164,8.98629476433602
2005-12-26 12:00:00,2005,12,26,NA,-2.03783413704287,7.67019512892048
2005-12-27 12:00:00,2005,12,27,NA,-2.33073760359705,7.73471471656107
2005-12-28 12:00:00,2005,12,28,NA,-5.87719319578732,4.41330306519023
2005-12-29 12:00:00,2005,12,29,NA,-11.167463124615,6.92456691619765
2005-12-30 12:00:00,2005,12,30,NA,-7.09245011404883,7.44847093628264
2005-12-31 12:00:00,2005,12,31,NA,-5.65013983730094,8.6124159589616
2006-01-01 12:00:00,2006,1,1,NA,-4.46000028667669,9.79429149913639
2006-01-02 12:00:00,2006,1,2,NA,-8.42849841035127,4.7461714900709
2006-01-03 12:00:00,2006,1,3,NA,-2.75300150858193,9.64175605070479
2006-01-04 12:00:00,2006,1,4,NA,-0.425833827602945,9.78626194242451
2006-01-05 12:00:00,2006,1,5,NA,-0.935708001807332,7.97471243944807
2006-01-06 12:00:00,2006,1,6,NA,-5.92312947545239,6.45187282742006
2006-01-07 12:00:00,2006,1,7,NA,-5.11509239871524,5.77575550126777
2006-01-08 12:00:00,2006,1,8,NA,-0.882231560396368,6.76928849596731
2006-01-09 12:00:00,2006,1,9,NA,-3.070734223026,9.08985631267127
2006-01-10 12:00:00,2006,1,10,NA,-3.76449627722481,8.67121320790798
2006-01-11 12:00:00,2006,1,11,NA,-2.70073738176291,11.12819030427
2006-01-12 12:00:00,2006,1,12,NA,-1.70792606400536,12.1370634628927
2006-01-13 12:00:00,2006,1,13,NA,-2.84271158881355,7.41458115219377
2006-01-14 12:00:00,2006,1,14,NA,-0.924366983222003,11.8380213160015
2006-01-15 12:00:00,2006,1,15,NA,-1.67541671700663,12.17089283932
2006-01-16 12:00:00,2006,1,16,NA,0.754696098914421,15.3304642492149
2006-01-17 12:00:00,2006,1,17,NA,2.41853118275483,13.0351239345707
2006-01-18 12:00:00,2006,1,18,NA,1.54197427328517,10.4523947145406
2006-01-19 12:00:00,2006,1,19,NA,-2.58706200095805,8.32681023121632
2006-01-20 12:00:00,2006,1,20,NA,-1.78641917142487,10.0999705385542
2006-01-21 12:00:00,2006,1,21,NA,-2.0103013893533,9.83069754460793
2006-01-22 12:00:00,2006,1,22,NA,-1.11610723481281,8.11286154570591
2006-01-23 12:00:00,2006,1,23,NA,-2.3824208855694,2.737515797651
2006-01-24 12:00:00,2006,1,24,NA,-4.90471844987427,-0.570359867697706
2006-01-25 12:00:00,2006,1,25,NA,-5.57370464660744,5.64475613651093
2006-01-26 12:00:00,2006,1,26,NA,-6.26811751143514,8.15698267565216
2006-01-27 12:00:00,2006,1,27,NA,-2.79206498172841,6.29355729258416
2006-01-28 12:00:00,2006,1,28,NA,0.0766115429194953,5.88128439732835
2006-01-29 12:00:00,2006,1,29,NA,0.979668273653977,7.12965108560863
2006-01-30 12:00:00,2006,1,30,NA,0.899495290137686,9.98511756445026
2006-01-31 12:00:00,2006,1,31,NA,0.878447257626529,12.4421121517581
2006-02-01 12:00:00,2006,2,1,NA,-2.36991406225792,3.21121276786183
2006-02-02 12:00:00,2006,2,2,NA,-8.3067755597986,0.635324026383084
2006-02-03 12:00:00,2006,2,3,NA,-6.64108859548165,9.89140890807565
2006-02-04 12:00:00,2006,2,4,NA,-1.54161078275177,10.1729397430884
2006-02-05 12:00:00,2006,2,5,NA,-2.02856081225652,11.6947556741855
2006-02-06 12:00:00,2006,2,6,NA,-2.21125799830331,10.0166413683835
2006-02-07 12:00:00,2006,2,7,NA,-4.14715789854736,4.23544457835656
2006-02-08 12:00:00,2006,2,8,NA,-6.76547134139175,5.53271058004041
2006-02-09 12:00:00,2006,2,9,NA,-3.49181663268899,5.70262274147909
2006-02-10 12:00:00,2006,2,10,NA,-5.46907640154399,1.98261383712107
2006-02-11 12:00:00,2006,2,11,NA,-7.32922577281844,3.39196260117384
2006-02-12 12:00:00,2006,2,12,NA,-6.29049809682796,9.18389901923935
2006-02-13 12:00:00,2006,2,13,NA,-6.60952282122375,3.0561187483963
2006-02-14 12:00:00,2006,2,14,NA,-4.39059151095601,2.93017527258145
2006-02-15 12:00:00,2006,2,15,NA,-3.98153221566773,6.901823854653
2006-02-16 12:00:00,2006,2,16,NA,-7.09350422756926,6.15024787097153
2006-02-17 12:00:00,2006,2,17,NA,-4.6367153267191,5.67596738716161
2006-02-18 12:00:00,2006,2,18,NA,-3.70490959256464,6.24284916027017
2006-02-19 12:00:00,2006,2,19,NA,-2.44253666671387,5.30931561203352
2006-02-20 12:00:00,2006,2,20,NA,0.837765258485214,8.00144231169317
2006-02-21 12:00:00,2006,2,21,NA,0.962238472405654,14.9605538755455
2006-02-22 12:00:00,2006,2,22,NA,-0.0713657456756192,11.4341957388906
2006-02-23 12:00:00,2006,2,23,NA,2.4700773039161,9.79209114616653
2006-02-24 12:00:00,2006,2,24,NA,7.89787375283176,14.1760890832652
2006-02-25 12:00:00,2006,2,25,NA,4.2589021080107,12.5092963719346
2006-02-26 12:00:00,2006,2,26,NA,-0.977653583680189,16.7090788242991
2006-02-27 12:00:00,2006,2,27,NA,0.128018871511182,15.2417630375757
2006-02-28 12:00:00,2006,2,28,NA,2.11260134666274,16.9194564253905
2006-03-01 12:00:00,2006,3,1,NA,1.1703670116179,16.6647378850026
2006-03-02 12:00:00,2006,3,2,NA,6.54014980437801,11.5392087122733
2006-03-03 12:00:00,2006,3,3,NA,5.25532742516752,8.21043327081825
2006-03-04 12:00:00,2006,3,4,NA,2.26726051121255,12.3659907405566
2006-03-05 12:00:00,2006,3,5,NA,-2.03515932755377,8.123101707442
2006-03-06 12:00:00,2006,3,6,NA,1.36491349397171,11.0776476620617
2006-03-07 12:00:00,2006,3,7,NA,1.33582663184652,14.7616804760481
2006-03-08 12:00:00,2006,3,8,NA,2.76772940946437,11.2035575851738
2006-03-09 12:00:00,2006,3,9,NA,2.51142158266753,12.7026919549493
2006-03-10 12:00:00,2006,3,10,NA,4.49739611546038,15.4671665895616
2006-03-11 12:00:00,2006,3,11,NA,-2.32405992493576,13.6102334006719
2006-03-12 12:00:00,2006,3,12,NA,4.54054177933766,12.7152900296626
2006-03-13 12:00:00,2006,3,13,NA,2.57377081821146,6.56910807619826
2006-03-14 12:00:00,2006,3,14,NA,2.56653293866484,12.5922691766254
2006-03-15 12:00:00,2006,3,15,NA,0.600165494149263,8.7749137444742
2006-03-16 12:00:00,2006,3,16,NA,2.17195923664143,5.97056325992873
2006-03-17 12:00:00,2006,3,17,NA,3.76312073310376,9.84845913372718
2006-03-18 12:00:00,2006,3,18,NA,1.67080620842239,11.2967326607141
2006-03-19 12:00:00,2006,3,19,NA,3.23385009067324,14.133491676277
2006-03-20 12:00:00,2006,3,20,NA,1.2791146355193,13.1111986946267
2006-03-21 12:00:00,2006,3,21,NA,0.169633417989106,16.8896125153833
2006-03-22 12:00:00,2006,3,22,NA,2.98691586348548,17.1742486567379
2006-03-23 12:00:00,2006,3,23,NA,2.47561443628382,17.4511397690021
2006-03-24 12:00:00,2006,3,24,NA,9.6358324311763,12.8111191992564
2006-03-25 12:00:00,2006,3,25,NA,0.485050976555756,7.58041838136989
2006-03-26 12:00:00,2006,3,26,NA,0.0258740692635806,7.68061982156168
2006-03-27 12:00:00,2006,3,27,NA,-1.74952462226931,12.3150086379825
2006-03-28 12:00:00,2006,3,28,NA,-0.912998538612493,17.2538458461125
2006-03-29 12:00:00,2006,3,29,NA,1.04526916360807,17.6595199092541
2006-03-30 12:00:00,2006,3,30,NA,1.81962373433587,19.5002227320866
2006-03-31 12:00:00,2006,3,31,NA,3.96608038592705,18.2045697818424
2006-04-01 12:00:00,2006,4,1,NA,1.32578480576422,15.9768101278691
2006-04-02 12:00:00,2006,4,2,NA,-0.331284923830719,16.5593463822606
2006-04-03 12:00:00,2006,4,3,NA,-0.894041239355619,12.6985073131831
2006-04-04 12:00:00,2006,4,4,NA,-0.885458421393034,18.2442459347731
2006-04-05 12:00:00,2006,4,5,NA,2.55953628644961,22.1649064936827
2006-04-06 12:00:00,2006,4,6,NA,4.63603582318974,22.9589609016025
2006-04-07 12:00:00,2006,4,7,NA,6.75195320588017,22.6132775354453
2006-04-08 12:00:00,2006,4,8,NA,13.3174520318389,25.5175042328241
2006-04-09 12:00:00,2006,4,9,NA,14.9694313287216,19.8943120663974
2006-04-10 12:00:00,2006,4,10,NA,10.9080417017597,19.1653878551869
2006-04-11 12:00:00,2006,4,11,NA,7.76479734917641,18.060047713404
2006-04-12 12:00:00,2006,4,12,NA,8.52416550766078,18.894141669535
2006-04-13 12:00:00,2006,4,13,NA,7.8580503534436,14.0889784866337
2006-04-14 12:00:00,2006,4,14,NA,6.55937928617981,14.4120441653994
2006-04-15 12:00:00,2006,4,15,NA,5.43731337104429,17.7210063568357
2006-04-16 12:00:00,2006,4,16,NA,3.76717733803443,22.2006382211368
2006-04-17 12:00:00,2006,4,17,NA,6.64137153809948,23.1981215213999
2006-04-18 12:00:00,2006,4,18,NA,7.99796752274386,23.010495598638
2006-04-19 12:00:00,2006,4,19,NA,11.3540880144844,28.2376150405654
2006-04-20 12:00:00,2006,4,20,NA,11.974534865545,21.2982270049059
2006-04-21 12:00:00,2006,4,21,NA,12.4154330920208,18.5423336253896
2006-04-22 12:00:00,2006,4,22,NA,13.4993930638848,18.4242738015607
2006-04-23 12:00:00,2006,4,23,NA,8.72344483117851,16.6599907822342
2006-04-24 12:00:00,2006,4,24,NA,8.32622624555071,22.549622238014
2006-04-25 12:00:00,2006,4,25,NA,12.4064698997627,23.090844282983
2006-04-26 12:00:00,2006,4,26,NA,11.2469426841111,23.022188916768
2006-04-27 12:00:00,2006,4,27,NA,13.7955432603231,22.0528894137502
2006-04-28 12:00:00,2006,4,28,NA,7.34872695870902,18.98614732171
2006-04-29 12:00:00,2006,4,29,NA,9.786221590133,24.7969917015093
2006-04-30 12:00:00,2006,4,30,NA,11.0812146125738,26.8025022091299
2006-05-01 12:00:00,2006,5,1,NA,13.921081049141,31.0080262297419
2006-05-02 12:00:00,2006,5,2,NA,11.2319120158761,26.0917745023785
2006-05-03 12:00:00,2006,5,3,NA,14.8091092330111,27.563855002112
2006-05-04 12:00:00,2006,5,4,NA,16.4875957714737,28.2063555095149
2006-05-05 12:00:00,2006,5,5,NA,13.1753728802306,29.081885766469
2006-05-06 12:00:00,2006,5,6,NA,13.232168039614,27.7863860519927
2006-05-07 12:00:00,2006,5,7,NA,11.9823429313862,25.1873697497563
2006-05-08 12:00:00,2006,5,8,NA,11.9687653144163,26.1319347361056
2006-05-09 12:00:00,2006,5,9,NA,14.1146151689624,24.1650124043637
2006-05-10 12:00:00,2006,5,10,NA,12.5542427128289,26.2531713727218
2006-05-11 12:00:00,2006,5,11,NA,12.2397746292795,28.9767475494265
2006-05-12 12:00:00,2006,5,12,NA,16.4180555049088,25.6891860953625
2006-05-13 12:00:00,2006,5,13,NA,13.3396058971233,24.2059220613552
2006-05-14 12:00:00,2006,5,14,NA,11.9366746780027,26.7024660773663
2006-05-15 12:00:00,2006,5,15,NA,16.5636822912712,22.4396917654278
2006-05-16 12:00:00,2006,5,16,NA,10.4570794390391,19.1394089074975
2006-05-17 12:00:00,2006,5,17,NA,11.4725855350533,19.880346400284
2006-05-18 12:00:00,2006,5,18,NA,9.84841132475191,24.2434210909527
2006-05-19 12:00:00,2006,5,19,NA,9.01765295184094,16.8479816261327
2006-05-20 12:00:00,2006,5,20,NA,10.1472347514623,16.0342148986735
2006-05-21 12:00:00,2006,5,21,NA,9.60590432707684,17.3223898369968
2006-05-22 12:00:00,2006,5,22,NA,10.0610248925679,23.8579541143993
2006-05-23 12:00:00,2006,5,23,NA,9.16472412478058,22.1934426908588
2006-05-24 12:00:00,2006,5,24,NA,11.2052883282202,26.2287350836838
2006-05-25 12:00:00,2006,5,25,NA,14.7584228280694,22.9635886440144
2006-05-26 12:00:00,2006,5,26,NA,14.7535536110046,24.9689594379698
2006-05-27 12:00:00,2006,5,27,NA,13.3657305541437,23.4157585362742
2006-05-28 12:00:00,2006,5,28,NA,12.1661841289079,28.4403637919243
2006-05-29 12:00:00,2006,5,29,NA,14.7770404668345,32.4334458767972
2006-05-30 12:00:00,2006,5,30,NA,16.6013524167398,32.7472935097164
2006-05-31 12:00:00,2006,5,31,NA,16.9394172673922,33.6972409106768
2006-06-01 12:00:00,2006,6,1,NA,19.204152481838,34.2601273554685
2006-06-02 12:00:00,2006,6,2,NA,19.2637261475092,28.7983670228012
2006-06-03 12:00:00,2006,6,3,NA,19.0066320961724,29.4433964340683
2006-06-04 12:00:00,2006,6,4,NA,20.0462769049984,27.7240516062489
2006-06-05 12:00:00,2006,6,5,NA,22.4135653694818,27.4933139572375
2006-06-06 12:00:00,2006,6,6,NA,21.7690146239898,28.2217392632096
2006-06-07 12:00:00,2006,6,7,NA,23.3631648268968,26.3621971773096
2006-06-08 12:00:00,2006,6,8,NA,21.8898613256005,28.2976455212424
2006-06-09 12:00:00,2006,6,9,NA,23.7474158253663,26.7653712405951
2006-06-10 12:00:00,2006,6,10,NA,20.3659999991398,30.2138208674439
2006-06-11 12:00:00,2006,6,11,NA,18.8737573352965,30.4929939420407
2006-06-12 12:00:00,2006,6,12,NA,19.7602420944914,33.0418668883482
2006-06-13 12:00:00,2006,6,13,NA,18.725525117997,28.2994275915821
2006-06-14 12:00:00,2006,6,14,NA,16.5695861333304,25.5117163193873
2006-06-15 12:00:00,2006,6,15,NA,18.0339729125099,28.3987375411346
2006-06-16 12:00:00,2006,6,16,NA,18.6858139877477,26.6065548779499
2006-06-17 12:00:00,2006,6,17,NA,18.9558424059909,28.4835691553615
2006-06-18 12:00:00,2006,6,18,NA,19.3408284743349,28.4579998809821
2006-06-19 12:00:00,2006,6,19,NA,18.7792348495038,30.4551212985664
2006-06-20 12:00:00,2006,6,20,NA,17.567400576558,27.6268841314729
2006-06-21 12:00:00,2006,6,21,NA,17.4787460544296,29.6626684674171
2006-06-22 12:00:00,2006,6,22,NA,21.1395697597994,33.0828575357792
2006-06-23 12:00:00,2006,6,23,NA,23.9421341525178,30.4246841621945
2006-06-24 12:00:00,2006,6,24,NA,22.2791644955784,24.2921188938603
2006-06-25 12:00:00,2006,6,25,NA,21.1035337693551,29.8272127941638
2006-06-26 12:00:00,2006,6,26,NA,18.7983192193675,23.8164065392935
2006-06-27 12:00:00,2006,6,27,NA,17.8711755335866,27.6346664679609
2006-06-28 12:00:00,2006,6,28,NA,18.817364679365,30.1926200085085
2006-06-29 12:00:00,2006,6,29,NA,19.4518254312074,30.8504727649157
2006-06-30 12:00:00,2006,6,30,NA,22.6679203236072,31.4227176635432
2006-07-01 12:00:00,2006,7,1,NA,21.213864431748,29.749630103489
2006-07-02 12:00:00,2006,7,2,NA,21.5972720318137,29.6017813838131
2006-07-03 12:00:00,2006,7,3,NA,22.1848837073776,30.0483530490486
2006-07-04 12:00:00,2006,7,4,NA,22.1545618074086,30.7273026075366
2006-07-05 12:00:00,2006,7,5,NA,24.6952337290488,30.0519325195411
2006-07-06 12:00:00,2006,7,6,NA,19.4563627061356,25.2687936425024
2006-07-07 12:00:00,2006,7,7,NA,18.4700746601649,21.4309015185537
2006-07-08 12:00:00,2006,7,8,NA,17.7114148672153,25.5748842088863
2006-07-09 12:00:00,2006,7,9,NA,19.2574672486122,28.7232175344897
2006-07-10 12:00:00,2006,7,10,NA,18.4439897001868,29.3719057937698
2006-07-11 12:00:00,2006,7,11,NA,20.5015097985603,30.1210239881331
2006-07-12 12:00:00,2006,7,12,NA,18.2479793517584,25.2629001566478
2006-07-13 12:00:00,2006,7,13,NA,18.7071159967327,29.6206099091685
2006-07-14 12:00:00,2006,7,14,NA,20.1534211201112,29.9974019624576
2006-07-15 12:00:00,2006,7,15,NA,23.0047755573225,33.3291704987439
2006-07-16 12:00:00,2006,7,16,NA,24.9750919776777,33.1148402915031
2006-07-17 12:00:00,2006,7,17,NA,25.8988032204276,33.6304288428063
2006-07-18 12:00:00,2006,7,18,NA,25.9358178579305,35.51173898315
2006-07-19 12:00:00,2006,7,19,NA,26.3133835673026,39.1740379251888
2006-07-20 12:00:00,2006,7,20,NA,27.0737305353768,37.3220725310021
2006-07-21 12:00:00,2006,7,21,NA,27.8077845008874,34.7774773017772
2006-07-22 12:00:00,2006,7,22,NA,30.215173593734,35.1832562824477
2006-07-23 12:00:00,2006,7,23,NA,28.4022308926035,34.2091596718482
2006-07-24 12:00:00,2006,7,24,NA,27.606919571531,33.0907127054042
2006-07-25 12:00:00,2006,7,25,NA,27.2688208880816,33.0757496673263
2006-07-26 12:00:00,2006,7,26,NA,24.625976396481,32.9795051478757
2006-07-27 12:00:00,2006,7,27,NA,25.4203604182015,34.9778858961328
2006-07-28 12:00:00,2006,7,28,NA,26.5221647836068,34.5499599321399
2006-07-29 12:00:00,2006,7,29,NA,24.1094039066567,29.8385508455846
2006-07-30 12:00:00,2006,7,30,NA,24.0960664648099,29.600323152203
2006-07-31 12:00:00,2006,7,31,NA,22.2716648579732,26.8021866269471
2006-08-01 12:00:00,2006,8,1,NA,20.2613757659456,29.7098470517692
2006-08-02 12:00:00,2006,8,2,NA,21.9568845785877,30.6960996604588
2006-08-03 12:00:00,2006,8,3,NA,22.3397841546764,29.5541957808497
2006-08-04 12:00:00,2006,8,4,NA,22.6181846185523,32.3273529351829
2006-08-05 12:00:00,2006,8,5,NA,23.7324768407382,29.7748409667346
2006-08-06 12:00:00,2006,8,6,NA,23.046308731832,28.9236419133411
2006-08-07 12:00:00,2006,8,7,NA,24.0091327584293,26.6822156373328
2006-08-08 12:00:00,2006,8,8,NA,22.6197286712328,29.9502050652959
2006-08-09 12:00:00,2006,8,9,NA,25.0339745259254,31.7535437084772
2006-08-10 12:00:00,2006,8,10,NA,28.9114460406809,32.8584914377803
2006-08-11 12:00:00,2006,8,11,NA,25.680207447379,35.043062074161
2006-08-12 12:00:00,2006,8,12,NA,25.5521029380627,34.1209560193313
2006-08-13 12:00:00,2006,8,13,NA,25.1139380207906,34.2483734804232
2006-08-14 12:00:00,2006,8,14,NA,28.1114981730853,31.2672939706883
2006-08-15 12:00:00,2006,8,15,NA,28.3248826597885,30.3006884860763
2006-08-16 12:00:00,2006,8,16,NA,26.1107246130547,33.7910420349908
2006-08-17 12:00:00,2006,8,17,NA,24.8479737072112,34.2108283339932
2006-08-18 12:00:00,2006,8,18,NA,25.0137075003525,32.9185516311874
2006-08-19 12:00:00,2006,8,19,NA,24.6233550158948,33.5321086702212
2006-08-20 12:00:00,2006,8,20,NA,24.8849144872925,28.7321522062333
2006-08-21 12:00:00,2006,8,21,NA,26.2698494848576,29.847933340374
2006-08-22 12:00:00,2006,8,22,NA,23.0040076704811,26.8486711007594
2006-08-23 12:00:00,2006,8,23,NA,22.5225824242489,30.3239591322759
2006-08-24 12:00:00,2006,8,24,NA,22.9189556973148,32.9216935083677
2006-08-25 12:00:00,2006,8,25,NA,22.2697604616665,32.3766771541984
2006-08-26 12:00:00,2006,8,26,NA,22.8257229507906,33.3981332457744
2006-08-27 12:00:00,2006,8,27,NA,22.491686150519,33.0869637217313
2006-08-28 12:00:00,2006,8,28,NA,23.5904963092624,35.1173274157575
2006-08-29 12:00:00,2006,8,29,NA,22.2804480779174,34.4616841299619
2006-08-30 12:00:00,2006,8,30,NA,23.7651418230446,34.2300221888136
2006-08-31 12:00:00,2006,8,31,NA,25.0468722391882,31.1803086235854
2006-09-01 12:00:00,2006,9,1,NA,23.5004472579045,30.7267774012674
2006-09-02 12:00:00,2006,9,2,NA,21.4259765965161,27.1889561623528
2006-09-03 12:00:00,2006,9,3,NA,20.6888949731214,30.7891290536611
2006-09-04 12:00:00,2006,9,4,NA,19.8099208323119,30.0676809847415
2006-09-05 12:00:00,2006,9,5,NA,22.1315653695376,34.1468637907667
2006-09-06 12:00:00,2006,9,6,NA,22.9102214550218,30.8544020866689
2006-09-07 12:00:00,2006,9,7,NA,21.3027554858012,32.8146384408835
2006-09-08 12:00:00,2006,9,8,NA,22.3123655671795,27.5996584365084
2006-09-09 12:00:00,2006,9,9,NA,18.5894616835426,25.7966244294113
2006-09-10 12:00:00,2006,9,10,NA,18.5806676917539,28.1772705085252
2006-09-11 12:00:00,2006,9,11,NA,16.6938317066217,24.2100539430591
2006-09-12 12:00:00,2006,9,12,NA,16.9186895159493,27.1213691587544
2006-09-13 12:00:00,2006,9,13,NA,16.8557429059136,22.6067749071311
2006-09-14 12:00:00,2006,9,14,NA,16.6616285101938,26.541019475362
2006-09-15 12:00:00,2006,9,15,NA,16.1668163767265,29.3208479811786
2006-09-16 12:00:00,2006,9,16,NA,16.3683944318764,28.4898999413496
2006-09-17 12:00:00,2006,9,17,NA,15.9571468158314,24.4889829851688
2006-09-18 12:00:00,2006,9,18,NA,15.7206049905572,26.4119061581293
2006-09-19 12:00:00,2006,9,19,NA,14.5273625561275,27.4975577575432
2006-09-20 12:00:00,2006,9,20,NA,18.0305139153767,26.6912394262136
2006-09-21 12:00:00,2006,9,21,NA,19.5283930113113,31.3075925294812
2006-09-22 12:00:00,2006,9,22,NA,18.6760207008618,27.96741302119
2006-09-23 12:00:00,2006,9,23,NA,20.3421204756755,25.6294133450044
2006-09-24 12:00:00,2006,9,24,NA,21.087285407733,26.1603898403368
2006-09-25 12:00:00,2006,9,25,NA,18.7347781349253,25.9526779270115
2006-09-26 12:00:00,2006,9,26,NA,18.8287849553993,30.1530065412621
2006-09-27 12:00:00,2006,9,27,NA,16.5160374059335,26.9252918859037
2006-09-28 12:00:00,2006,9,28,NA,13.5137083549665,29.0739046210276
2006-09-29 12:00:00,2006,9,29,NA,18.627271479083,22.4104607672595
2006-09-30 12:00:00,2006,9,30,NA,16.3599613937926,25.9498333081689
2006-10-01 12:00:00,2006,10,1,NA,18.8732523372127,21.8586094269265
2006-10-02 12:00:00,2006,10,2,NA,15.9012238880253,25.6123624401468
2006-10-03 12:00:00,2006,10,3,NA,14.6576468097101,30.3499433594963
2006-10-04 12:00:00,2006,10,4,NA,15.3953278949514,31.4746613424528
2006-10-05 12:00:00,2006,10,5,NA,15.5604422237068,27.0750377453807
2006-10-06 12:00:00,2006,10,6,NA,15.4337288180295,27.9424668665152
2006-10-07 12:00:00,2006,10,7,NA,14.5471647629439,26.1703747942777
2006-10-08 12:00:00,2006,10,8,NA,13.6830176692457,23.2968693230815
2006-10-09 12:00:00,2006,10,9,NA,10.4106782123762,16.0817895493926
2006-10-10 12:00:00,2006,10,10,NA,7.81894261120297,20.6583343722001
2006-10-11 12:00:00,2006,10,11,NA,10.3142181119368,21.4349689544309
2006-10-12 12:00:00,2006,10,12,NA,11.204636411344,20.8508548598352
2006-10-13 12:00:00,2006,10,13,NA,11.2741599787791,22.1927565703708
2006-10-14 12:00:00,2006,10,14,NA,9.43982946439854,20.0404617925076
2006-10-15 12:00:00,2006,10,15,NA,8.60972799387409,19.7440790753134
2006-10-16 12:00:00,2006,10,16,NA,9.1147631930117,22.3900474936768
2006-10-17 12:00:00,2006,10,17,NA,10.2311286749207,22.0232497186212
2006-10-18 12:00:00,2006,10,18,NA,15.5738401136565,24.5197098383959
2006-10-19 12:00:00,2006,10,19,NA,13.0549580874217,25.4574443659622
2006-10-20 12:00:00,2006,10,20,NA,13.5637266471289,25.1282352615574
2006-10-21 12:00:00,2006,10,21,NA,11.937356445,25.7632273174298
2006-10-22 12:00:00,2006,10,22,NA,13.0103595148433,24.9834298760303
2006-10-23 12:00:00,2006,10,23,NA,12.9555161173115,22.818822719372
2006-10-24 12:00:00,2006,10,24,NA,12.6108321143254,20.9490162661018
2006-10-25 12:00:00,2006,10,25,NA,10.4774326361878,20.4275661068168
2006-10-26 12:00:00,2006,10,26,NA,11.3250830305078,22.9921634760316
2006-10-27 12:00:00,2006,10,27,NA,9.05649495072538,24.883401001466
2006-10-28 12:00:00,2006,10,28,NA,8.26046197753759,18.7403445560236
2006-10-29 12:00:00,2006,10,29,NA,6.89210914381147,20.0047968426611
2006-10-30 12:00:00,2006,10,30,NA,8.28046933944093,18.1716485216891
2006-10-31 12:00:00,2006,10,31,NA,8.57006727112,18.2702662134377
2006-11-01 12:00:00,2006,11,1,NA,7.53038039256487,18.5176884522626
2006-11-02 12:00:00,2006,11,2,NA,4.74908729075094,19.4944944981424
2006-11-03 12:00:00,2006,11,3,NA,6.8381734629493,21.3091862449383
2006-11-04 12:00:00,2006,11,4,NA,9.32759787465698,21.0540432070843
2006-11-05 12:00:00,2006,11,5,NA,7.77124037963533,20.3333997339326
2006-11-06 12:00:00,2006,11,6,NA,10.5939728846116,19.2109514787129
2006-11-07 12:00:00,2006,11,7,NA,8.88864839197385,15.0456955496482
2006-11-08 12:00:00,2006,11,8,NA,13.6171381603211,18.777993464959
2006-11-09 12:00:00,2006,11,9,NA,9.66491513915923,21.9822515979342
2006-11-10 12:00:00,2006,11,10,NA,12.2817383768504,18.4387855345248
2006-11-11 12:00:00,2006,11,11,NA,8.22507552211797,14.4122797539689
2006-11-12 12:00:00,2006,11,12,NA,6.00764253257377,18.5040700083132
2006-11-13 12:00:00,2006,11,13,NA,3.91745214686823,16.6196715516918
2006-11-14 12:00:00,2006,11,14,NA,9.69753840535268,18.7272588310249
2006-11-15 12:00:00,2006,11,15,NA,5.45098274360536,19.2804453609088
2006-11-16 12:00:00,2006,11,16,NA,4.34217236786828,16.7586588981723
2006-11-17 12:00:00,2006,11,17,NA,4.24563883293692,14.6777088589289
2006-11-18 12:00:00,2006,11,18,NA,4.88086114909585,11.482852643009
2006-11-19 12:00:00,2006,11,19,NA,1.18861550923635,7.68724324967683
2006-11-20 12:00:00,2006,11,20,NA,-2.43913580160495,0.613861783589539
2006-11-21 12:00:00,2006,11,21,NA,-2.9780588156155,8.10732528411615
2006-11-22 12:00:00,2006,11,22,NA,-2.9534735379137,10.8759890793897
2006-11-23 12:00:00,2006,11,23,NA,0.459624592295961,15.6525136927467
2006-11-24 12:00:00,2006,11,24,NA,0.812333480662137,15.9325573056848
2006-11-25 12:00:00,2006,11,25,NA,0.0591135446880688,15.4232583104485
2006-11-26 12:00:00,2006,11,26,NA,0.582508335953896,13.0072185772579
2006-11-27 12:00:00,2006,11,27,NA,1.20632209563808,14.7170724984914
2006-11-28 12:00:00,2006,11,28,NA,0.62197174557017,12.9393082043452
2006-11-29 12:00:00,2006,11,29,NA,3.23188367871918,17.5729856166311
2006-11-30 12:00:00,2006,11,30,NA,0.757366074200795,9.04676435121888
2006-12-01 12:00:00,2006,12,1,NA,-1.38383681845865,7.80027690199133
2006-12-02 12:00:00,2006,12,2,NA,-0.559240103535809,10.403975676626
2006-12-03 12:00:00,2006,12,3,NA,-2.1299433127906,10.1808041362091
2006-12-04 12:00:00,2006,12,4,NA,-1.2615705015748,7.62251815733635
2006-12-05 12:00:00,2006,12,5,NA,-4.42996450230325,11.1150593796112
2006-12-06 12:00:00,2006,12,6,NA,-5.15040262998054,8.19340208752215
2006-12-07 12:00:00,2006,12,7,NA,-0.930952813256279,9.19456758403128
2006-12-08 12:00:00,2006,12,8,NA,1.21230283877441,6.81792627321509
2006-12-09 12:00:00,2006,12,9,NA,-0.129304587429084,10.2724182686129
2006-12-10 12:00:00,2006,12,10,NA,-1.09706744830445,7.99696821774341
2006-12-11 12:00:00,2006,12,11,NA,-0.971205274231428,5.42168699497637
2006-12-12 12:00:00,2006,12,12,NA,-3.16939129503749,5.92464437101036
2006-12-13 12:00:00,2006,12,13,NA,-3.52113250409555,2.54383403336735
2006-12-14 12:00:00,2006,12,14,NA,-2.11935673342937,5.29083645343824
2006-12-15 12:00:00,2006,12,15,NA,-0.967057214176568,11.2091203951572
2006-12-16 12:00:00,2006,12,16,NA,1.13657464455772,14.7836238590917
2006-12-17 12:00:00,2006,12,17,NA,4.07808082118567,11.3691724732553
2006-12-18 12:00:00,2006,12,18,NA,-0.0847025685243175,12.5946920992477
2006-12-19 12:00:00,2006,12,19,NA,1.19656526697622,12.4850552835299
2006-12-20 12:00:00,2006,12,20,NA,0.903511534471366,11.1235068746934
2006-12-21 12:00:00,2006,12,21,NA,0.904541072477755,13.037518260628
2006-12-22 12:00:00,2006,12,22,NA,1.20209846066883,13.5971104721241
2006-12-23 12:00:00,2006,12,23,NA,-0.149175605167762,15.3250903223799
2006-12-24 12:00:00,2006,12,24,NA,-0.334134265997643,7.80286032406886
2006-12-25 12:00:00,2006,12,25,NA,2.70947965189987,5.74200102018008
2006-12-26 12:00:00,2006,12,26,NA,-3.97844473161994,3.35321275419455
2006-12-27 12:00:00,2006,12,27,NA,-1.56041151574582,11.595939087157
2006-12-28 12:00:00,2006,12,28,NA,-1.26634204295087,5.01066339142539
2006-12-29 12:00:00,2006,12,29,NA,-3.73805261750618,9.42342649886442
2006-12-30 12:00:00,2006,12,30,NA,-5.07421122483565,6.28028359235656
2006-12-31 12:00:00,2006,12,31,NA,-6.52214304910814,4.60262055957917
2007-01-01 12:00:00,2007,1,1,NA,-7.56274069242057,2.54397789687369
2007-01-02 12:00:00,2007,1,2,NA,-4.8325603013145,4.10264482479173
2007-01-03 12:00:00,2007,1,3,NA,-8.43249735315598,-1.34229386602109
2007-01-04 12:00:00,2007,1,4,NA,-7.6808456082015,4.80167150660605
2007-01-05 12:00:00,2007,1,5,NA,-6.73682617243277,1.95669089106899
2007-01-06 12:00:00,2007,1,6,NA,-7.20086018526885,2.07335240705025
2007-01-07 12:00:00,2007,1,7,NA,-7.78717546281672,6.14285386120041
2007-01-08 12:00:00,2007,1,8,NA,-11.740652396348,-6.5770278815987
2007-01-09 12:00:00,2007,1,9,NA,-13.0966868049621,-5.31106528865558
2007-01-10 12:00:00,2007,1,10,NA,-13.0470366785197,1.93237979600262
2007-01-11 12:00:00,2007,1,11,NA,-9.4330399351189,-0.344935186890492
2007-01-12 12:00:00,2007,1,12,NA,-6.80227079791443,6.64347829042767
2007-01-13 12:00:00,2007,1,13,NA,-7.22367980876241,3.06297530489522
2007-01-14 12:00:00,2007,1,14,NA,-7.80114378508739,-1.02483680503904
2007-01-15 12:00:00,2007,1,15,NA,-5.06184615186389,4.51186384250098
2007-01-16 12:00:00,2007,1,16,NA,-6.32485380623201,3.76645020796275
2007-01-17 12:00:00,2007,1,17,NA,-5.52715685064692,5.53326559424968
2007-01-18 12:00:00,2007,1,18,NA,-8.4176261764392,2.89354291015634
2007-01-19 12:00:00,2007,1,19,NA,-6.33629389153466,3.88069614644041
2007-01-20 12:00:00,2007,1,20,NA,-1.21191420541814,4.8171073036914
2007-01-21 12:00:00,2007,1,21,NA,0.369539159720388,4.61691412493236
2007-01-22 12:00:00,2007,1,22,NA,-4.93354058472922,-1.23352949333475
2007-01-23 12:00:00,2007,1,23,NA,-5.15969044080991,5.12696467284772
2007-01-24 12:00:00,2007,1,24,NA,-4.98125120912686,8.39536463081336
2007-01-25 12:00:00,2007,1,25,NA,-1.28634314330853,11.8719625807345
2007-01-26 12:00:00,2007,1,26,NA,-1.09919785910889,6.1013604766874
2007-01-27 12:00:00,2007,1,27,NA,0.765501112621525,7.07194242640684
2007-01-28 12:00:00,2007,1,28,NA,-3.35400457954236,7.96184941946848
2007-01-29 12:00:00,2007,1,29,NA,-3.9145081048909,7.98163995249279
2007-01-30 12:00:00,2007,1,30,NA,-5.84118838993659,2.27028058443483
2007-01-31 12:00:00,2007,1,31,NA,-4.66856919271889,2.67641161209252
2007-02-01 12:00:00,2007,2,1,NA,-5.98586895216803,1.44180580463263
2007-02-02 12:00:00,2007,2,2,NA,-5.56966258122216,3.03787952182069
2007-02-03 12:00:00,2007,2,3,NA,-4.1223781655068,1.1023664898079
2007-02-04 12:00:00,2007,2,4,NA,-6.05818803072859,2.13602203540062
2007-02-05 12:00:00,2007,2,5,NA,-8.57694529372225,-1.26989932716389
2007-02-06 12:00:00,2007,2,6,NA,-8.77219157234544,1.73197216614601
2007-02-07 12:00:00,2007,2,7,NA,-6.6741533400457,-2.49583181356457
2007-02-08 12:00:00,2007,2,8,NA,-7.81150551965983,-2.74767219577995
2007-02-09 12:00:00,2007,2,9,NA,-4.9420806133859,2.37143555979963
2007-02-10 12:00:00,2007,2,10,NA,-1.92757010059226,5.00092177336403
2007-02-11 12:00:00,2007,2,11,NA,-1.46994417563371,2.65865333853786
2007-02-12 12:00:00,2007,2,12,NA,-2.9708367843976,1.17580196456419
2007-02-13 12:00:00,2007,2,13,NA,-4.03764195713973,2.63955208216614
2007-02-14 12:00:00,2007,2,14,NA,-2.0500543495087,6.48105875228429
2007-02-15 12:00:00,2007,2,15,NA,-4.64568945012048,4.08800103607888
2007-02-16 12:00:00,2007,2,16,NA,-3.92572942766118,10.3010932942116
2007-02-17 12:00:00,2007,2,17,NA,-3.18908435729371,13.4083847515149
2007-02-18 12:00:00,2007,2,18,NA,-2.17808371652346,11.2399017427273
2007-02-19 12:00:00,2007,2,19,NA,-3.76338325617671,6.75959681956597
2007-02-20 12:00:00,2007,2,20,NA,-3.41624873799603,11.8277090860773
2007-02-21 12:00:00,2007,2,21,NA,-6.68055486081463,13.38802285102
2007-02-22 12:00:00,2007,2,22,NA,-5.09478040723156,9.8741103223511
2007-02-23 12:00:00,2007,2,23,NA,-3.21640442997951,13.3760302645401
2007-02-24 12:00:00,2007,2,24,NA,0.215618520676617,16.3379428504416
2007-02-25 12:00:00,2007,2,25,NA,7.03190942533007,10.4076152149625
2007-02-26 12:00:00,2007,2,26,NA,4.51813487279841,14.9979440308839
2007-02-27 12:00:00,2007,2,27,NA,3.17647980920916,14.6477079312396
2007-02-28 12:00:00,2007,2,28,NA,3.81749093375168,13.0700498874288
2007-03-01 12:00:00,2007,3,1,NA,1.4414401119255,13.8457455728053
2007-03-02 12:00:00,2007,3,2,NA,0.519518032740872,15.0249323200007
2007-03-03 12:00:00,2007,3,3,NA,2.51819268667647,14.9659196393091
2007-03-04 12:00:00,2007,3,4,NA,3.15147077044324,14.4182816757855
2007-03-05 12:00:00,2007,3,5,NA,6.29720723206412,14.4046876167492
2007-03-06 12:00:00,2007,3,6,NA,4.30574861218145,10.7006903842483
2007-03-07 12:00:00,2007,3,7,NA,8.12871096373994,14.2534555182624
2007-03-08 12:00:00,2007,3,8,NA,5.47671750652272,11.6163486145841
2007-03-09 12:00:00,2007,3,9,NA,6.48436337509958,9.4394692207503
2007-03-10 12:00:00,2007,3,10,NA,3.24048689908273,16.1215724229508
2007-03-11 12:00:00,2007,3,11,NA,-2.47859513023205,6.92089365594037
2007-03-12 12:00:00,2007,3,12,NA,-3.99754008155349,8.71037581640177
2007-03-13 12:00:00,2007,3,13,NA,-5.21452035538196,7.94975934158822
2007-03-14 12:00:00,2007,3,14,NA,-4.79333858878083,12.2408515643575
2007-03-15 12:00:00,2007,3,15,NA,0.580851742326742,9.45859047530389
2007-03-16 12:00:00,2007,3,16,NA,-0.59916625354542,9.49042745428537
2007-03-17 12:00:00,2007,3,17,NA,-0.904837717918575,12.6435004020743
2007-03-18 12:00:00,2007,3,18,NA,0.507393689778431,11.2181036351494
2007-03-19 12:00:00,2007,3,19,NA,2.19917415434959,16.8653346869626
2007-03-20 12:00:00,2007,3,20,NA,4.17322077936602,15.8482760159529
2007-03-21 12:00:00,2007,3,21,NA,4.85705866979508,13.2928868455045
2007-03-22 12:00:00,2007,3,22,NA,1.39628608907789,10.3889535856247
2007-03-23 12:00:00,2007,3,23,NA,-0.613987226529877,11.5170831526639
2007-03-24 12:00:00,2007,3,24,NA,-0.633801853069124,11.55138452242
2007-03-25 12:00:00,2007,3,25,NA,-1.10711738310433,14.6378058663062
2007-03-26 12:00:00,2007,3,26,NA,2.00216480080168,10.2126376302045
2007-03-27 12:00:00,2007,3,27,NA,-4.2253932156974,7.43505794644501
2007-03-28 12:00:00,2007,3,28,NA,-4.78284202162443,11.2512587674592
2007-03-29 12:00:00,2007,3,29,NA,-2.72272390384506,12.5499068809448
2007-03-30 12:00:00,2007,3,30,NA,0.0463850808498787,17.364390687103
2007-03-31 12:00:00,2007,3,31,NA,2.12958989722532,18.2373862556092
2007-04-01 12:00:00,2007,4,1,NA,4.17305528387224,16.6902595936898
2007-04-02 12:00:00,2007,4,2,NA,7.15453700798446,20.9650738767847
2007-04-03 12:00:00,2007,4,3,NA,6.62008704130777,22.7457241177107
2007-04-04 12:00:00,2007,4,4,NA,5.68479197805339,18.8046412155979
2007-04-05 12:00:00,2007,4,5,NA,10.5080904130471,16.6354391857493
2007-04-06 12:00:00,2007,4,6,NA,8.42299659366244,16.9640085919695
2007-04-07 12:00:00,2007,4,7,NA,6.51804222073896,12.955684933775
2007-04-08 12:00:00,2007,4,8,NA,4.11032798549668,12.0468739365524
2007-04-09 12:00:00,2007,4,9,NA,2.81024198205775,15.9610023897355
2007-04-10 12:00:00,2007,4,10,NA,3.01715267208295,17.4530516943797
2007-04-11 12:00:00,2007,4,11,NA,-0.184608702395018,17.6201279720642
2007-04-12 12:00:00,2007,4,12,NA,3.3310453328023,20.6896329131062
2007-04-13 12:00:00,2007,4,13,NA,6.15006237246432,22.8579533006707
2007-04-14 12:00:00,2007,4,14,NA,-0.220942299478498,15.2282824119099
2007-04-15 12:00:00,2007,4,15,NA,4.03493733155682,19.8518197150616
2007-04-16 12:00:00,2007,4,16,NA,4.41789501821666,20.1185009769727
2007-04-17 12:00:00,2007,4,17,NA,9.92357402128279,16.8465711301605
2007-04-18 12:00:00,2007,4,18,NA,8.19200905305618,19.926008055128
2007-04-19 12:00:00,2007,4,19,NA,12.1634143505842,29.0259009598547
2007-04-20 12:00:00,2007,4,20,NA,14.3650666510783,29.3764724746353
2007-04-21 12:00:00,2007,4,21,NA,13.6626086681813,26.5890554230629
2007-04-22 12:00:00,2007,4,22,NA,17.3628048265856,21.5456001594456
2007-04-23 12:00:00,2007,4,23,NA,13.6470704638923,24.0392245305326
2007-04-24 12:00:00,2007,4,24,NA,13.615089835593,23.5055397203196
2007-04-25 12:00:00,2007,4,25,NA,13.2884443385288,28.5321227334953
2007-04-26 12:00:00,2007,4,26,NA,12.6326370970869,26.843462381491
2007-04-27 12:00:00,2007,4,27,NA,12.5619987086525,26.283564233926
2007-04-28 12:00:00,2007,4,28,NA,13.4898127259815,24.666973687393
2007-04-29 12:00:00,2007,4,29,NA,12.1894179660406,25.1931971545516
2007-04-30 12:00:00,2007,4,30,NA,11.101461953819,25.9930800747902
2007-05-01 12:00:00,2007,5,1,NA,12.9035905618733,26.7427956620081
2007-05-02 12:00:00,2007,5,2,NA,18.793216865847,22.9429534847429
2007-05-03 12:00:00,2007,5,3,NA,15.3661212985835,19.6539185434836
2007-05-04 12:00:00,2007,5,4,NA,12.8425254267087,24.6973294864983
2007-05-05 12:00:00,2007,5,5,NA,12.3138381278149,17.7001567660947
2007-05-06 12:00:00,2007,5,6,NA,10.4965163902928,17.833747575008
2007-05-07 12:00:00,2007,5,7,NA,12.0270907510037,20.1462985991192
2007-05-08 12:00:00,2007,5,8,NA,12.4231934845913,23.2484673505117
2007-05-09 12:00:00,2007,5,9,NA,13.3136377942533,22.1854729458409
2007-05-10 12:00:00,2007,5,10,NA,14.0137594196611,23.8006321041349
2007-05-11 12:00:00,2007,5,11,NA,15.2443541144329,30.2568572884088
2007-05-12 12:00:00,2007,5,12,NA,19.4168063303106,26.0550305530587
2007-05-13 12:00:00,2007,5,13,NA,14.5706681662423,30.9578644195918
2007-05-14 12:00:00,2007,5,14,NA,15.1434230009406,32.7998284109033
2007-05-15 12:00:00,2007,5,15,NA,17.9091602168862,29.6912846180316
2007-05-16 12:00:00,2007,5,16,NA,16.9752500832645,30.9597786935846
2007-05-17 12:00:00,2007,5,17,NA,15.208949907392,26.0752660716238
2007-05-18 12:00:00,2007,5,18,NA,15.5535846534856,26.2000043221557
2007-05-19 12:00:00,2007,5,19,NA,18.0886388900279,26.895730131076
2007-05-20 12:00:00,2007,5,20,NA,20.2645504719845,25.1631950117927
2007-05-21 12:00:00,2007,5,21,NA,15.1561199486623,26.8979759446058
2007-05-22 12:00:00,2007,5,22,NA,19.9860090703926,25.9334427136203
2007-05-23 12:00:00,2007,5,23,NA,19.0728529428065,26.956572846268
2007-05-24 12:00:00,2007,5,24,NA,15.7441436930512,30.7782929587454
2007-05-25 12:00:00,2007,5,25,NA,16.4465258346889,30.1454544945818
2007-05-26 12:00:00,2007,5,26,NA,16.3966547009147,33.8407474219049
2007-05-27 12:00:00,2007,5,27,NA,19.7830700107694,28.4757839306818
2007-05-28 12:00:00,2007,5,28,NA,19.3245674002211,24.217997036051
2007-05-29 12:00:00,2007,5,29,NA,16.8403464743637,27.6238874956734
2007-05-30 12:00:00,2007,5,30,NA,15.8960578649546,28.9682931281386
2007-05-31 12:00:00,2007,5,31,NA,16.4594716419393,31.1729762847958
2007-06-01 12:00:00,2007,6,1,NA,16.8814274403508,32.2410789101725
2007-06-02 12:00:00,2007,6,2,NA,18.1093658137961,27.9967400638633
2007-06-03 12:00:00,2007,6,3,NA,19.4099525998082,26.4877241157941
2007-06-04 12:00:00,2007,6,4,NA,16.7524505633951,22.8490848268281
2007-06-05 12:00:00,2007,6,5,NA,16.7213819316184,27.8081534679393
2007-06-06 12:00:00,2007,6,6,NA,19.3317259763466,25.4912105833397
2007-06-07 12:00:00,2007,6,7,NA,18.1858723130432,26.2358017639293
2007-06-08 12:00:00,2007,6,8,NA,17.1846780770671,27.4934953350266
2007-06-09 12:00:00,2007,6,9,NA,16.9988867168534,30.0016360219382
2007-06-10 12:00:00,2007,6,10,NA,17.3398623761342,33.1796975227184
2007-06-11 12:00:00,2007,6,11,NA,19.495136812779,31.5844268579552
2007-06-12 12:00:00,2007,6,12,NA,20.9898302061292,30.8376510744332
2007-06-13 12:00:00,2007,6,13,NA,20.011275539075,32.0692120497461
2007-06-14 12:00:00,2007,6,14,NA,21.9730133908034,30.9758815452333
2007-06-15 12:00:00,2007,6,15,NA,18.541147206332,29.6636544925151
2007-06-16 12:00:00,2007,6,16,NA,17.7427568231134,27.793684761775
2007-06-17 12:00:00,2007,6,17,NA,16.8706802944052,27.6573698554853
2007-06-18 12:00:00,2007,6,18,NA,15.9814395438582,30.3646088858964
2007-06-19 12:00:00,2007,6,19,NA,15.3643047459538,26.6674767617037
2007-06-20 12:00:00,2007,6,20,NA,20.3656068368452,27.8588425632652
2007-06-21 12:00:00,2007,6,21,NA,18.162209555,24.2297265256381
2007-06-22 12:00:00,2007,6,22,NA,18.2317577866047,28.0010889172732
2007-06-23 12:00:00,2007,6,23,NA,18.5460787656025,31.6628332948461
2007-06-24 12:00:00,2007,6,24,NA,20.0407209861867,31.1063830862508
2007-06-25 12:00:00,2007,6,25,NA,19.0409802329352,31.4902716835756
2007-06-26 12:00:00,2007,6,26,NA,21.1493990930606,35.0149521097591
2007-06-27 12:00:00,2007,6,27,NA,22.2053421049921,33.9886219083295
2007-06-28 12:00:00,2007,6,28,NA,25.9521125732876,34.4070802882547
2007-06-29 12:00:00,2007,6,29,NA,29.1257467470768,32.4235458817403
2007-06-30 12:00:00,2007,6,30,NA,26.0422592770265,31.084616612888
2007-07-01 12:00:00,2007,7,1,NA,24.5879243144013,30.7468767738991
2007-07-02 12:00:00,2007,7,2,NA,25.8737302662386,32.8896845303655
2007-07-03 12:00:00,2007,7,3,NA,25.2574218413602,32.2037775964406
2007-07-04 12:00:00,2007,7,4,NA,24.9976411084192,32.0744495970801
2007-07-05 12:00:00,2007,7,5,NA,24.4633293080354,33.5112841952724
2007-07-06 12:00:00,2007,7,6,NA,24.8894347534651,31.1721542821518
2007-07-07 12:00:00,2007,7,7,NA,23.5784078444299,31.8334414521203
2007-07-08 12:00:00,2007,7,8,NA,23.7733119436068,31.339388330683
2007-07-09 12:00:00,2007,7,9,NA,24.3536442502399,36.2049477205342
2007-07-10 12:00:00,2007,7,10,NA,24.5823245323874,34.9615721285875
2007-07-11 12:00:00,2007,7,11,NA,26.7303245243128,33.3116649341446
2007-07-12 12:00:00,2007,7,12,NA,25.9005168223096,31.5476303071463
2007-07-13 12:00:00,2007,7,13,NA,26.9102272926813,31.0516821269813
2007-07-14 12:00:00,2007,7,14,NA,24.6095836596588,31.391321691339
2007-07-15 12:00:00,2007,7,15,NA,24.4973704801653,27.9537193981998
2007-07-16 12:00:00,2007,7,16,NA,22.7824821295429,29.1250352660772
2007-07-17 12:00:00,2007,7,17,NA,25.7962123293238,33.6397036778438
2007-07-18 12:00:00,2007,7,18,NA,26.0906808889871,28.8387390533205
2007-07-19 12:00:00,2007,7,19,NA,23.9507885738087,29.4104689476396
2007-07-20 12:00:00,2007,7,20,NA,25.1331096612077,27.6684884094845
2007-07-21 12:00:00,2007,7,21,NA,21.3511005234819,27.1645006240572
2007-07-22 12:00:00,2007,7,22,NA,20.9625965042524,28.2134852295858
2007-07-23 12:00:00,2007,7,23,NA,21.8860728907301,28.6950077295542
2007-07-24 12:00:00,2007,7,24,NA,23.2083583492105,29.1552650561692
2007-07-25 12:00:00,2007,7,25,NA,23.2608924419564,32.3668082470258
2007-07-26 12:00:00,2007,7,26,NA,24.541646181621,34.4810635233904
2007-07-27 12:00:00,2007,7,27,NA,23.4821708751999,29.2891477220959
2007-07-28 12:00:00,2007,7,28,NA,22.1786656631933,30.1362382960785
2007-07-29 12:00:00,2007,7,29,NA,23.5448569657535,33.463020331881
2007-07-30 12:00:00,2007,7,30,NA,23.5104192209508,30.5201374289435
2007-07-31 12:00:00,2007,7,31,NA,26.1799307311503,34.2994818126433
2007-08-01 12:00:00,2007,8,1,NA,24.3613035411374,29.2493534445091
2007-08-02 12:00:00,2007,8,2,NA,25.8116309757744,32.8884394644353
2007-08-03 12:00:00,2007,8,3,NA,22.6116411095274,32.060083022619
2007-08-04 12:00:00,2007,8,4,NA,19.9394441276839,30.5044488052895
2007-08-05 12:00:00,2007,8,5,NA,24.1276744649836,33.4188258193695
2007-08-06 12:00:00,2007,8,6,NA,24.6003983236772,35.9469874751551
2007-08-07 12:00:00,2007,8,7,NA,24.1223993116082,33.748555546762
2007-08-08 12:00:00,2007,8,8,NA,25.637522711836,35.2399823689037
2007-08-09 12:00:00,2007,8,9,NA,26.2161643148655,30.2777978062009
2007-08-10 12:00:00,2007,8,10,NA,27.0626764881092,31.8176072094738
2007-08-11 12:00:00,2007,8,11,NA,23.4562331626933,28.8629177495225
2007-08-12 12:00:00,2007,8,12,NA,18.115003614346,22.1694003050161
2007-08-13 12:00:00,2007,8,13,NA,19.9576619919614,27.708540984761
2007-08-14 12:00:00,2007,8,14,NA,18.6648648786478,30.4648315029448
2007-08-15 12:00:00,2007,8,15,NA,20.5441637106772,34.687180680799
2007-08-16 12:00:00,2007,8,16,NA,23.479819718844,34.5999910906252
2007-08-17 12:00:00,2007,8,17,NA,24.3818677061528,33.292201335876
2007-08-18 12:00:00,2007,8,18,NA,27.077718288263,36.6720098520145
2007-08-19 12:00:00,2007,8,19,NA,25.8664643777312,34.7547170438474
2007-08-20 12:00:00,2007,8,20,NA,22.9525086872423,33.7522642096721
2007-08-21 12:00:00,2007,8,21,NA,23.9251549706078,33.5307725935635
2007-08-22 12:00:00,2007,8,22,NA,22.2122335677184,31.807301518338
2007-08-23 12:00:00,2007,8,23,NA,23.7482789302187,34.6237905581464
2007-08-24 12:00:00,2007,8,24,NA,24.4548981303612,34.5372215429676
2007-08-25 12:00:00,2007,8,25,NA,24.9504145696219,33.6526810676619
2007-08-26 12:00:00,2007,8,26,NA,23.8898934063571,33.1810447607431
2007-08-27 12:00:00,2007,8,27,NA,24.4471164158184,32.0808692379307
2007-08-28 12:00:00,2007,8,28,NA,22.9298698000703,32.0322972568418
2007-08-29 12:00:00,2007,8,29,NA,22.7706154794294,32.6744040912546
2007-08-30 12:00:00,2007,8,30,NA,23.5444570279358,29.304873553913
2007-08-31 12:00:00,2007,8,31,NA,23.4915692719568,31.794387446671
2007-09-01 12:00:00,2007,9,1,NA,23.1226070515205,30.8276258117996
2007-09-02 12:00:00,2007,9,2,NA,23.501848392056,27.3519219474601
2007-09-03 12:00:00,2007,9,3,NA,21.6438772653143,29.9012219932191
2007-09-04 12:00:00,2007,9,4,NA,21.8722374108364,26.7389167447159
2007-09-05 12:00:00,2007,9,5,NA,20.4261716981818,29.866230183914
2007-09-06 12:00:00,2007,9,6,NA,21.1110262532978,30.1247719982651
2007-09-07 12:00:00,2007,9,7,NA,21.5056930616763,31.3366150714904
2007-09-08 12:00:00,2007,9,8,NA,21.0085195823184,33.8052960310904
2007-09-09 12:00:00,2007,9,9,NA,20.2017354149784,34.5029035456115
2007-09-10 12:00:00,2007,9,10,NA,21.807534912793,27.4003192692771
2007-09-11 12:00:00,2007,9,11,NA,19.3710774371345,30.2181131055323
2007-09-12 12:00:00,2007,9,12,NA,18.9894534212944,30.3136750071572
2007-09-13 12:00:00,2007,9,13,NA,18.1193790163323,30.5829119711374
2007-09-14 12:00:00,2007,9,14,NA,17.8045526137882,29.5606907923044
2007-09-15 12:00:00,2007,9,15,NA,19.6862540009595,31.2474848535151
2007-09-16 12:00:00,2007,9,16,NA,18.4002095286522,29.3493549601874
2007-09-17 12:00:00,2007,9,17,NA,17.0786777662141,24.068293502043
2007-09-18 12:00:00,2007,9,18,NA,16.9560246892481,23.7736344607849
2007-09-19 12:00:00,2007,9,19,NA,17.2867648502502,26.8745473632567
2007-09-20 12:00:00,2007,9,20,NA,16.4937049441959,26.8605743896834
2007-09-21 12:00:00,2007,9,21,NA,14.6820005226399,24.7244562887673
2007-09-22 12:00:00,2007,9,22,NA,15.3634462073738,26.9246770599294
2007-09-23 12:00:00,2007,9,23,NA,16.7048134270641,24.7534411541842
2007-09-24 12:00:00,2007,9,24,NA,17.2269033509145,27.7782528752138
2007-09-25 12:00:00,2007,9,25,NA,16.9235145507133,28.6722606372719
2007-09-26 12:00:00,2007,9,26,NA,14.9754303209555,31.0593662239404
2007-09-27 12:00:00,2007,9,27,NA,16.130547954294,25.7183228354543
2007-09-28 12:00:00,2007,9,28,NA,17.5176404783654,27.1039389878144
2007-09-29 12:00:00,2007,9,29,NA,15.3516405817515,26.7722964238243
2007-09-30 12:00:00,2007,9,30,NA,15.2874946563919,25.8320121624773
2007-10-01 12:00:00,2007,10,1,NA,13.1050324135762,28.5506002956186
2007-10-02 12:00:00,2007,10,2,NA,14.3774901747377,26.3859026204241
2007-10-03 12:00:00,2007,10,3,NA,18.6087784816167,21.4900762275705
2007-10-04 12:00:00,2007,10,4,NA,19.3062362661562,24.1658798333509
2007-10-05 12:00:00,2007,10,5,NA,14.2586250244967,23.5449912525302
2007-10-06 12:00:00,2007,10,6,NA,14.7909767839976,22.2637811213376
2007-10-07 12:00:00,2007,10,7,NA,14.1625509232635,23.7957202931556
2007-10-08 12:00:00,2007,10,8,NA,13.9713651618442,24.535045806241
2007-10-09 12:00:00,2007,10,9,NA,13.6256562591875,25.2520841841902
2007-10-10 12:00:00,2007,10,10,NA,13.2080838671463,27.6850617237043
2007-10-11 12:00:00,2007,10,11,NA,12.4525366850575,27.1885555292874
2007-10-12 12:00:00,2007,10,12,NA,13.2797290798199,26.2144561099331
2007-10-13 12:00:00,2007,10,13,NA,13.3901744646816,28.9290968794379
2007-10-14 12:00:00,2007,10,14,NA,13.3251490619759,29.4030599136698
2007-10-15 12:00:00,2007,10,15,NA,11.6809447118879,27.3465736952852
2007-10-16 12:00:00,2007,10,16,NA,13.4855179058229,27.3970710009172
2007-10-17 12:00:00,2007,10,17,NA,13.4357572638434,21.9984356563179
2007-10-18 12:00:00,2007,10,18,NA,15.4533321137994,21.8600646674333
2007-10-19 12:00:00,2007,10,19,NA,11.0774168694276,22.1981677119217
2007-10-20 12:00:00,2007,10,20,NA,10.9231075340667,23.8017210661509
2007-10-21 12:00:00,2007,10,21,NA,9.61354479687327,25.8823312407315
2007-10-22 12:00:00,2007,10,22,NA,9.87647729338002,26.2503313759947
2007-10-23 12:00:00,2007,10,23,NA,11.1593891554617,26.7372343547305
2007-10-24 12:00:00,2007,10,24,NA,12.6488556155936,25.3384050386091
2007-10-25 12:00:00,2007,10,25,NA,10.5741823196442,21.6949331621383
2007-10-26 12:00:00,2007,10,26,NA,9.52298495889452,20.4667857557146
2007-10-27 12:00:00,2007,10,27,NA,11.1862800381212,23.0109300356905
2007-10-28 12:00:00,2007,10,28,NA,11.1524074694385,19.9428976735582
2007-10-29 12:00:00,2007,10,29,NA,12.1800182121199,18.1416258663138
2007-10-30 12:00:00,2007,10,30,NA,13.953501657925,18.7603621626544
2007-10-31 12:00:00,2007,10,31,NA,9.54599556286806,20.3507270111121
2007-11-01 12:00:00,2007,11,1,NA,9.09522926133456,21.419394318192
2007-11-02 12:00:00,2007,11,2,NA,10.5876827761051,19.7723378208693
2007-11-03 12:00:00,2007,11,3,NA,4.20853388957293,12.5971828236941
2007-11-04 12:00:00,2007,11,4,NA,5.30663771552427,18.506083415189
2007-11-05 12:00:00,2007,11,5,NA,5.09282651815333,21.5195240772993
2007-11-06 12:00:00,2007,11,6,NA,6.93455074879349,22.2986955145539
2007-11-07 12:00:00,2007,11,7,NA,9.52658148129986,20.932526155154
2007-11-08 12:00:00,2007,11,8,NA,7.53267486990366,17.3133425146184
2007-11-09 12:00:00,2007,11,9,NA,3.76645187818817,17.4965707752008
2007-11-10 12:00:00,2007,11,10,NA,4.55346615670633,18.5707765363828
2007-11-11 12:00:00,2007,11,11,NA,8.43010160465366,15.1457053045195
2007-11-12 12:00:00,2007,11,12,NA,6.85925853740918,18.2361043277242
2007-11-13 12:00:00,2007,11,13,NA,6.41492635920972,17.802710730078
2007-11-14 12:00:00,2007,11,14,NA,4.29864717211509,19.6627919378755
2007-11-15 12:00:00,2007,11,15,NA,8.36909445440584,23.8945053956065
2007-11-16 12:00:00,2007,11,16,NA,9.76922138294286,22.2893109705542
2007-11-17 12:00:00,2007,11,17,NA,12.3201289312999,14.2144624324823
2007-11-18 12:00:00,2007,11,18,NA,7.19771871654005,14.4372943718999
2007-11-19 12:00:00,2007,11,19,NA,5.98592696136005,12.1429741190344
2007-11-20 12:00:00,2007,11,20,NA,1.40325969517804,13.688345583462
2007-11-21 12:00:00,2007,11,21,NA,3.18721770291178,11.9960400138222
2007-11-22 12:00:00,2007,11,22,NA,4.74542297708184,15.3931072643378
2007-11-23 12:00:00,2007,11,23,NA,0.599494778322401,12.9168002978228
2007-11-24 12:00:00,2007,11,24,NA,1.58086203327339,16.6926123970201
2007-11-25 12:00:00,2007,11,25,NA,2.59642264802955,13.9991840039961
2007-11-26 12:00:00,2007,11,26,NA,-1.32117868832809,9.88967588132841
2007-11-27 12:00:00,2007,11,27,NA,-0.865617953375386,11.6544716342359
2007-11-28 12:00:00,2007,11,28,NA,4.91694411329047,14.1354520987598
2007-11-29 12:00:00,2007,11,29,NA,0.909904626143788,11.8863757144912
2007-11-30 12:00:00,2007,11,30,NA,-2.51483762568377,10.9515475215644
2007-12-01 12:00:00,2007,12,1,NA,-3.76722875599601,8.21343951136113
2007-12-02 12:00:00,2007,12,2,NA,-2.8299966059186,12.3628924945321
2007-12-03 12:00:00,2007,12,3,NA,-0.995887639624713,13.407648782515
2007-12-04 12:00:00,2007,12,4,NA,-1.9457784733927,12.3085133124204
2007-12-05 12:00:00,2007,12,5,NA,4.02416726766648,11.6195361944189
2007-12-06 12:00:00,2007,12,6,NA,3.17071404744057,8.08130257229945
2007-12-07 12:00:00,2007,12,7,NA,8.30624983323018,10.3336754465756
2007-12-08 12:00:00,2007,12,8,NA,7.42455712603241,11.0844699897345
2007-12-09 12:00:00,2007,12,9,NA,3.71224936576587,8.1476616318831
2007-12-10 12:00:00,2007,12,10,NA,2.23826895679311,8.95788100119081
2007-12-11 12:00:00,2007,12,11,NA,-3.01486749424932,9.11445671557481
2007-12-12 12:00:00,2007,12,12,NA,0.508622392816939,13.8142457547695
2007-12-13 12:00:00,2007,12,13,NA,-1.50794805629155,9.78054196026216
2007-12-14 12:00:00,2007,12,14,NA,-2.27071556541589,7.6412947042128
2007-12-15 12:00:00,2007,12,15,NA,-2.57390953610056,8.71574021458645
2007-12-16 12:00:00,2007,12,16,NA,0.578099607101106,8.33447012916731
2007-12-17 12:00:00,2007,12,17,NA,-0.350851656850458,4.22711402492226
2007-12-18 12:00:00,2007,12,18,NA,-3.04443075385387,4.6621711318664
2007-12-19 12:00:00,2007,12,19,NA,0.732950575110487,6.25601282903494
2007-12-20 12:00:00,2007,12,20,NA,1.04336434753874,5.54293696001911
2007-12-21 12:00:00,2007,12,21,NA,-0.353812364853826,8.64969605527776
2007-12-22 12:00:00,2007,12,22,NA,-0.0983454115268012,9.02104443027264
2007-12-23 12:00:00,2007,12,23,NA,2.22748568556407,10.4756752791258
2007-12-24 12:00:00,2007,12,24,NA,2.49922849323357,11.2002327248276
2007-12-25 12:00:00,2007,12,25,NA,2.16807264473228,10.3044266694909
2007-12-26 12:00:00,2007,12,26,NA,4.44864576357266,10.731734273498
2007-12-27 12:00:00,2007,12,27,NA,3.58375067327441,14.455860899295
2007-12-28 12:00:00,2007,12,28,NA,8.17368844376657,15.2540237681812
2007-12-29 12:00:00,2007,12,29,NA,3.56845927344769,16.5526169761179
2007-12-30 12:00:00,2007,12,30,NA,-0.711798403979722,6.35795286700656
2007-12-31 12:00:00,2007,12,31,NA,-0.447916272688862,3.40431166690441
2008-01-01 12:00:00,2008,1,1,NA,-3.58622698094485,3.12961924428887
2008-01-02 12:00:00,2008,1,2,NA,-4.06690702947625,5.31101756498242
2008-01-03 12:00:00,2008,1,3,NA,-3.69422778194643,2.45733388263683
2008-01-04 12:00:00,2008,1,4,NA,-4.73625710622868,1.34676233523427
2008-01-05 12:00:00,2008,1,5,NA,-3.86836598546474,8.11030029390959
2008-01-06 12:00:00,2008,1,6,NA,-4.97204514506087,4.09562316597587
2008-01-07 12:00:00,2008,1,7,NA,-4.65497648169202,8.79077260665008
2008-01-08 12:00:00,2008,1,8,NA,-2.35654629902448,7.97597522085325
2008-01-09 12:00:00,2008,1,9,NA,-2.58792571728591,8.50682376400773
2008-01-10 12:00:00,2008,1,10,NA,-3.39449210287294,5.49825809505042
2008-01-11 12:00:00,2008,1,11,NA,-2.14455359278322,9.85538367164517
2008-01-12 12:00:00,2008,1,12,NA,-1.71964707744588,10.6553552254266
2008-01-13 12:00:00,2008,1,13,NA,1.19685494846306,9.45073838328703
2008-01-14 12:00:00,2008,1,14,NA,3.41584572120486,10.9837720267087
2008-01-15 12:00:00,2008,1,15,NA,0.878255609994977,7.76937812017321
2008-01-16 12:00:00,2008,1,16,NA,-1.37880442317998,4.77275724140329
2008-01-17 12:00:00,2008,1,17,NA,-1.28569462209353,4.69729311977146
2008-01-18 12:00:00,2008,1,18,NA,-0.135033559403123,3.11075827661527
2008-01-19 12:00:00,2008,1,19,NA,-3.981595977374,0.838503112611382
2008-01-20 12:00:00,2008,1,20,NA,-2.61623185700773,7.63900455758222
2008-01-21 12:00:00,2008,1,21,NA,-0.491390077224797,11.761090247713
2008-01-22 12:00:00,2008,1,22,NA,-0.209208346192708,11.9890446793724
2008-01-23 12:00:00,2008,1,23,NA,-0.692364750781024,8.41072650213522
2008-01-24 12:00:00,2008,1,24,NA,-0.788744574430939,3.54561400774563
2008-01-25 12:00:00,2008,1,25,NA,2.7299911553443,9.27854769915909
2008-01-26 12:00:00,2008,1,26,NA,-0.553308703727167,7.01461760177668
2008-01-27 12:00:00,2008,1,27,NA,0.673294536605689,9.60521256597617
2008-01-28 12:00:00,2008,1,28,NA,-3.72049025674598,11.164465211219
2008-01-29 12:00:00,2008,1,29,NA,-0.382849678006866,10.0759434187317
2008-01-30 12:00:00,2008,1,30,NA,-0.547005199356197,8.97076391175914
2008-01-31 12:00:00,2008,1,31,NA,0.621288492831732,7.65146929249664
2008-02-01 12:00:00,2008,2,1,NA,0.994243083468201,8.18015553616119
2008-02-02 12:00:00,2008,2,2,NA,-0.0527992706258873,11.1333399757475
2008-02-03 12:00:00,2008,2,3,NA,-0.0844015718334283,11.3231990522882
2008-02-04 12:00:00,2008,2,4,NA,-4.72124816080825,6.8001933194728
2008-02-05 12:00:00,2008,2,5,NA,-4.34170661418239,6.83459456529041
2008-02-06 12:00:00,2008,2,6,NA,-1.86938654781538,4.52605813500147
2008-02-07 12:00:00,2008,2,7,NA,-2.3028869806689,6.7266812364466
2008-02-08 12:00:00,2008,2,8,NA,-3.67078648978818,10.5171811031002
2008-02-09 12:00:00,2008,2,9,NA,-3.22482716826586,9.4917978652785
2008-02-10 12:00:00,2008,2,10,NA,-3.54233546944641,5.33522789434177
2008-02-11 12:00:00,2008,2,11,NA,-5.53365557735125,3.73588116670362
2008-02-12 12:00:00,2008,2,12,NA,-1.37787739170176,7.39506405614852
2008-02-13 12:00:00,2008,2,13,NA,-0.849459449869171,10.6784547577587
2008-02-14 12:00:00,2008,2,14,NA,-2.77237525759462,10.8014781644023
2008-02-15 12:00:00,2008,2,15,NA,-4.74128107022494,6.39340065305781
2008-02-16 12:00:00,2008,2,16,NA,-3.68116233295673,11.7144748389298
2008-02-17 12:00:00,2008,2,17,NA,0.0241519808640458,11.5411149981273
2008-02-18 12:00:00,2008,2,18,NA,0.587494054000544,9.96770881090583
2008-02-19 12:00:00,2008,2,19,NA,-1.20224329341865,11.670886715349
2008-02-20 12:00:00,2008,2,20,NA,-0.519935077386652,12.353194931381
2008-02-21 12:00:00,2008,2,21,NA,-0.284124288363189,13.7527075627954
2008-02-22 12:00:00,2008,2,22,NA,1.77142752813982,10.1075162650964
2008-02-23 12:00:00,2008,2,23,NA,0.639799902848615,13.1718579133475
2008-02-24 12:00:00,2008,2,24,NA,-0.211332967870917,8.60746999577778
2008-02-25 12:00:00,2008,2,25,NA,3.86148086683353,13.1934424622166
2008-02-26 12:00:00,2008,2,26,NA,1.18604653543356,8.49309250199191
2008-02-27 12:00:00,2008,2,27,NA,0.685050255966525,10.8440291926447
2008-02-28 12:00:00,2008,2,28,NA,-1.48600060489783,6.12082011505093
2008-02-29 12:00:00,2008,2,29,NA,0.0275608706624935,10.3673443700123
2008-03-01 12:00:00,2008,3,1,NA,0.450249175620998,13.3233791843886
2008-03-02 12:00:00,2008,3,2,NA,-0.411357610594855,5.09786507658655
2008-03-03 12:00:00,2008,3,3,NA,-1.83856413373011,14.5431071444563
2008-03-04 12:00:00,2008,3,4,NA,-0.198670572594535,17.2117039314313
2008-03-05 12:00:00,2008,3,5,NA,-0.116667993787067,15.9911283645968
2008-03-06 12:00:00,2008,3,6,NA,3.98340110977624,16.7771030837554
2008-03-07 12:00:00,2008,3,7,NA,10.3720128508733,15.5868823632286
2008-03-08 12:00:00,2008,3,8,NA,4.7681268855233,9.74753153155175
2008-03-09 12:00:00,2008,3,9,NA,3.28235387727519,13.6670713539844
2008-03-10 12:00:00,2008,3,10,NA,6.52692604114373,8.5164198859987
2008-03-11 12:00:00,2008,3,11,NA,0.392390465139214,8.04713621743731
2008-03-12 12:00:00,2008,3,12,NA,0.70039516588299,8.57759647061578
2008-03-13 12:00:00,2008,3,13,NA,-1.13892059506804,9.59095556285556
2008-03-14 12:00:00,2008,3,14,NA,-10.7657379578136,5.13426009003808
2008-03-15 12:00:00,2008,3,15,NA,-9.99933550511689,6.53143892087361
2008-03-16 12:00:00,2008,3,16,NA,-3.82307576387211,8.07595337590477
2008-03-17 12:00:00,2008,3,17,NA,-2.43282851993109,12.5363450773872
2008-03-18 12:00:00,2008,3,18,NA,0.158919697340663,9.78484614963241
2008-03-19 12:00:00,2008,3,19,NA,0.00915009359358532,14.2055401454766
2008-03-20 12:00:00,2008,3,20,NA,-0.513458599486725,14.3866037907704
2008-03-21 12:00:00,2008,3,21,NA,-1.34940265033851,12.0398670693749
2008-03-22 12:00:00,2008,3,22,NA,1.44763942421383,18.5398188534025
2008-03-23 12:00:00,2008,3,23,NA,2.23742505277277,19.1365224248233
2008-03-24 12:00:00,2008,3,24,NA,7.42230302625767,21.1734831248256
2008-03-25 12:00:00,2008,3,25,NA,2.68430205193201,16.9205979022219
2008-03-26 12:00:00,2008,3,26,NA,2.48990752889675,22.0218628190725
2008-03-27 12:00:00,2008,3,27,NA,10.9198217918611,23.0508921710548
2008-03-28 12:00:00,2008,3,28,NA,10.5785914386032,22.6306796585676
2008-03-29 12:00:00,2008,3,29,NA,6.82322613359682,21.8360073555386
2008-03-30 12:00:00,2008,3,30,NA,12.0595134680806,21.7722476361706
2008-03-31 12:00:00,2008,3,31,NA,13.0099506317571,17.1318782215318
2008-04-01 12:00:00,2008,4,1,NA,4.4012070324785,13.3261139236361
2008-04-02 12:00:00,2008,4,2,NA,2.95909784394404,20.0224486013525
2008-04-03 12:00:00,2008,4,3,NA,7.56394475750996,22.4512408194187
2008-04-04 12:00:00,2008,4,4,NA,10.7810258837514,20.1741550492126
2008-04-05 12:00:00,2008,4,5,NA,9.54325289233333,21.1806732553343
2008-04-06 12:00:00,2008,4,6,NA,9.76334132868933,21.8172860549315
2008-04-07 12:00:00,2008,4,7,NA,7.14400197666016,21.1592215667681
2008-04-08 12:00:00,2008,4,8,NA,8.1052651162516,18.9200149345738
2008-04-09 12:00:00,2008,4,9,NA,8.61855926716875,16.5292326262989
2008-04-10 12:00:00,2008,4,10,NA,3.32067862349906,21.7548756497968
2008-04-11 12:00:00,2008,4,11,NA,7.47590574567243,25.3250955056969
2008-04-12 12:00:00,2008,4,12,NA,6.70835326217347,23.8952173346325
2008-04-13 12:00:00,2008,4,13,NA,8.56568191900085,25.3861205819588
2008-04-14 12:00:00,2008,4,14,NA,10.487208493967,25.2102799421069
2008-04-15 12:00:00,2008,4,15,NA,11.6545068407444,25.4937119408792
2008-04-16 12:00:00,2008,4,16,NA,13.0045398955278,19.2354680287179
2008-04-17 12:00:00,2008,4,17,NA,11.2848225891487,25.466512933359
2008-04-18 12:00:00,2008,4,18,NA,12.1688789659614,24.9543673023398
2008-04-19 12:00:00,2008,4,19,NA,11.5635941544599,22.8375265858032
2008-04-20 12:00:00,2008,4,20,NA,10.8969304637933,27.9490259058246
2008-04-21 12:00:00,2008,4,21,NA,9.67930567338987,18.6093110048349
2008-04-22 12:00:00,2008,4,22,NA,8.65170604588876,21.700475539511
2008-04-23 12:00:00,2008,4,23,NA,7.61031269762334,18.4873966394472
2008-04-24 12:00:00,2008,4,24,NA,11.8169969427916,15.1893059812734
2008-04-25 12:00:00,2008,4,25,NA,11.466376787702,19.0481216457192
2008-04-26 12:00:00,2008,4,26,NA,8.15408721285829,17.0756994032261
2008-04-27 12:00:00,2008,4,27,NA,5.43579331727306,17.1288778310338
2008-04-28 12:00:00,2008,4,28,NA,8.13006706212914,18.3308919630967
2008-04-29 12:00:00,2008,4,29,NA,7.44507035097636,19.8729957593325
2008-04-30 12:00:00,2008,4,30,NA,10.3661924433412,20.3002686061924
2008-05-01 12:00:00,2008,5,1,NA,8.16135411720352,16.1607431649183
2008-05-02 12:00:00,2008,5,2,NA,7.29876086175322,16.830537726352
2008-05-03 12:00:00,2008,5,3,NA,9.01802054179853,20.7748000844636
2008-05-04 12:00:00,2008,5,4,NA,13.9134594540311,16.5212828686642
2008-05-05 12:00:00,2008,5,5,NA,12.091344174397,22.2429217665451
2008-05-06 12:00:00,2008,5,6,NA,12.3580854920134,24.3136513265482
2008-05-07 12:00:00,2008,5,7,NA,12.6373292203059,27.822366206995
2008-05-08 12:00:00,2008,5,8,NA,13.0104010421825,28.0441360245449
2008-05-09 12:00:00,2008,5,9,NA,15.2580942247999,27.014873767465
2008-05-10 12:00:00,2008,5,10,NA,13.2263340286098,27.4398036222495
2008-05-11 12:00:00,2008,5,11,NA,10.3527596379743,27.0206843334473
2008-05-12 12:00:00,2008,5,12,NA,9.7726922472875,24.1506617859363
2008-05-13 12:00:00,2008,5,13,NA,12.6147794637365,22.8346168419328
2008-05-14 12:00:00,2008,5,14,NA,10.377740344445,24.0866289749045
2008-05-15 12:00:00,2008,5,15,NA,13.979434249499,18.9810182058729
2008-05-16 12:00:00,2008,5,16,NA,11.7883378307369,24.6142027974367
2008-05-17 12:00:00,2008,5,17,NA,14.2823093920674,31.9991120935579
2008-05-18 12:00:00,2008,5,18,NA,14.8195158804648,31.1292372273706
2008-05-19 12:00:00,2008,5,19,NA,19.9690759878196,27.8416931496246
2008-05-20 12:00:00,2008,5,20,NA,20.2638764753475,29.1457483417759
2008-05-21 12:00:00,2008,5,21,NA,18.4465057560409,32.3628887153767
2008-05-22 12:00:00,2008,5,22,NA,19.1378179976302,27.0104351594351
2008-05-23 12:00:00,2008,5,23,NA,15.5394888148966,32.9835815358868
2008-05-24 12:00:00,2008,5,24,NA,18.6079638460848,31.6801991092689
2008-05-25 12:00:00,2008,5,25,NA,19.6660428878868,29.3441544439217
2008-05-26 12:00:00,2008,5,26,NA,18.6231254383951,28.8429628165914
2008-05-27 12:00:00,2008,5,27,NA,15.588505631287,33.9082550237668
2008-05-28 12:00:00,2008,5,28,NA,18.2717343002696,34.1040490859794
2008-05-29 12:00:00,2008,5,29,NA,15.0723542064162,30.7292642509429
2008-05-30 12:00:00,2008,5,30,NA,14.7236049854225,31.1237936646152
2008-05-31 12:00:00,2008,5,31,NA,16.5125346017819,32.2750313241868
2008-06-01 12:00:00,2008,6,1,NA,16.5681442979965,33.3259679412811
2008-06-02 12:00:00,2008,6,2,NA,17.2063851206362,30.8013982300103
2008-06-03 12:00:00,2008,6,3,NA,18.1182261440189,28.0849306552192
2008-06-04 12:00:00,2008,6,4,NA,18.7825717492808,26.8680959924869
2008-06-05 12:00:00,2008,6,5,NA,17.0346329384698,28.4983416157689
2008-06-06 12:00:00,2008,6,6,NA,17.9916392661002,31.7324638990913
2008-06-07 12:00:00,2008,6,7,NA,20.4626802129859,26.8013335891697
2008-06-08 12:00:00,2008,6,8,NA,22.2452602649245,26.4950799151787
2008-06-09 12:00:00,2008,6,9,NA,20.7025856061546,29.1317642648683
2008-06-10 12:00:00,2008,6,10,NA,21.5543862376327,30.2478744925019
2008-06-11 12:00:00,2008,6,11,NA,19.4654802503603,31.5472171050275
2008-06-12 12:00:00,2008,6,12,NA,19.27599612563,34.823139176634
2008-06-13 12:00:00,2008,6,13,NA,21.8755407825906,31.3206754448209
2008-06-14 12:00:00,2008,6,14,NA,23.1427674313566,31.8546501840131
2008-06-15 12:00:00,2008,6,15,NA,24.1903299195854,30.9010910047565
2008-06-16 12:00:00,2008,6,16,NA,25.1245130127988,32.2464257524703
2008-06-17 12:00:00,2008,6,17,NA,22.7193906004406,33.1402482383986
2008-06-18 12:00:00,2008,6,18,NA,21.5671723816398,32.5300172031429
2008-06-19 12:00:00,2008,6,19,NA,22.5952525317453,32.5229443066032
2008-06-20 12:00:00,2008,6,20,NA,20.9825327464297,29.6845191852766
2008-06-21 12:00:00,2008,6,21,NA,19.1072785920243,30.1940501283452
2008-06-22 12:00:00,2008,6,22,NA,19.5319715319231,34.0398948495854
2008-06-23 12:00:00,2008,6,23,NA,20.2466934828903,34.8615312173222
2008-06-24 12:00:00,2008,6,24,NA,22.2906336678732,34.2429859422314
2008-06-25 12:00:00,2008,6,25,NA,22.5218269221007,34.343783577054
2008-06-26 12:00:00,2008,6,26,NA,20.7456134452296,34.22103229122
2008-06-27 12:00:00,2008,6,27,NA,19.8091291616061,33.4292063763538
2008-06-28 12:00:00,2008,6,28,NA,22.2351800945613,38.2700878588208
2008-06-29 12:00:00,2008,6,29,NA,26.9266116562386,34.7657753476495
2008-06-30 12:00:00,2008,6,30,NA,25.0601746620532,27.9675637882764
2008-07-01 12:00:00,2008,7,1,NA,22.1523113916751,27.3726894532538
2008-07-02 12:00:00,2008,7,2,NA,20.6824829601777,27.9682532666675
2008-07-03 12:00:00,2008,7,3,NA,22.8496631750008,29.6278540817408
2008-07-04 12:00:00,2008,7,4,NA,20.2119489341045,25.0396154820734
2008-07-05 12:00:00,2008,7,5,NA,15.6620684227158,25.1971500427082
2008-07-06 12:00:00,2008,7,6,NA,16.890639347538,25.3273451461765
2008-07-07 12:00:00,2008,7,7,NA,18.7552033826783,26.9821590635845
2008-07-08 12:00:00,2008,7,8,NA,18.2372191536434,28.8435455398054
2008-07-09 12:00:00,2008,7,9,NA,21.0552425168463,29.722207346552
2008-07-10 12:00:00,2008,7,10,NA,25.8276808099509,32.8426016148403
2008-07-11 12:00:00,2008,7,11,NA,25.5246705255428,32.307719168099
2008-07-12 12:00:00,2008,7,12,NA,29.1199072558127,30.7062640703364
2008-07-13 12:00:00,2008,7,13,NA,30.9322508136375,33.6883648337125
2008-07-14 12:00:00,2008,7,14,NA,31.0936624732197,33.6861984866157
2008-07-15 12:00:00,2008,7,15,NA,30.3824842723316,34.0026948760561
2008-07-16 12:00:00,2008,7,16,NA,28.6091316911845,34.8274739109853
2008-07-17 12:00:00,2008,7,17,NA,28.7201571120579,33.5997918836885
2008-07-18 12:00:00,2008,7,18,NA,26.3457562372284,37.0061087911985
2008-07-19 12:00:00,2008,7,19,NA,26.4771230021845,35.3390297414296
2008-07-20 12:00:00,2008,7,20,NA,22.144243071709,30.3759520929781
2008-07-21 12:00:00,2008,7,21,NA,24.1607603437991,32.7335011439271
2008-07-22 12:00:00,2008,7,22,NA,23.7980022782138,31.7760658296375
2008-07-23 12:00:00,2008,7,23,NA,20.2638347190959,28.3851642798361
2008-07-24 12:00:00,2008,7,24,NA,22.8457255611004,28.7746434472332
2008-07-25 12:00:00,2008,7,25,NA,23.9551506337147,30.8909184367521
2008-07-26 12:00:00,2008,7,26,NA,25.6320087215015,30.0712707455776
2008-07-27 12:00:00,2008,7,27,NA,23.2016513025788,31.0226252706311
2008-07-28 12:00:00,2008,7,28,NA,25.350946571114,34.2124683670191
2008-07-29 12:00:00,2008,7,29,NA,23.5456958290816,28.3799597701116
2008-07-30 12:00:00,2008,7,30,NA,21.5450610905166,30.8246774617549
2008-07-31 12:00:00,2008,7,31,NA,24.1606612925506,30.0102189828579
2008-08-01 12:00:00,2008,8,1,NA,21.8767938843675,29.2365191099583
2008-08-02 12:00:00,2008,8,2,NA,21.5594755233678,29.3468993802415
2008-08-03 12:00:00,2008,8,3,NA,21.4034942809984,28.4541206678029
2008-08-04 12:00:00,2008,8,4,NA,22.2692618327353,31.7914069345651
2008-08-05 12:00:00,2008,8,5,NA,24.2507538548012,29.54370708906
2008-08-06 12:00:00,2008,8,6,NA,24.3551599193114,31.0869333154881
2008-08-07 12:00:00,2008,8,7,NA,23.911552770109,27.9143651917411
2008-08-08 12:00:00,2008,8,8,NA,22.3864632723317,26.6009669697462
2008-08-09 12:00:00,2008,8,9,NA,23.3558884726606,26.5116842702637
2008-08-10 12:00:00,2008,8,10,NA,22.4212502895703,31.0607983343802
2008-08-11 12:00:00,2008,8,11,NA,23.4463682691387,32.696998940904
2008-08-12 12:00:00,2008,8,12,NA,24.2594554761844,31.958039730618
2008-08-13 12:00:00,2008,8,13,NA,24.86824660325,31.6060468634014
2008-08-14 12:00:00,2008,8,14,NA,26.1326422139277,32.8009669783868
2008-08-15 12:00:00,2008,8,15,NA,25.1596720180423,34.7628823413927
2008-08-16 12:00:00,2008,8,16,NA,25.6027124968326,35.1977804474523
2008-08-17 12:00:00,2008,8,17,NA,25.3361414107959,33.6142697472226
2008-08-18 12:00:00,2008,8,18,NA,24.8642619587657,28.4423458142822
2008-08-19 12:00:00,2008,8,19,NA,22.9473204221871,27.9154130021548
2008-08-20 12:00:00,2008,8,20,NA,20.9695901364301,27.5040718167112
2008-08-21 12:00:00,2008,8,21,NA,21.7342949871603,30.999614041696
2008-08-22 12:00:00,2008,8,22,NA,21.6717404137091,28.4080321079243
2008-08-23 12:00:00,2008,8,23,NA,21.7154079960871,29.4070564737036
2008-08-24 12:00:00,2008,8,24,NA,24.9567148224374,32.6355723009775
2008-08-25 12:00:00,2008,8,25,NA,24.229502349104,32.6761420532489
2008-08-26 12:00:00,2008,8,26,NA,22.1419554123286,31.6641005141584
2008-08-27 12:00:00,2008,8,27,NA,21.3371028892132,30.8358326395125
2008-08-28 12:00:00,2008,8,28,NA,20.2933537709442,30.8583373260748
2008-08-29 12:00:00,2008,8,29,NA,22.3197839080247,29.2723478231794
2008-08-30 12:00:00,2008,8,30,NA,21.6986289620405,31.0560405118016
2008-08-31 12:00:00,2008,8,31,NA,22.7110323624343,31.3844949889905
2008-09-01 12:00:00,2008,9,1,NA,19.5350928785812,25.1919232394373
2008-09-02 12:00:00,2008,9,2,NA,19.3283735658663,26.4940525143715
2008-09-03 12:00:00,2008,9,3,NA,19.5115903822144,28.6334354644275
2008-09-04 12:00:00,2008,9,4,NA,19.003578693025,28.928633999036
2008-09-05 12:00:00,2008,9,5,NA,19.2324945642556,26.7638797822743
2008-09-06 12:00:00,2008,9,6,NA,21.2177706372225,29.8244297841893
2008-09-07 12:00:00,2008,9,7,NA,21.064461316566,30.1953173596932
2008-09-08 12:00:00,2008,9,8,NA,22.6604316072606,29.8224563292185
2008-09-09 12:00:00,2008,9,9,NA,19.5409456359283,31.1600258124217
2008-09-10 12:00:00,2008,9,10,NA,18.7834613165162,33.1671687054914
2008-09-11 12:00:00,2008,9,11,NA,23.0598582816937,34.5685275353596
2008-09-12 12:00:00,2008,9,12,NA,20.9512942917946,34.2846810374199
2008-09-13 12:00:00,2008,9,13,NA,21.127069458628,33.7205043087818
2008-09-14 12:00:00,2008,9,14,NA,22.4311212002033,30.6056445617005
2008-09-15 12:00:00,2008,9,15,NA,28.2861396484489,30.2109035872511
2008-09-16 12:00:00,2008,9,16,NA,23.5464150194393,29.4115389473163
2008-09-17 12:00:00,2008,9,17,NA,20.5774418556969,30.6676420661627
2008-09-18 12:00:00,2008,9,18,NA,22.5130876603993,28.4905474102054
2008-09-19 12:00:00,2008,9,19,NA,22.0799786349526,25.8745529034512
2008-09-20 12:00:00,2008,9,20,NA,18.6285854381508,25.9334561649584
2008-09-21 12:00:00,2008,9,21,NA,20.1958072110466,28.0544122492446
2008-09-22 12:00:00,2008,9,22,NA,20.2306421955663,30.7810846161882
2008-09-23 12:00:00,2008,9,23,NA,20.0116906170459,27.647769204967
2008-09-24 12:00:00,2008,9,24,NA,20.02985844543,26.7422158722327
2008-09-25 12:00:00,2008,9,25,NA,20.4735340793717,30.0756075070996
2008-09-26 12:00:00,2008,9,26,NA,21.7989293873704,29.7431100190175
2008-09-27 12:00:00,2008,9,27,NA,18.5947194974531,22.9254237618135
2008-09-28 12:00:00,2008,9,28,NA,18.0035101941921,27.358837006528
2008-09-29 12:00:00,2008,9,29,NA,16.7958134323912,28.3076963874735
2008-09-30 12:00:00,2008,9,30,NA,16.4709272591128,26.6592424064873
2008-10-01 12:00:00,2008,10,1,NA,15.9074207196731,29.931821763134
2008-10-02 12:00:00,2008,10,2,NA,16.8566674581368,28.760310407908
2008-10-03 12:00:00,2008,10,3,NA,16.6654930592811,30.6486010622084
2008-10-04 12:00:00,2008,10,4,NA,17.8045855904648,28.677487857458
2008-10-05 12:00:00,2008,10,5,NA,16.0339886061676,27.4710456090555
2008-10-06 12:00:00,2008,10,6,NA,16.6177714652315,26.4268813405016
2008-10-07 12:00:00,2008,10,7,NA,13.0488811864828,23.0406785589599
2008-10-08 12:00:00,2008,10,8,NA,12.9709400294599,26.3429174693655
2008-10-09 12:00:00,2008,10,9,NA,14.0360861919725,22.0083947081847
2008-10-10 12:00:00,2008,10,10,NA,11.9702286746627,21.9203621452917
2008-10-11 12:00:00,2008,10,11,NA,12.6182487185911,25.2357171053334
2008-10-12 12:00:00,2008,10,12,NA,12.4226531129861,26.0768969603265
2008-10-13 12:00:00,2008,10,13,NA,16.2830601556265,24.811226236081
2008-10-14 12:00:00,2008,10,14,NA,12.9641835740261,21.5417054414177
2008-10-15 12:00:00,2008,10,15,NA,12.9003803231056,27.0136904283156
2008-10-16 12:00:00,2008,10,16,NA,13.1235215544745,28.6624439692308
2008-10-17 12:00:00,2008,10,17,NA,14.2876722557886,22.3610036439316
2008-10-18 12:00:00,2008,10,18,NA,10.825185440725,17.5253186672914
2008-10-19 12:00:00,2008,10,19,NA,9.21151347109106,21.0064626184471
2008-10-20 12:00:00,2008,10,20,NA,10.5720372735342,23.6918000141615
2008-10-21 12:00:00,2008,10,21,NA,11.6456220176606,26.2659790214668
2008-10-22 12:00:00,2008,10,22,NA,15.4789741197982,21.6211939687575
2008-10-23 12:00:00,2008,10,23,NA,15.6466781384286,17.2990568574179
2008-10-24 12:00:00,2008,10,24,NA,12.526120414024,18.8321394024016
2008-10-25 12:00:00,2008,10,25,NA,11.2982252443225,20.385999306858
2008-10-26 12:00:00,2008,10,26,NA,8.57561411983321,19.618944285777
2008-10-27 12:00:00,2008,10,27,NA,9.28769061405574,19.7940412440292
2008-10-28 12:00:00,2008,10,28,NA,8.40670078445261,15.3924134102308
2008-10-29 12:00:00,2008,10,29,NA,6.12076806863827,11.8663245612135
2008-10-30 12:00:00,2008,10,30,NA,7.45571526400812,21.0194734962586
2008-10-31 12:00:00,2008,10,31,NA,6.84319603949462,20.1184803401597
2008-11-01 12:00:00,2008,11,1,NA,8.45042461679562,21.7184827401884
2008-11-02 12:00:00,2008,11,2,NA,7.47744805517383,19.5064677239562
2008-11-03 12:00:00,2008,11,3,NA,9.29870373828512,19.5413656677197
2008-11-04 12:00:00,2008,11,4,NA,12.032262301871,22.3689606000232
2008-11-05 12:00:00,2008,11,5,NA,10.3711837988097,17.1612264303384
2008-11-06 12:00:00,2008,11,6,NA,4.42029538717223,12.3898276073458
2008-11-07 12:00:00,2008,11,7,NA,2.80129484344898,16.0289721130308
2008-11-08 12:00:00,2008,11,8,NA,3.26061839650812,18.0988137839769
2008-11-09 12:00:00,2008,11,9,NA,-1.5263269380284,8.24974039627679
2008-11-10 12:00:00,2008,11,10,NA,-1.00282911230625,10.6216673457128
2008-11-11 12:00:00,2008,11,11,NA,1.9763982516933,7.15127922684817
2008-11-12 12:00:00,2008,11,12,NA,2.10132140396411,6.21276458619638
2008-11-13 12:00:00,2008,11,13,NA,2.87809917011536,6.98954235234763
2008-11-14 12:00:00,2008,11,14,NA,2.24728195125211,11.6682987069644
2008-11-15 12:00:00,2008,11,15,NA,-1.70090378777638,6.36345690298644
2008-11-16 12:00:00,2008,11,16,NA,-9.23550838355614,4.22202078051082
2008-11-17 12:00:00,2008,11,17,NA,-5.7824217247867,9.27693556763186
2008-11-18 12:00:00,2008,11,18,NA,-7.16358469148606,5.99414328466098
2008-11-19 12:00:00,2008,11,19,NA,-4.45057688651806,10.2265815889267
2008-11-20 12:00:00,2008,11,20,NA,0.0474597194707336,12.7496791242943
2008-11-21 12:00:00,2008,11,21,NA,1.56355539427153,15.2936742912841
2008-11-22 12:00:00,2008,11,22,NA,2.30119117692577,17.6653359426862
2008-11-23 12:00:00,2008,11,23,NA,2.91236114749794,13.2700413389831
2008-11-24 12:00:00,2008,11,24,NA,1.36959340408841,14.1108489492189
2008-11-25 12:00:00,2008,11,25,NA,3.37106864863414,14.2262651294505
2008-11-26 12:00:00,2008,11,26,NA,2.42179522893778,10.8398914115455
2008-11-27 12:00:00,2008,11,27,NA,-1.45675735925607,13.9730347571528
2008-11-28 12:00:00,2008,11,28,NA,-3.26277543049464,2.13177793583748
2008-11-29 12:00:00,2008,11,29,NA,-0.192603417783561,5.85938920881626
2008-11-30 12:00:00,2008,11,30,NA,-0.237609039526641,6.98763632357499
2008-12-01 12:00:00,2008,12,1,NA,-0.18401272176075,11.9371794123061
2008-12-02 12:00:00,2008,12,2,NA,2.28805551010554,7.47087838960907
2008-12-03 12:00:00,2008,12,3,NA,0.501704667742397,13.1611258442217
2008-12-04 12:00:00,2008,12,4,NA,-0.156019873670183,8.26869109570706
2008-12-05 12:00:00,2008,12,5,NA,-6.53831228632227,7.10873692821176
2008-12-06 12:00:00,2008,12,6,NA,-2.50422043305378,4.90597275381384
2008-12-07 12:00:00,2008,12,7,NA,-3.11989023167994,8.04447552472891
2008-12-08 12:00:00,2008,12,8,NA,-5.84653144793569,0.966181082133425
2008-12-09 12:00:00,2008,12,9,NA,-6.84721127040232,-0.781871723898014
2008-12-10 12:00:00,2008,12,10,NA,-6.5880225990456,5.68644213956159
2008-12-11 12:00:00,2008,12,11,NA,-4.12751485179445,11.0316511528348
2008-12-12 12:00:00,2008,12,12,NA,3.58375555507691,11.6775293465823
2008-12-13 12:00:00,2008,12,13,NA,0.346092596014873,4.40165236837877
2008-12-14 12:00:00,2008,12,14,NA,1.9486902179116,4.27885061763017
2008-12-15 12:00:00,2008,12,15,NA,-1.98342643258117,2.45198583353607
2008-12-16 12:00:00,2008,12,16,NA,-0.701413795453419,4.54454555640853
2008-12-17 12:00:00,2008,12,17,NA,-1.99204991072759,7.15118736665613
2008-12-18 12:00:00,2008,12,18,NA,-3.28014958615428,4.80860868216976
2008-12-19 12:00:00,2008,12,19,NA,-4.57531381953793,2.71577783253172
2008-12-20 12:00:00,2008,12,20,NA,-3.27750435781794,4.37812395886752
2008-12-21 12:00:00,2008,12,21,NA,-1.20592122689228,9.56792887390205
2008-12-22 12:00:00,2008,12,22,NA,-3.94346604805314,4.48785115670822
2008-12-23 12:00:00,2008,12,23,NA,-3.5815967337442,6.94945226588624
2008-12-24 12:00:00,2008,12,24,NA,-3.48186828623845,3.3095001451509
2008-12-25 12:00:00,2008,12,25,NA,-4.69771350853706,9.17064952324573
2008-12-26 12:00:00,2008,12,26,NA,-2.98048528226498,7.53762876010297
2008-12-27 12:00:00,2008,12,27,NA,-3.54810499369595,5.28608376148947
2008-12-28 12:00:00,2008,12,28,NA,-6.67071884519078,9.56790188007519
2008-12-29 12:00:00,2008,12,29,NA,-3.47300324303892,10.4447837745987
2008-12-30 12:00:00,2008,12,30,NA,-2.98443299360185,11.2436552571095
2008-12-31 12:00:00,2008,12,31,NA,-2.3403050613985,5.51390787034358
2009-01-01 12:00:00,2009,1,1,NA,-5.93173734099689,1.66363158575556
2009-01-02 12:00:00,2009,1,2,NA,-7.80562804946752,-0.21025912271507
2009-01-03 12:00:00,2009,1,3,NA,-8.37196252134215,-3.31091658015265
2009-01-04 12:00:00,2009,1,4,NA,-8.49891066808767,-1.03266685163009
2009-01-05 12:00:00,2009,1,5,NA,-8.0716867794096,3.75793971335108
2009-01-06 12:00:00,2009,1,6,NA,-7.53378665388219,2.13656839289864
2009-01-07 12:00:00,2009,1,7,NA,-8.48188709886059,-2.92879878610196
2009-01-08 12:00:00,2009,1,8,NA,-10.1948749463941,2.98911103532851
2009-01-09 12:00:00,2009,1,9,NA,-12.3212168831052,-3.19549983601028
2009-01-10 12:00:00,2009,1,10,NA,-11.0096479852236,-1.41400974084402
2009-01-11 12:00:00,2009,1,11,NA,-7.92446077996819,1.43073073193744
2009-01-12 12:00:00,2009,1,12,NA,-8.08264360133327,4.04994682405321
2009-01-13 12:00:00,2009,1,13,NA,-6.97278858672102,4.55067445535323
2009-01-14 12:00:00,2009,1,14,NA,-7.99055743146485,1.23663586264485
2009-01-15 12:00:00,2009,1,15,NA,-6.09723921552313,8.15943511026177
2009-01-16 12:00:00,2009,1,16,NA,-3.78342590775305,6.16875815859973
2009-01-17 12:00:00,2009,1,17,NA,-2.87215892417185,11.0578703998453
2009-01-18 12:00:00,2009,1,18,NA,-1.67403907481424,8.27814499153854
2009-01-19 12:00:00,2009,1,19,NA,-1.29362006804254,5.49875398223252
2009-01-20 12:00:00,2009,1,20,NA,-2.43712859667744,5.36622270311406
2009-01-21 12:00:00,2009,1,21,NA,-0.831681067408669,6.95394044889788
2009-01-22 12:00:00,2009,1,22,NA,-0.548418248442274,9.24988549153607
2009-01-23 12:00:00,2009,1,23,NA,-3.57197887823486,4.96325834233376
2009-01-24 12:00:00,2009,1,24,NA,-4.06675385142153,-1.14127028666008
2009-01-25 12:00:00,2009,1,25,NA,-7.39367296120748,-1.79494369909344
2009-01-26 12:00:00,2009,1,26,NA,-6.03394728950964,0.611042290038813
2009-01-27 12:00:00,2009,1,27,NA,-7.10887565557007,-0.944140360546863
2009-01-28 12:00:00,2009,1,28,NA,-6.42299566667266,2.14611285734364
2009-01-29 12:00:00,2009,1,29,NA,-5.46342297692836,10.1151489637968
2009-01-30 12:00:00,2009,1,30,NA,-2.57227241817087,9.25751741757945
2009-01-31 12:00:00,2009,1,31,NA,-1.44262409083835,9.87322990817249
2009-02-01 12:00:00,2009,2,1,NA,-1.93696236538702,8.39555915449071
2009-02-02 12:00:00,2009,2,2,NA,1.08714779776797,12.3455493990863
2009-02-03 12:00:00,2009,2,3,NA,-0.360724058746117,14.136167332469
2009-02-04 12:00:00,2009,2,4,NA,-2.7044510780377,12.7608222235599
2009-02-05 12:00:00,2009,2,5,NA,3.71184904881483,14.1916582069003
2009-02-06 12:00:00,2009,2,6,NA,-0.373276302211408,9.65099369772481
2009-02-07 12:00:00,2009,2,7,NA,1.95867172450798,11.2774219799574
2009-02-08 12:00:00,2009,2,8,NA,1.2003170163638,13.5812884584572
2009-02-09 12:00:00,2009,2,9,NA,-1.24285268211867,14.578900667536
2009-02-10 12:00:00,2009,2,10,NA,-0.866550433414645,14.1210994215031
2009-02-11 12:00:00,2009,2,11,NA,-2.36112529064887,3.95645136552027
2009-02-12 12:00:00,2009,2,12,NA,-5.1254562778543,7.45021988606173
2009-02-13 12:00:00,2009,2,13,NA,-4.71634652604535,4.54585189244577
2009-02-14 12:00:00,2009,2,14,NA,-4.53488286366012,7.36781365104491
2009-02-15 12:00:00,2009,2,15,NA,-4.0931558213698,10.133666900503
2009-02-16 12:00:00,2009,2,16,NA,-0.927061108983292,9.90111624652634
2009-02-17 12:00:00,2009,2,17,NA,-2.38877122914579,9.62783187013925
2009-02-18 12:00:00,2009,2,18,NA,-0.940592184665094,10.2225988296712
2009-02-19 12:00:00,2009,2,19,NA,0.7045306671283,8.76743619782362
2009-02-20 12:00:00,2009,2,20,NA,1.35766730260608,4.73153385653794
2009-02-21 12:00:00,2009,2,21,NA,3.50033148238202,10.8135167775289
2009-02-22 12:00:00,2009,2,22,NA,3.51341366423571,12.4003868980993
2009-02-23 12:00:00,2009,2,23,NA,4.21026713172071,12.2358004257219
2009-02-24 12:00:00,2009,2,24,NA,2.27035744696473,8.3076315857696
2009-02-25 12:00:00,2009,2,25,NA,-0.529082651627127,5.17839400874269
2009-02-26 12:00:00,2009,2,26,NA,1.11810231138904,10.7181381046399
2009-02-27 12:00:00,2009,2,27,NA,1.11005253849717,11.4497528295894
2009-02-28 12:00:00,2009,2,28,NA,5.52075111460239,20.9152716179224
2009-03-01 12:00:00,2009,3,1,NA,4.34504491843435,13.4365596729187
2009-03-02 12:00:00,2009,3,2,NA,3.83099364597784,12.2856163866489
2009-03-03 12:00:00,2009,3,3,NA,2.2924257096247,14.4467470714043
2009-03-04 12:00:00,2009,3,4,NA,1.84193150151184,19.0356178795643
2009-03-05 12:00:00,2009,3,5,NA,6.73252005510524,19.0986607585905
2009-03-06 12:00:00,2009,3,6,NA,5.4888655574366,12.7651107440214
2009-03-07 12:00:00,2009,3,7,NA,-2.71277229421776,7.97222700457483
2009-03-08 12:00:00,2009,3,8,NA,-3.49267975700238,11.2193217322504
2009-03-09 12:00:00,2009,3,9,NA,0.578679642334582,12.0316008894266
2009-03-10 12:00:00,2009,3,10,NA,1.8193643969981,8.53930307778552
2009-03-11 12:00:00,2009,3,11,NA,1.03671322877074,8.91391453350353
2009-03-12 12:00:00,2009,3,12,NA,-1.33243369837988,9.89646282241784
2009-03-13 12:00:00,2009,3,13,NA,-6.32733795285775,11.7355804235692
2009-03-14 12:00:00,2009,3,14,NA,-1.92401732441114,13.4948091329913
2009-03-15 12:00:00,2009,3,15,NA,-2.0458043355476,11.9437667942364
2009-03-16 12:00:00,2009,3,16,NA,-1.28593546251301,14.6597212991913
2009-03-17 12:00:00,2009,3,17,NA,-1.28105344233788,16.4878034755653
2009-03-18 12:00:00,2009,3,18,NA,2.46306336234882,19.0773141079949
2009-03-19 12:00:00,2009,3,19,NA,3.36751085870429,22.8367780087674
2009-03-20 12:00:00,2009,3,20,NA,4.26423562764509,17.4675064925588
2009-03-21 12:00:00,2009,3,21,NA,4.50496987391865,9.08823494254666
2009-03-22 12:00:00,2009,3,22,NA,4.81616926818443,11.1133687743752
2009-03-23 12:00:00,2009,3,23,NA,1.13615225258189,7.64174582983626
2009-03-24 12:00:00,2009,3,24,NA,0.143832101754946,8.5796602774644
2009-03-25 12:00:00,2009,3,25,NA,0.522517240524954,12.4573300699957
2009-03-26 12:00:00,2009,3,26,NA,1.89518447907822,14.042130054668
2009-03-27 12:00:00,2009,3,27,NA,5.05646576745768,20.3093767869894
2009-03-28 12:00:00,2009,3,28,NA,8.03917798681224,16.2340135241722
2009-03-29 12:00:00,2009,3,29,NA,5.89023311774128,15.0369412436979
2009-03-30 12:00:00,2009,3,30,NA,6.78309663771488,10.6987142507554
2009-03-31 12:00:00,2009,3,31,NA,3.6703223515936,9.04079048372461
2009-04-01 12:00:00,2009,4,1,NA,2.97075700162708,10.0391361083759
2009-04-02 12:00:00,2009,4,2,NA,3.03133076157973,14.0041601636193
2009-04-03 12:00:00,2009,4,3,NA,2.26540030896682,14.693325717323
2009-04-04 12:00:00,2009,4,4,NA,1.15472706741517,18.7727688905818
2009-04-05 12:00:00,2009,4,5,NA,-0.814298353230846,14.9801518033961
2009-04-06 12:00:00,2009,4,6,NA,2.35679806819035,15.7380381994309
2009-04-07 12:00:00,2009,4,7,NA,4.10917135935321,20.1036011267729
2009-04-08 12:00:00,2009,4,8,NA,7.03651976858063,16.3627331191597
2009-04-09 12:00:00,2009,4,9,NA,2.0457473436211,21.7668543096251
2009-04-10 12:00:00,2009,4,10,NA,3.58573355588365,18.4517345981645
2009-04-11 12:00:00,2009,4,11,NA,2.28550841869079,18.8750349366541
2009-04-12 12:00:00,2009,4,12,NA,5.92924049320359,20.1109308374139
2009-04-13 12:00:00,2009,4,13,NA,5.76226730803633,16.6781615275321
2009-04-14 12:00:00,2009,4,14,NA,3.66393050138187,11.562562461447
2009-04-15 12:00:00,2009,4,15,NA,5.76992451626616,21.7813876402664
2009-04-16 12:00:00,2009,4,16,NA,6.12996902021445,22.0733167631562
2009-04-17 12:00:00,2009,4,17,NA,7.77185081819638,19.4092711811974
2009-04-18 12:00:00,2009,4,18,NA,6.90261689382213,15.6498437603542
2009-04-19 12:00:00,2009,4,19,NA,7.17075777882778,18.0280845016408
2009-04-20 12:00:00,2009,4,20,NA,7.31701524610123,24.2008497079509
2009-04-21 12:00:00,2009,4,21,NA,10.0023560439302,17.9699844994188
2009-04-22 12:00:00,2009,4,22,NA,8.35718810209259,23.0832429123428
2009-04-23 12:00:00,2009,4,23,NA,11.8024200278609,26.6755319919428
2009-04-24 12:00:00,2009,4,24,NA,12.6411784145154,27.9044691776959
2009-04-25 12:00:00,2009,4,25,NA,18.7922739015129,27.1744218359365
2009-04-26 12:00:00,2009,4,26,NA,15.4241774704086,25.3171249806326
2009-04-27 12:00:00,2009,4,27,NA,10.768078727522,26.4329999640768
2009-04-28 12:00:00,2009,4,28,NA,14.341017258739,28.8722504466519
2009-04-29 12:00:00,2009,4,29,NA,15.9994957329014,30.5307289208142
2009-04-30 12:00:00,2009,4,30,NA,14.616707945768,28.7545669926435
2009-05-01 12:00:00,2009,5,1,NA,12.4802402744376,29.1963297268163
2009-05-02 12:00:00,2009,5,2,NA,14.3969605295995,31.4387916812175
2009-05-03 12:00:00,2009,5,3,NA,12.3123972306597,27.3357952307629
2009-05-04 12:00:00,2009,5,4,NA,12.0383999906884,28.6720734787217
2009-05-05 12:00:00,2009,5,5,NA,13.1364264454875,27.816323800194
2009-05-06 12:00:00,2009,5,6,NA,14.8841730867963,28.1777909380312
2009-05-07 12:00:00,2009,5,7,NA,13.7391538292982,24.2887552743386
2009-05-08 12:00:00,2009,5,8,NA,11.4811670951657,27.3997212252292
2009-05-09 12:00:00,2009,5,9,NA,10.9169904073083,22.3119118828404
2009-05-10 12:00:00,2009,5,10,NA,11.3260234122762,18.280070004982
2009-05-11 12:00:00,2009,5,11,NA,11.5828428743683,23.2684584077482
2009-05-12 12:00:00,2009,5,12,NA,10.7661779056112,27.1292349471461
2009-05-13 12:00:00,2009,5,13,NA,10.5579933752148,23.7542000667784
2009-05-14 12:00:00,2009,5,14,NA,10.2685593751372,25.194897460529
2009-05-15 12:00:00,2009,5,15,NA,16.5201752794176,23.1489896944085
2009-05-16 12:00:00,2009,5,16,NA,15.0536553506991,26.0870246832959
2009-05-17 12:00:00,2009,5,17,NA,14.3352817448751,26.6805540874103
2009-05-18 12:00:00,2009,5,18,NA,11.2422649340745,23.6713580358173
2009-05-19 12:00:00,2009,5,19,NA,12.3305092885035,22.7091317907027
2009-05-20 12:00:00,2009,5,20,NA,15.074875817333,24.9006619672039
2009-05-21 12:00:00,2009,5,21,NA,13.504387934465,27.1496727775032
2009-05-22 12:00:00,2009,5,22,NA,16.7077227854382,22.6891081289712
2009-05-23 12:00:00,2009,5,23,NA,11.9507398644649,28.2604612113707
2009-05-24 12:00:00,2009,5,24,NA,11.7513102705141,28.4192349659871
2009-05-25 12:00:00,2009,5,25,NA,12.5579771251574,30.2399745371831
2009-05-26 12:00:00,2009,5,26,NA,14.2596157270398,24.1262310617408
2009-05-27 12:00:00,2009,5,27,NA,13.439302700797,27.6696860839223
2009-05-28 12:00:00,2009,5,28,NA,14.5844066780682,29.1497326782422
2009-05-29 12:00:00,2009,5,29,NA,14.9115519496759,30.8853668448532
2009-05-30 12:00:00,2009,5,30,NA,16.8923008771692,32.887329657595
2009-05-31 12:00:00,2009,5,31,NA,19.7252836487701,31.41089918215
2009-06-01 12:00:00,2009,6,1,NA,17.7201278291177,27.0687760878758
2009-06-02 12:00:00,2009,6,2,NA,14.5005858185938,22.7031339223993
2009-06-03 12:00:00,2009,6,3,NA,14.6573948458465,25.7461953894457
2009-06-04 12:00:00,2009,6,4,NA,14.2358269587769,23.3386692275611
2009-06-05 12:00:00,2009,6,5,NA,16.1228333131752,22.2823179201683
2009-06-06 12:00:00,2009,6,6,NA,14.1200664517112,22.2055906949173
2009-06-07 12:00:00,2009,6,7,NA,6.81369172272293,25.8865046203662
2009-06-08 12:00:00,2009,6,8,NA,15.0053254793961,24.0231023639468
2009-06-09 12:00:00,2009,6,9,NA,17.9604860186315,20.7457755678087
2009-06-10 12:00:00,2009,6,10,NA,16.4199092886257,25.5613007961614
2009-06-11 12:00:00,2009,6,11,NA,16.3834375833578,27.9218366971634
2009-06-12 12:00:00,2009,6,12,NA,18.6286020345639,25.6445562986908
2009-06-13 12:00:00,2009,6,13,NA,18.0512653236406,29.1169274237047
2009-06-14 12:00:00,2009,6,14,NA,18.3791178675994,32.5209137213542
2009-06-15 12:00:00,2009,6,15,NA,20.9504656419533,33.0511792834728
2009-06-16 12:00:00,2009,6,16,NA,19.8241631728779,29.986996181625
2009-06-17 12:00:00,2009,6,17,NA,22.6098534414726,25.684351281549
2009-06-18 12:00:00,2009,6,18,NA,20.836185576063,29.9533569827102
2009-06-19 12:00:00,2009,6,19,NA,18.919393773438,26.9472820746125
2009-06-20 12:00:00,2009,6,20,NA,18.1702947800162,27.7898329097444
2009-06-21 12:00:00,2009,6,21,NA,17.851013023099,28.3754496812338
2009-06-22 12:00:00,2009,6,22,NA,18.0256058661445,29.8890677221741
2009-06-23 12:00:00,2009,6,23,NA,19.330092986042,32.4029199223381
2009-06-24 12:00:00,2009,6,24,NA,21.01340163369,29.5922520225223
2009-06-25 12:00:00,2009,6,25,NA,17.6892355362502,21.3330076983855
2009-06-26 12:00:00,2009,6,26,NA,17.6880074563196,23.0532150391208
2009-06-27 12:00:00,2009,6,27,NA,15.5825939960862,29.4461796488195
2009-06-28 12:00:00,2009,6,28,NA,18.0597025251113,30.0877040877805
2009-06-29 12:00:00,2009,6,29,NA,20.9177298573768,25.7092095470679
2009-06-30 12:00:00,2009,6,30,NA,19.5491628094508,27.9553025464897
2009-07-01 12:00:00,2009,7,1,NA,19.1469070907505,23.691505947679
2009-07-02 12:00:00,2009,7,2,NA,18.0534119879476,22.3005607036487
2009-07-03 12:00:00,2009,7,3,NA,18.403716135758,24.150514565545
2009-07-04 12:00:00,2009,7,4,NA,18.1469143878241,24.7654905432788
2009-07-05 12:00:00,2009,7,5,NA,18.2906647534347,27.2504987607479
2009-07-06 12:00:00,2009,7,6,NA,21.2226026635996,30.3386699160549
2009-07-07 12:00:00,2009,7,7,NA,19.6155279842154,27.8800574357917
2009-07-08 12:00:00,2009,7,8,NA,21.794865096875,29.1801990083032
2009-07-09 12:00:00,2009,7,9,NA,24.2119698034579,33.073491599363
2009-07-10 12:00:00,2009,7,10,NA,23.2082234248416,28.0424873658716
2009-07-11 12:00:00,2009,7,11,NA,21.2881288545821,28.1964831806507
2009-07-12 12:00:00,2009,7,12,NA,20.1425312932379,26.7450880508965
2009-07-13 12:00:00,2009,7,13,NA,20.99110944568,29.4821502556774
2009-07-14 12:00:00,2009,7,14,NA,25.6870922814921,31.9815004928245
2009-07-15 12:00:00,2009,7,15,NA,26.4052573606748,30.0789145703373
2009-07-16 12:00:00,2009,7,16,NA,25.5533083918141,31.6008164992084
2009-07-17 12:00:00,2009,7,17,NA,23.193638242697,30.1399939977775
2009-07-18 12:00:00,2009,7,18,NA,24.411430186012,31.99996019294
2009-07-19 12:00:00,2009,7,19,NA,23.8465012544085,32.1110307059848
2009-07-20 12:00:00,2009,7,20,NA,23.0046770513712,27.0174242698321
2009-07-21 12:00:00,2009,7,21,NA,22.3630864388485,30.4538670576579
2009-07-22 12:00:00,2009,7,22,NA,22.3035963266233,29.2091740186045
2009-07-23 12:00:00,2009,7,23,NA,22.172012219065,29.9278630224586
2009-07-24 12:00:00,2009,7,24,NA,22.1130176440722,26.1244399641745
2009-07-25 12:00:00,2009,7,25,NA,23.5686736697798,30.6454821584407
2009-07-26 12:00:00,2009,7,26,NA,24.3665674930689,35.4883901269842
2009-07-27 12:00:00,2009,7,27,NA,25.7575330982504,35.7223824986242
2009-07-28 12:00:00,2009,7,28,NA,27.4068142037487,34.3168288347371
2009-07-29 12:00:00,2009,7,29,NA,23.9048086487875,35.1045530002217
2009-07-30 12:00:00,2009,7,30,NA,20.8019660586554,25.7701372756232
2009-07-31 12:00:00,2009,7,31,NA,21.8323300403774,30.1822456621195
2009-08-01 12:00:00,2009,8,1,NA,22.9872350432496,30.9201995776164
2009-08-02 12:00:00,2009,8,2,NA,23.0568980206274,30.5483910170977
2009-08-03 12:00:00,2009,8,3,NA,23.4696634798946,29.9369487942926
2009-08-04 12:00:00,2009,8,4,NA,23.5083042985286,31.1853036232299
2009-08-05 12:00:00,2009,8,5,NA,26.1481163658774,29.3039121634804
2009-08-06 12:00:00,2009,8,6,NA,28.4273235092864,32.757512845206
2009-08-07 12:00:00,2009,8,7,NA,24.9600110652735,35.156852271569
2009-08-08 12:00:00,2009,8,8,NA,25.7994535501971,34.4426828258415
2009-08-09 12:00:00,2009,8,9,NA,23.6331731806519,30.10045849505
2009-08-10 12:00:00,2009,8,10,NA,22.9833336871962,30.5124798595758
2009-08-11 12:00:00,2009,8,11,NA,22.4459359761386,29.0650185225775
2009-08-12 12:00:00,2009,8,12,NA,21.4761364719061,29.7492610510822
2009-08-13 12:00:00,2009,8,13,NA,23.8635770415643,34.4281242727992
2009-08-14 12:00:00,2009,8,14,NA,26.0034823686053,36.5310795459881
2009-08-15 12:00:00,2009,8,15,NA,25.5055440333466,36.0742798933961
2009-08-16 12:00:00,2009,8,16,NA,25.1659802985924,34.8846445769997
2009-08-17 12:00:00,2009,8,17,NA,27.0148903114732,33.3929008824691
2009-08-18 12:00:00,2009,8,18,NA,23.8206778114906,28.8513011373472
2009-08-19 12:00:00,2009,8,19,NA,23.3090796674243,26.298919108651
2009-08-20 12:00:00,2009,8,20,NA,23.4892489133303,27.0737298482615
2009-08-21 12:00:00,2009,8,21,NA,22.4325724447954,30.4899327448674
2009-08-22 12:00:00,2009,8,22,NA,23.7399985313088,33.643787143134
2009-08-23 12:00:00,2009,8,23,NA,24.660098659277,34.2862548944309
2009-08-24 12:00:00,2009,8,24,NA,23.9794882299144,33.3411055715126
2009-08-25 12:00:00,2009,8,25,NA,23.8383323755576,35.1590234223962
2009-08-26 12:00:00,2009,8,26,NA,25.204869375631,33.8530142570949
2009-08-27 12:00:00,2009,8,27,NA,25.0093741895,34.1480741168616
2009-08-28 12:00:00,2009,8,28,NA,22.8935266495124,31.5367559251568
2009-08-29 12:00:00,2009,8,29,NA,23.1125974452431,31.6548977369365
2009-08-30 12:00:00,2009,8,30,NA,23.7715990260131,32.4095050423272
2009-08-31 12:00:00,2009,8,31,NA,23.7157541667287,31.3952400477157
2009-09-01 12:00:00,2009,9,1,NA,22.0632536629679,31.8505777158409
2009-09-02 12:00:00,2009,9,2,NA,22.3068572096907,30.609675384405
2009-09-03 12:00:00,2009,9,3,NA,17.9622523276683,27.5560803763285
2009-09-04 12:00:00,2009,9,4,NA,18.2000532145592,30.3378215311714
2009-09-05 12:00:00,2009,9,5,NA,18.9867544095946,33.8787707804096
2009-09-06 12:00:00,2009,9,6,NA,23.0588871341643,35.7720377937504
2009-09-07 12:00:00,2009,9,7,NA,22.2546449655032,32.8366349023497
2009-09-08 12:00:00,2009,9,8,NA,19.2872460178122,33.474260748109
2009-09-09 12:00:00,2009,9,9,NA,17.9198981382654,30.3938476533154
2009-09-10 12:00:00,2009,9,10,NA,16.3573458947113,28.938005554083
2009-09-11 12:00:00,2009,9,11,NA,18.2815920841549,28.1188471312641
2009-09-12 12:00:00,2009,9,12,NA,19.3885312246573,28.8855490998217
2009-09-13 12:00:00,2009,9,13,NA,17.7353389232321,26.4876111510749
2009-09-14 12:00:00,2009,9,14,NA,21.8113196025811,30.8250653475484
2009-09-15 12:00:00,2009,9,15,NA,18.1211257742613,31.5411436545718
2009-09-16 12:00:00,2009,9,16,NA,20.5490969093788,25.8399863067347
2009-09-17 12:00:00,2009,9,17,NA,17.7897837405862,24.6697283233969
2009-09-18 12:00:00,2009,9,18,NA,16.0159707565006,21.5168508883989
2009-09-19 12:00:00,2009,9,19,NA,15.4137651112613,26.7142554292569
2009-09-20 12:00:00,2009,9,20,NA,16.569181408607,24.2429204205855
2009-09-21 12:00:00,2009,9,21,NA,13.9757731501812,26.9533191818775
2009-09-22 12:00:00,2009,9,22,NA,15.4610410906171,24.7541724837696
2009-09-23 12:00:00,2009,9,23,NA,15.3039688741729,20.861086672102
2009-09-24 12:00:00,2009,9,24,NA,15.2595291515553,22.4077982027594
2009-09-25 12:00:00,2009,9,25,NA,15.6191201449858,25.5371143086167
2009-09-26 12:00:00,2009,9,26,NA,14.4856716984133,25.9891204815989
2009-09-27 12:00:00,2009,9,27,NA,14.7944105865534,25.3116850932904
2009-09-28 12:00:00,2009,9,28,NA,13.1811638889718,25.2894825438482
2009-09-29 12:00:00,2009,9,29,NA,14.9055721103088,28.3266428423657
2009-09-30 12:00:00,2009,9,30,NA,16.5671543985798,21.3619266567306
2009-10-01 12:00:00,2009,10,1,NA,16.1718229634773,19.162807454575
2009-10-02 12:00:00,2009,10,2,NA,15.427777199337,24.7831040116729
2009-10-03 12:00:00,2009,10,3,NA,15.4687469991669,23.4491920802734
2009-10-04 12:00:00,2009,10,4,NA,12.8199150191136,22.8958504966644
2009-10-05 12:00:00,2009,10,5,NA,17.0269193723365,21.1130586975382
2009-10-06 12:00:00,2009,10,6,NA,11.7999126865896,20.5577789188043
2009-10-07 12:00:00,2009,10,7,NA,11.2074170650539,22.1741449105376
2009-10-08 12:00:00,2009,10,8,NA,12.0191607025076,19.572079238864
2009-10-09 12:00:00,2009,10,9,NA,9.99805497442348,22.6267118906838
2009-10-10 12:00:00,2009,10,10,NA,11.8516608786138,23.2060647235988
2009-10-11 12:00:00,2009,10,11,NA,12.5644914237323,20.3998564918796
2009-10-12 12:00:00,2009,10,12,NA,10.5946349819646,19.6656625333374
2009-10-13 12:00:00,2009,10,13,NA,13.1798362355327,25.3089727501085
2009-10-14 12:00:00,2009,10,14,NA,9.28981263518696,21.9184695514473
2009-10-15 12:00:00,2009,10,15,NA,10.921229406867,23.3654910508096
2009-10-16 12:00:00,2009,10,16,NA,9.23777603025227,23.024914704159
2009-10-17 12:00:00,2009,10,17,NA,7.15440560356431,19.8300183352472
2009-10-18 12:00:00,2009,10,18,NA,9.58207907182304,24.1667030670217
2009-10-19 12:00:00,2009,10,19,NA,8.75373590843992,22.9754250184469
2009-10-20 12:00:00,2009,10,20,NA,8.61604793133338,25.8261946577199
2009-10-21 12:00:00,2009,10,21,NA,8.69561564096047,23.0507480863545
2009-10-22 12:00:00,2009,10,22,NA,8.66506367330662,23.7449153194968
2009-10-23 12:00:00,2009,10,23,NA,8.90017138352071,23.0134814887307
2009-10-24 12:00:00,2009,10,24,NA,6.9178910547028,18.8630661578107
2009-10-25 12:00:00,2009,10,25,NA,7.29926948798028,18.0504589437424
2009-10-26 12:00:00,2009,10,26,NA,8.42016179738226,19.0864767451689
2009-10-27 12:00:00,2009,10,27,NA,6.69950213424695,20.0744445047336
2009-10-28 12:00:00,2009,10,28,NA,7.92634220355257,21.8927572024938
2009-10-29 12:00:00,2009,10,29,NA,7.14675749727645,17.3970207611501
2009-10-30 12:00:00,2009,10,30,NA,5.17114999662513,18.2347838705671
2009-10-31 12:00:00,2009,10,31,NA,5.98147869008913,19.6844786365964
2009-11-01 12:00:00,2009,11,1,NA,10.8078877412167,19.8847574853122
2009-11-02 12:00:00,2009,11,2,NA,10.0734760239129,11.788588157791
2009-11-03 12:00:00,2009,11,3,NA,6.23537976528781,12.4255458095683
2009-11-04 12:00:00,2009,11,4,NA,6.62438866638373,16.263732284621
2009-11-05 12:00:00,2009,11,5,NA,4.74569237759749,12.6949443390192
2009-11-06 12:00:00,2009,11,6,NA,3.37737415125489,10.2164712609556
2009-11-07 12:00:00,2009,11,7,NA,-2.02217387776633,12.9450925834279
2009-11-08 12:00:00,2009,11,8,NA,1.38655090045072,9.38000708447397
2009-11-09 12:00:00,2009,11,9,NA,0.41498357358863,12.944356060098
2009-11-10 12:00:00,2009,11,10,NA,1.92901708924818,14.2739781106926
2009-11-11 12:00:00,2009,11,11,NA,1.97844516468006,9.6343134560164
2009-11-12 12:00:00,2009,11,12,NA,-0.50067103192524,8.584935128083
2009-11-13 12:00:00,2009,11,13,NA,0.891679754056149,8.9662988033456
2009-11-14 12:00:00,2009,11,14,NA,4.7369784613967,10.9402865011126
2009-11-15 12:00:00,2009,11,15,NA,6.12954118599909,14.1939018767619
2009-11-16 12:00:00,2009,11,16,NA,2.62194981632499,16.0377219098153
2009-11-17 12:00:00,2009,11,17,NA,3.49934133818233,18.3086973922436
2009-11-18 12:00:00,2009,11,18,NA,3.32231956935196,19.7159116567599
2009-11-19 12:00:00,2009,11,19,NA,7.12539359377461,21.4510537815933
2009-11-20 12:00:00,2009,11,20,NA,8.40733462660975,13.1426777634085
2009-11-21 12:00:00,2009,11,21,NA,2.27362118370802,13.2442522185196
2009-11-22 12:00:00,2009,11,22,NA,5.48074903379835,10.8899347795979
2009-11-23 12:00:00,2009,11,23,NA,2.27820863400636,14.0046539664336
2009-11-24 12:00:00,2009,11,24,NA,2.26470889975916,10.226694703414
2009-11-25 12:00:00,2009,11,25,NA,1.04768050914939,13.3602025938052
2009-11-26 12:00:00,2009,11,26,NA,3.31761360341863,13.6466350415159
2009-11-27 12:00:00,2009,11,27,NA,0.983997752656008,8.71897203052924
2009-11-28 12:00:00,2009,11,28,NA,-0.548246393710696,12.9244360407331
2009-11-29 12:00:00,2009,11,29,NA,2.18857389921225,15.661256333656
2009-11-30 12:00:00,2009,11,30,NA,2.58092905801974,16.0384582220867
2009-12-01 12:00:00,2009,12,1,NA,2.64616163206683,14.1849264241217
2009-12-02 12:00:00,2009,12,2,NA,6.09325275400868,16.9288926933649
2009-12-03 12:00:00,2009,12,3,NA,5.24898077851481,14.0831695337002
2009-12-04 12:00:00,2009,12,4,NA,4.17957067634825,9.23300357447144
2009-12-05 12:00:00,2009,12,5,NA,2.47102036946146,11.7746314408217
2009-12-06 12:00:00,2009,12,6,NA,1.37297748638701,10.5795490533239
2009-12-07 12:00:00,2009,12,7,NA,-0.176228929653013,15.704764690577
2009-12-08 12:00:00,2009,12,8,NA,3.62806121736955,16.611443810087
2009-12-09 12:00:00,2009,12,9,NA,2.27930987443931,13.0848046634893
2009-12-10 12:00:00,2009,12,10,NA,0.56274592005922,13.8949909625347
2009-12-11 12:00:00,2009,12,11,NA,0.59088151211513,13.7472321150179
2009-12-12 12:00:00,2009,12,12,NA,4.46193873457219,14.1699680005355
2009-12-13 12:00:00,2009,12,13,NA,4.36288305621953,12.7394521465357
2009-12-14 12:00:00,2009,12,14,NA,1.79433090549384,6.73932864625884
2009-12-15 12:00:00,2009,12,15,NA,0.653150206557101,11.8775191328274
2009-12-16 12:00:00,2009,12,16,NA,-0.714506600532137,8.07474412925285
2009-12-17 12:00:00,2009,12,17,NA,-1.00545139273698,8.19864310795899
2009-12-18 12:00:00,2009,12,18,NA,-2.72782481629,3.66506745291781
2009-12-19 12:00:00,2009,12,19,NA,-2.4324383109221,4.55143595210637
2009-12-20 12:00:00,2009,12,20,NA,-2.3791285173473,7.84086682287475
2009-12-21 12:00:00,2009,12,21,NA,-2.18960201342092,7.00747056059396
2009-12-22 12:00:00,2009,12,22,NA,-2.01539629121162,11.1232857271768
2009-12-23 12:00:00,2009,12,23,NA,-2.91255770440099,13.5885049555306
2009-12-24 12:00:00,2009,12,24,NA,0.471307690298707,10.8861175855041
2009-12-25 12:00:00,2009,12,25,NA,-4.38298793957744,5.95327536385914
2009-12-26 12:00:00,2009,12,26,NA,-1.89763837888124,8.32235696134081
2009-12-27 12:00:00,2009,12,27,NA,-0.415363945752401,8.30926566398447
2009-12-28 12:00:00,2009,12,28,NA,-2.11736161073557,6.65880314639021
2009-12-29 12:00:00,2009,12,29,NA,-2.87979888651769,9.0372059286326
2009-12-30 12:00:00,2009,12,30,NA,-4.96388429723307,7.69572287943021
2009-12-31 12:00:00,2009,12,31,NA,-3.7085174665949,8.52261254602672
2010-01-01 12:00:00,2010,1,1,NA,-4.16140444454223,9.23116780605492
2010-01-02 12:00:00,2010,1,2,NA,-0.931034909019158,11.8463554814485
2010-01-03 12:00:00,2010,1,3,NA,-0.759327813369848,9.36406592048306
2010-01-04 12:00:00,2010,1,4,NA,-1.8024098899707,10.592347669316
2010-01-05 12:00:00,2010,1,5,NA,-0.906936373329004,10.9169611034187
2010-01-06 12:00:00,2010,1,6,NA,-0.296019632256174,12.0789826706163
2010-01-07 12:00:00,2010,1,7,NA,-0.376531562627423,9.77854199628534
2010-01-08 12:00:00,2010,1,8,NA,-0.977309791618851,5.56042850015945
2010-01-09 12:00:00,2010,1,9,NA,-5.24202147793181,-1.01516782530892
2010-01-10 12:00:00,2010,1,10,NA,-9.94359093235,4.41105974182775
2010-01-11 12:00:00,2010,1,11,NA,-6.1500685236543,8.70381005978952
2010-01-12 12:00:00,2010,1,12,NA,-8.4989150530769,0.0701934709393992
2010-01-13 12:00:00,2010,1,13,NA,-10.3880289531508,2.96801878871568
2010-01-14 12:00:00,2010,1,14,NA,-7.00140089109576,4.38722146602455
2010-01-15 12:00:00,2010,1,15,NA,-2.10825426500233,5.45967204050152
2010-01-16 12:00:00,2010,1,16,NA,1.00688306870408,9.61442517174693
2010-01-17 12:00:00,2010,1,17,NA,-0.657352849478298,11.6261133310469
2010-01-18 12:00:00,2010,1,18,NA,-0.880689010587657,7.82756297013148
2010-01-19 12:00:00,2010,1,19,NA,-2.95399660829128,8.10642583660532
2010-01-20 12:00:00,2010,1,20,NA,1.22918003641799,5.47655500162995
2010-01-21 12:00:00,2010,1,21,NA,-3.41394301101253,4.69752596335888
2010-01-22 12:00:00,2010,1,22,NA,-0.714997239561338,8.98190318661526
2010-01-23 12:00:00,2010,1,23,NA,-1.83060391802805,3.40368962846527
2010-01-24 12:00:00,2010,1,24,NA,3.32275214328375,8.86124570522534
2010-01-25 12:00:00,2010,1,25,NA,-2.16510623142045,3.25465978841845
2010-01-26 12:00:00,2010,1,26,NA,-3.91107524530426,3.53180139718339
2010-01-27 12:00:00,2010,1,27,NA,-4.42516590141396,5.34844047789206
2010-01-28 12:00:00,2010,1,28,NA,-1.99767632186301,5.0325044778019
2010-01-29 12:00:00,2010,1,29,NA,1.33670788969877,9.68873259982303
2010-01-30 12:00:00,2010,1,30,NA,2.01677805243987,5.03497199317173
2010-01-31 12:00:00,2010,1,31,NA,-2.55954917621232,0.365934388549132
2010-02-01 12:00:00,2010,2,1,NA,-1.38616551602595,7.84280326449276
2010-02-02 12:00:00,2010,2,2,NA,-0.34940407859707,10.7110183662995
2010-02-03 12:00:00,2010,2,3,NA,1.430297715181,14.8065381765517
2010-02-04 12:00:00,2010,2,4,NA,1.71715293176552,10.030220357281
2010-02-05 12:00:00,2010,2,5,NA,-0.91618462701169,7.02896676833508
2010-02-06 12:00:00,2010,2,6,NA,0.479107052168781,8.69567386712689
2010-02-07 12:00:00,2010,2,7,NA,-1.02057840067776,6.2864675658806
2010-02-08 12:00:00,2010,2,8,NA,-1.58298109889699,7.85506518880246
2010-02-09 12:00:00,2010,2,9,NA,-1.39110089553661,17.2637108817043
2010-02-10 12:00:00,2010,2,10,NA,-1.21913350527274,12.2716796980625
2010-02-11 12:00:00,2010,2,11,NA,1.80293498803477,16.0147787479655
2010-02-12 12:00:00,2010,2,12,NA,-2.87926141200412,10.3229492279647
2010-02-13 12:00:00,2010,2,13,NA,-1.21502183293034,11.0128775337565
2010-02-14 12:00:00,2010,2,14,NA,-4.09065908429715,9.75418011698836
2010-02-15 12:00:00,2010,2,15,NA,-2.88064078836204,8.86645721954762
2010-02-16 12:00:00,2010,2,16,NA,-2.9798128708782,7.30404656700671
2010-02-17 12:00:00,2010,2,17,NA,-3.43915780046998,10.8352238998041
2010-02-18 12:00:00,2010,2,18,NA,-4.46736252288275,11.6462443875909
2010-02-19 12:00:00,2010,2,19,NA,-0.549214338147052,8.29025434063938
2010-02-20 12:00:00,2010,2,20,NA,-2.25394897050359,8.03232826693171
2010-02-21 12:00:00,2010,2,21,NA,-0.794717684282839,12.1028244234724
2010-02-22 12:00:00,2010,2,22,NA,-1.99217848577948,14.1205336803866
2010-02-23 12:00:00,2010,2,23,NA,1.98386870855506,17.9400328098631
2010-02-24 12:00:00,2010,2,24,NA,2.20165902124764,16.4576840055083
2010-02-25 12:00:00,2010,2,25,NA,3.36177371723242,13.3095324700672
2010-02-26 12:00:00,2010,2,26,NA,7.09552260827163,16.3475455401722
2010-02-27 12:00:00,2010,2,27,NA,4.27339917663452,12.4676092427637
2010-02-28 12:00:00,2010,2,28,NA,4.81722310094609,9.89547620293475
2010-03-01 12:00:00,2010,3,1,NA,5.55988772238613,16.3020633825694
2010-03-02 12:00:00,2010,3,2,NA,5.51369774980407,15.7747661162471
2010-03-03 12:00:00,2010,3,3,NA,7.05619252563325,18.9636396753676
2010-03-04 12:00:00,2010,3,4,NA,2.12611984438423,14.823895361105
2010-03-05 12:00:00,2010,3,5,NA,0.899442410182385,10.8494858619029
2010-03-06 12:00:00,2010,3,6,NA,3.74214657236987,12.5981872999641
2010-03-07 12:00:00,2010,3,7,NA,4.86935971145079,12.0047290972858
2010-03-08 12:00:00,2010,3,8,NA,2.91456013694489,8.10506411282528
2010-03-09 12:00:00,2010,3,9,NA,0.27661404310194,11.1524199164149
2010-03-10 12:00:00,2010,3,10,NA,2.78254972488375,12.7325931766042
2010-03-11 12:00:00,2010,3,11,NA,1.56688381613235,14.7309888010248
2010-03-12 12:00:00,2010,3,12,NA,0.963824623416521,6.5746340020733
2010-03-13 12:00:00,2010,3,13,NA,-1.17967989518182,12.0405864394727
2010-03-14 12:00:00,2010,3,14,NA,-2.4406645044633,14.0843457902926
2010-03-15 12:00:00,2010,3,15,NA,1.74511192047693,12.1054985164241
2010-03-16 12:00:00,2010,3,16,NA,3.5989259711406,16.5378955532363
2010-03-17 12:00:00,2010,3,17,NA,7.16357907395268,11.4978706217594
2010-03-18 12:00:00,2010,3,18,NA,3.47444168761044,14.6529369624409
2010-03-19 12:00:00,2010,3,19,NA,1.66233220998464,12.5315863329002
2010-03-20 12:00:00,2010,3,20,NA,2.67373803129148,16.297839236839
2010-03-21 12:00:00,2010,3,21,NA,3.0045603815051,17.9726074246806
2010-03-22 12:00:00,2010,3,22,NA,3.132969396104,22.6022365461672
2010-03-23 12:00:00,2010,3,23,NA,4.77821588769062,19.3012104259241
2010-03-24 12:00:00,2010,3,24,NA,7.21952689448794,20.6970692103816
2010-03-25 12:00:00,2010,3,25,NA,7.16596921374127,19.1870373035845
2010-03-26 12:00:00,2010,3,26,NA,3.22046358335495,13.1095829800786
2010-03-27 12:00:00,2010,3,27,NA,-0.0111445918963042,8.10263072013591
2010-03-28 12:00:00,2010,3,28,NA,1.52121055458903,16.0172812598591
2010-03-29 12:00:00,2010,3,29,NA,-1.62940293106383,16.3717803896135
2010-03-30 12:00:00,2010,3,30,NA,1.17056102704037,15.2248629552584
2010-03-31 12:00:00,2010,3,31,NA,5.0426850370829,12.7013664251285
2010-04-01 12:00:00,2010,4,1,NA,6.43768984908135,11.3222645892907
2010-04-02 12:00:00,2010,4,2,NA,4.50908469295209,14.429022301494
2010-04-03 12:00:00,2010,4,3,NA,2.57971560117865,17.4587960933702
2010-04-04 12:00:00,2010,4,4,NA,4.28815435768843,15.7501830197047
2010-04-05 12:00:00,2010,4,5,NA,4.16291709530636,21.2067417387345
2010-04-06 12:00:00,2010,4,6,NA,5.89815522791609,21.8057344271447
2010-04-07 12:00:00,2010,4,7,NA,7.44977518931149,22.8229163261334
2010-04-08 12:00:00,2010,4,8,NA,8.82963466599717,22.0397689335208
2010-04-09 12:00:00,2010,4,9,NA,6.48969453161681,24.9770661981964
2010-04-10 12:00:00,2010,4,10,NA,5.39603958088289,18.3092668419035
2010-04-11 12:00:00,2010,4,11,NA,6.49174021316253,19.4218049336901
2010-04-12 12:00:00,2010,4,12,NA,7.44405033050437,24.9694605302171
2010-04-13 12:00:00,2010,4,13,NA,8.6340425857249,25.6758737373429
2010-04-14 12:00:00,2010,4,14,NA,14.0195835616429,25.7948297942997
2010-04-15 12:00:00,2010,4,15,NA,8.39401259929781,11.8674574650588
2010-04-16 12:00:00,2010,4,16,NA,8.67067675074763,20.0728512416438
2010-04-17 12:00:00,2010,4,17,NA,15.710311083933,23.8127566380939
2010-04-18 12:00:00,2010,4,18,NA,13.5877048550547,21.2196595231466
2010-04-19 12:00:00,2010,4,19,NA,10.5705746418658,19.9997615467068
2010-04-20 12:00:00,2010,4,20,NA,10.563400652001,24.5444917998983
2010-04-21 12:00:00,2010,4,21,NA,10.7503714963811,22.5859162463223
2010-04-22 12:00:00,2010,4,22,NA,7.92499838929387,24.8085254153749
2010-04-23 12:00:00,2010,4,23,NA,3.6488981988395,23.3116052885123
2010-04-24 12:00:00,2010,4,24,NA,7.2176617284255,24.1014961902752
2010-04-25 12:00:00,2010,4,25,NA,1.97207443574777,15.5212943703624
2010-04-26 12:00:00,2010,4,26,NA,4.80844306919983,17.8122222577108
2010-04-27 12:00:00,2010,4,27,NA,6.52324457780474,21.347086038502
2010-04-28 12:00:00,2010,4,28,NA,10.4217905975164,24.3516273635323
2010-04-29 12:00:00,2010,4,29,NA,13.0221776678919,26.0259568564029
2010-04-30 12:00:00,2010,4,30,NA,10.8280109848466,26.5630910394228
2010-05-01 12:00:00,2010,5,1,NA,11.3806862705029,24.9511316045998
2010-05-02 12:00:00,2010,5,2,NA,11.0311362242158,25.922754345187
2010-05-03 12:00:00,2010,5,3,NA,10.3656112911993,22.8067190441699
2010-05-04 12:00:00,2010,5,4,NA,9.68765400489935,22.5099175879842
2010-05-05 12:00:00,2010,5,5,NA,8.63127200890249,20.3683762155605
2010-05-06 12:00:00,2010,5,6,NA,5.66021714283151,20.280452102741
2010-05-07 12:00:00,2010,5,7,NA,8.16864831988646,23.8883971585459
2010-05-08 12:00:00,2010,5,8,NA,9.18638683022922,25.8174258899156
2010-05-09 12:00:00,2010,5,9,NA,9.0000875259515,25.6337610139847
2010-05-10 12:00:00,2010,5,10,NA,11.3656317667564,28.0095613861858
2010-05-11 12:00:00,2010,5,11,NA,10.0746316266777,21.5313041087659
2010-05-12 12:00:00,2010,5,12,NA,12.2787057444942,27.0660915450204
2010-05-13 12:00:00,2010,5,13,NA,11.8912477153983,24.8911693824631
2010-05-14 12:00:00,2010,5,14,NA,9.46968114355241,22.2811712521251
2010-05-15 12:00:00,2010,5,15,NA,10.8417590205494,25.6234482970403
2010-05-16 12:00:00,2010,5,16,NA,10.1247965218794,25.7939277277031
2010-05-17 12:00:00,2010,5,17,NA,12.4790103464366,27.2606996229275
2010-05-18 12:00:00,2010,5,18,NA,14.215812664643,29.2734011572371
2010-05-19 12:00:00,2010,5,19,NA,14.5334517672265,30.400921819179
2010-05-20 12:00:00,2010,5,20,NA,15.3774143414404,27.0961740794816
2010-05-21 12:00:00,2010,5,21,NA,13.8047988527007,28.4728442837911
2010-05-22 12:00:00,2010,5,22,NA,13.2272039042565,24.5992850327362
2010-05-23 12:00:00,2010,5,23,NA,13.3350316607317,27.7787889894844
2010-05-24 12:00:00,2010,5,24,NA,15.2032786617044,28.2490140885516
2010-05-25 12:00:00,2010,5,25,NA,15.2897336616767,30.117303136438
2010-05-26 12:00:00,2010,5,26,NA,17.7342500733865,30.3141456600092
2010-05-27 12:00:00,2010,5,27,NA,14.2187380203246,29.9650269862944
2010-05-28 12:00:00,2010,5,28,NA,19.1343028216106,30.1523952482996
2010-05-29 12:00:00,2010,5,29,NA,17.8884332274676,30.0642929474723
2010-05-30 12:00:00,2010,5,30,NA,17.655955446665,28.0798730115925
2010-05-31 12:00:00,2010,5,31,NA,15.3294596568949,29.2515086379049
2010-06-01 12:00:00,2010,6,1,NA,15.8868969459822,29.2732830683019
2010-06-02 12:00:00,2010,6,2,NA,16.1289843640772,29.8284980524558
2010-06-03 12:00:00,2010,6,3,NA,16.9340246867166,28.9096270337268
2010-06-04 12:00:00,2010,6,4,NA,18.3991289751015,27.994224988606
2010-06-05 12:00:00,2010,6,5,NA,17.202601402286,29.7128316104743
2010-06-06 12:00:00,2010,6,6,NA,18.9082988692559,28.595270013786
2010-06-07 12:00:00,2010,6,7,NA,15.2156854807851,30.3072749091341
2010-06-08 12:00:00,2010,6,8,NA,14.9112228533907,31.0505331084009
2010-06-09 12:00:00,2010,6,9,NA,16.1316437402679,30.7536442019679
2010-06-10 12:00:00,2010,6,10,NA,19.0232297391653,27.0407810624645
2010-06-11 12:00:00,2010,6,11,NA,18.52325578616,28.5781014923537
2010-06-12 12:00:00,2010,6,12,NA,21.5336661455294,25.1975929631637
2010-06-13 12:00:00,2010,6,13,NA,19.8946663132109,26.9491164566496
2010-06-14 12:00:00,2010,6,14,NA,20.0330980634602,29.7777757415711
2010-06-15 12:00:00,2010,6,15,NA,20.2450741254061,33.3618286546497
2010-06-16 12:00:00,2010,6,16,NA,22.8839263333142,28.2514100130302
2010-06-17 12:00:00,2010,6,17,NA,19.7807370673981,32.316798417674
2010-06-18 12:00:00,2010,6,18,NA,22.8876285305239,30.4023559945595
2010-06-19 12:00:00,2010,6,19,NA,19.4000597467679,33.554392150911
2010-06-20 12:00:00,2010,6,20,NA,21.2553813100874,33.9755288445408
2010-06-21 12:00:00,2010,6,21,NA,26.3859720224075,29.1824576881994
2010-06-22 12:00:00,2010,6,22,NA,22.7312733444216,32.4615500008349
2010-06-23 12:00:00,2010,6,23,NA,22.6937752605605,32.8300812794996
2010-06-24 12:00:00,2010,6,24,NA,25.116684204891,30.2428677978778
2010-06-25 12:00:00,2010,6,25,NA,20.5603331381087,31.3653281440417
2010-06-26 12:00:00,2010,6,26,NA,22.2833183090577,28.8241050801771
2010-06-27 12:00:00,2010,6,27,NA,20.2455054772169,31.3608639281632
2010-06-28 12:00:00,2010,6,28,NA,19.6397580159237,33.7480804914626
2010-06-29 12:00:00,2010,6,29,NA,20.1047730803342,28.1887853818937
2010-06-30 12:00:00,2010,6,30,NA,20.3252005514485,32.6868575489916
2010-07-01 12:00:00,2010,7,1,NA,17.8778724595988,34.0361308088149
2010-07-02 12:00:00,2010,7,2,NA,18.6315795716475,32.7393200434306
2010-07-03 12:00:00,2010,7,3,NA,21.9077230618561,29.0229650754123
2010-07-04 12:00:00,2010,7,4,NA,22.3318817937375,29.1285922487494
2010-07-05 12:00:00,2010,7,5,NA,21.1339997036601,30.7978366152051
2010-07-06 12:00:00,2010,7,6,NA,23.7471630959958,33.1912891150222
2010-07-07 12:00:00,2010,7,7,NA,23.9670467078813,32.0800020844269
2010-07-08 12:00:00,2010,7,8,NA,22.7247001770997,31.5897509770905
2010-07-09 12:00:00,2010,7,9,NA,20.0402330889124,29.268044026854
2010-07-10 12:00:00,2010,7,10,NA,22.6009111491744,31.6971657445905
2010-07-11 12:00:00,2010,7,11,NA,23.2303290503121,31.326464792373
2010-07-12 12:00:00,2010,7,12,NA,22.9800814865556,31.8416032824607
2010-07-13 12:00:00,2010,7,13,NA,23.7534194649981,33.8430833939643
2010-07-14 12:00:00,2010,7,14,NA,22.3732527678805,27.9085381000811
2010-07-15 12:00:00,2010,7,15,NA,23.7128343996539,27.6829656821582
2010-07-16 12:00:00,2010,7,16,NA,25.7086718206329,31.7568356252343
2010-07-17 12:00:00,2010,7,17,NA,24.3648964048407,34.1396529632442
2010-07-18 12:00:00,2010,7,18,NA,24.481443081854,34.6269248824389
2010-07-19 12:00:00,2010,7,19,NA,27.9958623291692,29.9520246631951
2010-07-20 12:00:00,2010,7,20,NA,26.3993175192075,30.0210777944665
2010-07-21 12:00:00,2010,7,21,NA,24.7109608774892,26.7871925699448
2010-07-22 12:00:00,2010,7,22,NA,23.1435045784601,27.0746244480531
2010-07-23 12:00:00,2010,7,23,NA,23.1004624175016,28.7041312438638
2010-07-24 12:00:00,2010,7,24,NA,25.5931937136757,28.3291932058906
2010-07-25 12:00:00,2010,7,25,NA,25.7050872390269,33.1478607548631
2010-07-26 12:00:00,2010,7,26,NA,25.9858886418936,33.6122323707238
2010-07-27 12:00:00,2010,7,27,NA,27.492372015917,33.3924428442261
2010-07-28 12:00:00,2010,7,28,NA,27.3941992907936,34.1777739027027
2010-07-29 12:00:00,2010,7,29,NA,30.139627399185,33.5804714689916
2010-07-30 12:00:00,2010,7,30,NA,28.6950027631579,32.6481077777321
2010-07-31 12:00:00,2010,7,31,NA,25.6305432810146,36.0766697113959
2010-08-01 12:00:00,2010,8,1,NA,26.05692123697,34.629662037098
2010-08-02 12:00:00,2010,8,2,NA,27.7147369405427,33.7798414912859
2010-08-03 12:00:00,2010,8,3,NA,23.9379925972895,32.9069503165923
2010-08-04 12:00:00,2010,8,4,NA,24.6579629674805,33.9059483963184
2010-08-05 12:00:00,2010,8,5,NA,24.9606853186254,33.6118818720463
2010-08-06 12:00:00,2010,8,6,NA,27.5859379657419,34.3024587370584
2010-08-07 12:00:00,2010,8,7,NA,27.2482831797839,34.8514457376848
2010-08-08 12:00:00,2010,8,8,NA,26.7636504756538,37.7210073597219
2010-08-09 12:00:00,2010,8,9,NA,26.3367375222943,36.4730676891418
2010-08-10 12:00:00,2010,8,10,NA,26.7937326034348,34.4738011942031
2010-08-11 12:00:00,2010,8,11,NA,23.1408285020809,28.5425370829416
2010-08-12 12:00:00,2010,8,12,NA,24.0997545275675,32.7732171541238
2010-08-13 12:00:00,2010,8,13,NA,20.093754706057,29.7069422416668
2010-08-14 12:00:00,2010,8,14,NA,22.8130917582328,33.4308066865565
2010-08-15 12:00:00,2010,8,15,NA,25.687509143287,31.838221756247
2010-08-16 12:00:00,2010,8,16,NA,24.0626608425158,32.6107396362082
2010-08-17 12:00:00,2010,8,17,NA,22.784623578984,30.6876278693496
2010-08-18 12:00:00,2010,8,18,NA,21.9610044381714,29.4651303911152
2010-08-19 12:00:00,2010,8,19,NA,21.8098545970925,31.1714719386907
2010-08-20 12:00:00,2010,8,20,NA,21.7984675399162,31.685311975792
2010-08-21 12:00:00,2010,8,21,NA,23.4272169495289,34.5091843259889
2010-08-22 12:00:00,2010,8,22,NA,23.4950496696605,34.6273111423782
2010-08-23 12:00:00,2010,8,23,NA,23.3134439419866,32.9396001771405
2010-08-24 12:00:00,2010,8,24,NA,25.1146464417316,29.1708797668199
2010-08-25 12:00:00,2010,8,25,NA,23.1970680748765,30.7263135580988
2010-08-26 12:00:00,2010,8,26,NA,23.7345001250408,30.7481322295269
2010-08-27 12:00:00,2010,8,27,NA,20.6139579568295,28.305606434446
2010-08-28 12:00:00,2010,8,28,NA,24.7603784102764,25.7201824800362
2010-08-29 12:00:00,2010,8,29,NA,23.3512418393103,26.0258014011604
2010-08-30 12:00:00,2010,8,30,NA,20.3999672194805,24.2477453009245
2010-08-31 12:00:00,2010,8,31,NA,19.0364087920703,25.87412494232
2010-09-01 12:00:00,2010,9,1,NA,18.319478057705,23.6116067116703
2010-09-02 12:00:00,2010,9,2,NA,18.984303875252,26.2509293346924
2010-09-03 12:00:00,2010,9,3,NA,18.3153800188726,29.2699051238372
2010-09-04 12:00:00,2010,9,4,NA,18.5900137243109,31.1706733836826
2010-09-05 12:00:00,2010,9,5,NA,18.6897068021688,28.8188528423382
2010-09-06 12:00:00,2010,9,6,NA,19.2501406112946,28.3719856935077
2010-09-07 12:00:00,2010,9,7,NA,19.855878788888,27.5230272534127
2010-09-08 12:00:00,2010,9,8,NA,19.5290920791122,27.7996479674769
2010-09-09 12:00:00,2010,9,9,NA,19.1949150831995,28.5288937414635
2010-09-10 12:00:00,2010,9,10,NA,18.5389086920352,27.6607537742483
2010-09-11 12:00:00,2010,9,11,NA,18.7494950510091,27.499650629641
2010-09-12 12:00:00,2010,9,12,NA,19.0415938776568,28.6623623644431
2010-09-13 12:00:00,2010,9,13,NA,20.2797187676102,29.9857179212945
2010-09-14 12:00:00,2010,9,14,NA,18.529101143228,30.893924398437
2010-09-15 12:00:00,2010,9,15,NA,19.3915720427234,30.6948623057523
2010-09-16 12:00:00,2010,9,16,NA,16.1652597061983,29.6324985208323
2010-09-17 12:00:00,2010,9,17,NA,14.8743544443362,31.2039642731699
2010-09-18 12:00:00,2010,9,18,NA,15.4112696629777,27.6504066447383
2010-09-19 12:00:00,2010,9,19,NA,17.3932217658834,23.5849249619717
2010-09-20 12:00:00,2010,9,20,NA,14.3383193312594,26.8021180842391
2010-09-21 12:00:00,2010,9,21,NA,17.3630854666328,23.1377282303719
2010-09-22 12:00:00,2010,9,22,NA,18.383618544071,22.0174395479148
2010-09-23 12:00:00,2010,9,23,NA,17.8948897649058,21.521249772148
2010-09-24 12:00:00,2010,9,24,NA,15.7822356033938,21.5417874219942
2010-09-25 12:00:00,2010,9,25,NA,15.8430620699854,25.7769579853377
2010-09-26 12:00:00,2010,9,26,NA,15.1075797502727,27.6882394096444
2010-09-27 12:00:00,2010,9,27,NA,14.675267871515,26.2141156705533
2010-09-28 12:00:00,2010,9,28,NA,14.7490772961562,26.0534457206119
2010-09-29 12:00:00,2010,9,29,NA,14.3042112508597,26.6690345060687
2010-09-30 12:00:00,2010,9,30,NA,13.315139605288,23.2451194221807
2010-10-01 12:00:00,2010,10,1,NA,11.4633358084716,23.9576693091241
2010-10-02 12:00:00,2010,10,2,NA,12.8453873925226,25.2102106477316
2010-10-03 12:00:00,2010,10,3,NA,12.8026037248404,26.0706618482332
2010-10-04 12:00:00,2010,10,4,NA,12.9212872822997,26.460086600416
2010-10-05 12:00:00,2010,10,5,NA,10.583916073957,26.0642079195821
2010-10-06 12:00:00,2010,10,6,NA,12.3062545610679,28.0624105841975
2010-10-07 12:00:00,2010,10,7,NA,13.4191060177576,29.0898144026856
2010-10-08 12:00:00,2010,10,8,NA,14.3941534934956,30.5269224114853
2010-10-09 12:00:00,2010,10,9,NA,14.7078120688628,29.328169072669
2010-10-10 12:00:00,2010,10,10,NA,14.7994733757316,28.3239088854054
2010-10-11 12:00:00,2010,10,11,NA,15.8362577259501,24.984478442201
2010-10-12 12:00:00,2010,10,12,NA,14.1599719193737,23.8910579709078
2010-10-13 12:00:00,2010,10,13,NA,12.8354041410767,25.0123977459283
2010-10-14 12:00:00,2010,10,14,NA,11.7993592351173,20.5234629754237
2010-10-15 12:00:00,2010,10,15,NA,12.2914430450419,23.9887694891509
2010-10-16 12:00:00,2010,10,16,NA,12.5645719313318,25.1943386845395
2010-10-17 12:00:00,2010,10,17,NA,12.5323915880669,25.6450792869165
2010-10-18 12:00:00,2010,10,18,NA,14.6043269260725,22.5721801727717
2010-10-19 12:00:00,2010,10,19,NA,12.3843133224925,21.9904859954572
2010-10-20 12:00:00,2010,10,20,NA,11.1506467617413,24.4918435694624
2010-10-21 12:00:00,2010,10,21,NA,10.8308009938509,23.9749734975394
2010-10-22 12:00:00,2010,10,22,NA,9.83539112901659,24.2464762151377
2010-10-23 12:00:00,2010,10,23,NA,9.00916985245749,20.1043598972935
2010-10-24 12:00:00,2010,10,24,NA,8.78874484272118,19.8835759832537
2010-10-25 12:00:00,2010,10,25,NA,9.3579998105806,16.6834273349273
2010-10-26 12:00:00,2010,10,26,NA,7.54292310301859,14.2267893926683
2010-10-27 12:00:00,2010,10,27,NA,9.46138736919612,18.2518775733159
2010-10-28 12:00:00,2010,10,28,NA,8.73437102657754,21.2753753643653
2010-10-29 12:00:00,2010,10,29,NA,8.35031930631235,21.2834586112397
2010-10-30 12:00:00,2010,10,30,NA,12.3114690685342,23.0959072483486
2010-10-31 12:00:00,2010,10,31,NA,12.5093157814063,23.8906344323627
2010-11-01 12:00:00,2010,11,1,NA,11.9444333676926,22.8407254889133
2010-11-02 12:00:00,2010,11,2,NA,17.1379083579064,19.0594300842467
2010-11-03 12:00:00,2010,11,3,NA,13.0388095399582,19.5032337849651
2010-11-04 12:00:00,2010,11,4,NA,10.0872563561591,13.1589604955262
2010-11-05 12:00:00,2010,11,5,NA,6.95934899867367,19.6086198112104
2010-11-06 12:00:00,2010,11,6,NA,6.05007252381215,19.0637876082719
2010-11-07 12:00:00,2010,11,7,NA,5.76041173629407,16.0955652449954
2010-11-08 12:00:00,2010,11,8,NA,6.65071954381204,18.0551340597595
2010-11-09 12:00:00,2010,11,9,NA,7.0322886313675,17.3968256475567
2010-11-10 12:00:00,2010,11,10,NA,6.21308886186852,14.7190384623269
2010-11-11 12:00:00,2010,11,11,NA,9.10883772368772,19.44553602184
2010-11-12 12:00:00,2010,11,12,NA,6.64956329219082,16.880089454751
2010-11-13 12:00:00,2010,11,13,NA,7.15255506374021,15.4335477701718
2010-11-14 12:00:00,2010,11,14,NA,7.57958086497282,16.8432542095504
2010-11-15 12:00:00,2010,11,15,NA,9.63241679495648,18.798067091093
2010-11-16 12:00:00,2010,11,16,NA,5.05001919823023,13.2540769220198
2010-11-17 12:00:00,2010,11,17,NA,3.78885338904334,14.8732979008207
2010-11-18 12:00:00,2010,11,18,NA,4.44822461862493,12.9407674567274
2010-11-19 12:00:00,2010,11,19,NA,5.94718396597658,13.9406401499998
2010-11-20 12:00:00,2010,11,20,NA,5.29717288772624,15.4017638444448
2010-11-21 12:00:00,2010,11,21,NA,3.48949444485008,11.7106916280409
2010-11-22 12:00:00,2010,11,22,NA,0.800377231158778,13.9998229308235
2010-11-23 12:00:00,2010,11,23,NA,0.575997060585647,10.9314419147663
2010-11-24 12:00:00,2010,11,24,NA,4.30225797439725,7.35525555959173
2010-11-25 12:00:00,2010,11,25,NA,1.54582133656899,12.2916058957782
2010-11-26 12:00:00,2010,11,26,NA,4.13015152189961,16.0125996328977
2010-11-27 12:00:00,2010,11,27,NA,-1.43990107237334,9.4846220518972
2010-11-28 12:00:00,2010,11,28,NA,-1.08457641637903,10.1865806440523
2010-11-29 12:00:00,2010,11,29,NA,-0.218576214919721,12.9216473054373
2010-11-30 12:00:00,2010,11,30,NA,-3.26650726346898,10.6663402489762
2010-12-01 12:00:00,2010,12,1,NA,-0.730511072609564,11.0537859825504
2010-12-02 12:00:00,2010,12,2,NA,2.97260721774087,7.22600309762188
2010-12-03 12:00:00,2010,12,3,NA,1.22722114216727,7.72850697246045
2010-12-04 12:00:00,2010,12,4,NA,-0.640216862358297,12.4444153892768
2010-12-05 12:00:00,2010,12,5,NA,3.58062418853851,12.1642353439698
2010-12-06 12:00:00,2010,12,6,NA,2.95690420399181,14.8142252118686
2010-12-07 12:00:00,2010,12,7,NA,2.21341697411908,15.5806301712253
2010-12-08 12:00:00,2010,12,8,NA,2.92856555574784,13.8144784047176
2010-12-09 12:00:00,2010,12,9,NA,0.0320429618635698,14.9010996882228
2010-12-10 12:00:00,2010,12,10,NA,0.297436933173024,10.9077070481808
2010-12-11 12:00:00,2010,12,11,NA,-0.445262841164639,11.4717419739857
2010-12-12 12:00:00,2010,12,12,NA,-0.564258460815639,10.7242315557381
2010-12-13 12:00:00,2010,12,13,NA,-5.4651457381381,0.086875726143528
2010-12-14 12:00:00,2010,12,14,NA,-6.2508246756207,0.704577561909376
2010-12-15 12:00:00,2010,12,15,NA,-5.17136446855694,5.01195501049807
2010-12-16 12:00:00,2010,12,16,NA,-3.94951811436485,6.92658090644087
2010-12-17 12:00:00,2010,12,17,NA,-4.95564868570049,8.643791212914
2010-12-18 12:00:00,2010,12,18,NA,-2.72213020983203,9.55233452877516
2010-12-19 12:00:00,2010,12,19,NA,-4.57238151682011,4.53178701417438
2010-12-20 12:00:00,2010,12,20,NA,-4.24139240590173,7.67561240924856
2010-12-21 12:00:00,2010,12,21,NA,-4.46720068393551,9.87689246871619
2010-12-22 12:00:00,2010,12,22,NA,-1.40704614099257,11.7676237594296
2010-12-23 12:00:00,2010,12,23,NA,1.04795831895915,16.9289519391891
2010-12-24 12:00:00,2010,12,24,NA,1.36766763459425,12.6573173852813
2010-12-25 12:00:00,2010,12,25,NA,-3.76599739012542,4.58372582189264
2010-12-26 12:00:00,2010,12,26,NA,-5.24371456704677,2.89328002301973
2010-12-27 12:00:00,2010,12,27,NA,-7.3382782910051,1.52772230651845
2010-12-28 12:00:00,2010,12,28,NA,-6.62988312081883,5.54629448851494
2010-12-29 12:00:00,2010,12,29,NA,-2.70574858786329,5.49093754228837
2010-12-30 12:00:00,2010,12,30,NA,-5.02199610252342,3.51692711423449
2010-12-31 12:00:00,2010,12,31,NA,-3.95075920217512,5.63920329981717
2011-01-01 12:00:00,2011,1,1,NA,-4.88761060326987,4.5977944435654
2011-01-02 12:00:00,2011,1,2,NA,-5.56587757905851,7.51875467257656
2011-01-03 12:00:00,2011,1,3,NA,-7.39700696370769,0.667162202383605
2011-01-04 12:00:00,2011,1,4,NA,-6.0756433740789,4.22714543936015
2011-01-05 12:00:00,2011,1,5,NA,-7.05507693335038,8.04972585549362
2011-01-06 12:00:00,2011,1,6,NA,-3.29599654784009,9.2459431323404
2011-01-07 12:00:00,2011,1,7,NA,-1.42147701197563,8.13016243216596
2011-01-08 12:00:00,2011,1,8,NA,-1.15086614467936,7.93723860354905
2011-01-09 12:00:00,2011,1,9,NA,-4.17445053801328,5.39745408717785
2011-01-10 12:00:00,2011,1,10,NA,-1.14799953926793,4.69178302895975
2011-01-11 12:00:00,2011,1,11,NA,-5.23315298552123,9.65180248244379
2011-01-12 12:00:00,2011,1,12,NA,-3.32857684197012,12.035070795881
2011-01-13 12:00:00,2011,1,13,NA,-5.03708457858183,5.75288720370922
2011-01-14 12:00:00,2011,1,14,NA,-4.69799700248218,7.24352846913584
2011-01-15 12:00:00,2011,1,15,NA,-1.81283868563782,7.37903453393504
2011-01-16 12:00:00,2011,1,16,NA,-3.25815442869452,5.9509429310488
2011-01-17 12:00:00,2011,1,17,NA,-2.53108635502801,4.62736046387018
2011-01-18 12:00:00,2011,1,18,NA,-5.50179660985858,-0.564507664709705
2011-01-19 12:00:00,2011,1,19,NA,-4.62944166626338,3.43150163858634
2011-01-20 12:00:00,2011,1,20,NA,-5.93357714253964,6.49449416000182
2011-01-21 12:00:00,2011,1,21,NA,-4.48747935005564,6.6986598963177
2011-01-22 12:00:00,2011,1,22,NA,-7.111652209459,5.02236635155682
2011-01-23 12:00:00,2011,1,23,NA,-4.5604443063629,5.69479210822706
2011-01-24 12:00:00,2011,1,24,NA,-2.33825478162423,6.93595781069487
2011-01-25 12:00:00,2011,1,25,NA,-2.58412313092263,7.59581732219922
2011-01-26 12:00:00,2011,1,26,NA,-2.47861905106673,9.22994718037657
2011-01-27 12:00:00,2011,1,27,NA,-3.5123189844278,10.168229105752
2011-01-28 12:00:00,2011,1,28,NA,-4.48147500506923,4.29565362381931
2011-01-29 12:00:00,2011,1,29,NA,-3.53856231873636,-0.136621919671741
2011-01-30 12:00:00,2011,1,30,NA,-4.29185670535035,3.2760696001535
2011-01-31 12:00:00,2011,1,31,NA,-7.48363397214497,-0.325187153246781
2011-02-01 12:00:00,2011,2,1,NA,-7.50283932233485,3.81301467667599
2011-02-02 12:00:00,2011,2,2,NA,-3.39905678368162,6.72433695017129
2011-02-03 12:00:00,2011,2,3,NA,-4.50105172899682,14.2607049683535
2011-02-04 12:00:00,2011,2,4,NA,-2.63069416024398,12.9673485944449
2011-02-05 12:00:00,2011,2,5,NA,1.71644896056676,16.1819015086198
2011-02-06 12:00:00,2011,2,6,NA,2.14675230322985,16.7780622533229
2011-02-07 12:00:00,2011,2,7,NA,4.03655115926693,15.4498742519981
2011-02-08 12:00:00,2011,2,8,NA,4.08905952019816,11.4234387197055
2011-02-09 12:00:00,2011,2,9,NA,3.15346821770651,10.7750814326329
2011-02-10 12:00:00,2011,2,10,NA,5.04987115195447,12.977133225146
2011-02-11 12:00:00,2011,2,11,NA,2.253887066543,13.8573279466854
2011-02-12 12:00:00,2011,2,12,NA,3.25640897267031,14.4174246782231
2011-02-13 12:00:00,2011,2,13,NA,1.87603324545073,14.8902057788645
2011-02-14 12:00:00,2011,2,14,NA,5.26396488731747,19.619712501334
2011-02-15 12:00:00,2011,2,15,NA,11.5367136639745,17.7707710294935
2011-02-16 12:00:00,2011,2,16,NA,5.12036498185975,14.1499331989753
2011-02-17 12:00:00,2011,2,17,NA,3.42662665134153,15.387131060818
2011-02-18 12:00:00,2011,2,18,NA,2.40282453600038,13.1784162708708
2011-02-19 12:00:00,2011,2,19,NA,3.40413030044976,13.3518890532846
2011-02-20 12:00:00,2011,2,20,NA,9.12441800665801,11.0413328635097
2011-02-21 12:00:00,2011,2,21,NA,6.2189796145689,13.8405928294953
2011-02-22 12:00:00,2011,2,22,NA,2.99141866084581,15.8256896155467
2011-02-23 12:00:00,2011,2,23,NA,2.25376716521477,14.2503790706731
2011-02-24 12:00:00,2011,2,24,NA,4.18281073108106,8.84554403426794
2011-02-25 12:00:00,2011,2,25,NA,0.997665837534898,12.1586815430877
2011-02-26 12:00:00,2011,2,26,NA,1.73561769820299,12.0194771360879
2011-02-27 12:00:00,2011,2,27,NA,2.64860642938691,11.4080755598754
2011-02-28 12:00:00,2011,2,28,NA,1.47609728988574,12.2288650937989
2011-03-01 12:00:00,2011,3,1,NA,-0.129228258894625,10.1834544549861
2011-03-02 12:00:00,2011,3,2,NA,-0.272717354609752,14.8410268114548
2011-03-03 12:00:00,2011,3,3,NA,2.80069272302852,20.5584521655551
2011-03-04 12:00:00,2011,3,4,NA,5.85699951718588,20.8320096547966
2011-03-05 12:00:00,2011,3,5,NA,6.68150838449406,17.401735652528
2011-03-06 12:00:00,2011,3,6,NA,5.86687102214426,19.0220621811721
2011-03-07 12:00:00,2011,3,7,NA,0.0866222266775063,16.0217467760675
2011-03-08 12:00:00,2011,3,8,NA,4.68874694150579,16.6321789291241
2011-03-09 12:00:00,2011,3,9,NA,-0.17711394640368,13.8908654404683
2011-03-10 12:00:00,2011,3,10,NA,2.77079168987342,15.1127618502898
2011-03-11 12:00:00,2011,3,11,NA,2.77077291830779,15.478688816263
2011-03-12 12:00:00,2011,3,12,NA,5.77593261689134,18.1286437385347
2011-03-13 12:00:00,2011,3,13,NA,4.8726721769812,16.2564882586368
2011-03-14 12:00:00,2011,3,14,NA,3.93768614506882,23.406953295132
2011-03-15 12:00:00,2011,3,15,NA,5.92175085561303,21.7653257020905
2011-03-16 12:00:00,2011,3,16,NA,10.4474257330173,17.5427931378315
2011-03-17 12:00:00,2011,3,17,NA,4.18894307572092,14.5383171747185
2011-03-18 12:00:00,2011,3,18,NA,6.23725030696251,18.4007977116651
2011-03-19 12:00:00,2011,3,19,NA,10.1314792713162,17.9003655395762
2011-03-20 12:00:00,2011,3,20,NA,4.07830574951057,14.7633050483032
2011-03-21 12:00:00,2011,3,21,NA,6.32263149068313,19.516519166402
2011-03-22 12:00:00,2011,3,22,NA,2.33122859562709,22.401140236598
2011-03-23 12:00:00,2011,3,23,NA,3.04660012849859,20.9595547197084
2011-03-24 12:00:00,2011,3,24,NA,2.30525399588437,10.7601434763217
2011-03-25 12:00:00,2011,3,25,NA,0.135983237083293,12.1777997162504
2011-03-26 12:00:00,2011,3,26,NA,2.5982945458865,14.6155874376004
2011-03-27 12:00:00,2011,3,27,NA,3.01194675506339,15.3646578767068
2011-03-28 12:00:00,2011,3,28,NA,4.84548925312255,17.7725680336063
2011-03-29 12:00:00,2011,3,29,NA,4.76420091167526,15.5264916988178
2011-03-30 12:00:00,2011,3,30,NA,5.83046755816866,17.7071149857564
2011-03-31 12:00:00,2011,3,31,NA,4.8715598103681,13.3073879860775
2011-04-01 12:00:00,2011,4,1,NA,7.23759557420959,20.7056073217374
2011-04-02 12:00:00,2011,4,2,NA,1.59786157050191,13.0430402953721
2011-04-03 12:00:00,2011,4,3,NA,1.752755732347,9.42365968928929
2011-04-04 12:00:00,2011,4,4,NA,2.44856117381247,17.1836948172227
2011-04-05 12:00:00,2011,4,5,NA,6.5401601435752,20.37936524371
2011-04-06 12:00:00,2011,4,6,NA,9.4390707314122,19.4061991050314
2011-04-07 12:00:00,2011,4,7,NA,4.35021945638087,23.2376524826573
2011-04-08 12:00:00,2011,4,8,NA,5.58311933067421,20.114352518587
2011-04-09 12:00:00,2011,4,9,NA,5.49970806540192,18.8662957515322
2011-04-10 12:00:00,2011,4,10,NA,8.23505975221283,21.597086967859
2011-04-11 12:00:00,2011,4,11,NA,9.63245212328412,23.5310192069639
2011-04-12 12:00:00,2011,4,12,NA,6.99017327715017,23.7634300861944
2011-04-13 12:00:00,2011,4,13,NA,7.36461658402667,21.805367422194
2011-04-14 12:00:00,2011,4,14,NA,6.96785513357559,22.0182880460024
2011-04-15 12:00:00,2011,4,15,NA,9.6453287691794,25.426738369619
2011-04-16 12:00:00,2011,4,16,NA,12.8040018540702,25.2319272624264
2011-04-17 12:00:00,2011,4,17,NA,11.9182962386047,27.5399295076373
2011-04-18 12:00:00,2011,4,18,NA,13.3430667084644,28.1062141652065
2011-04-19 12:00:00,2011,4,19,NA,8.82403725590162,20.8693086663162
2011-04-20 12:00:00,2011,4,20,NA,6.8317618448925,21.6916243313949
2011-04-21 12:00:00,2011,4,21,NA,6.29058651545769,17.3169282828559
2011-04-22 12:00:00,2011,4,22,NA,7.08208196106813,15.2622013789373
2011-04-23 12:00:00,2011,4,23,NA,6.81859240023476,22.4912330599544
2011-04-24 12:00:00,2011,4,24,NA,11.4599205662309,28.3538880108535
2011-04-25 12:00:00,2011,4,25,NA,14.5582531409871,27.8062957685433
2011-04-26 12:00:00,2011,4,26,NA,11.391330455778,24.4228148298554
2011-04-27 12:00:00,2011,4,27,NA,9.32293308836611,24.6167563500549
2011-04-28 12:00:00,2011,4,28,NA,12.0860161738153,25.7641051384943
2011-04-29 12:00:00,2011,4,29,NA,10.8349844448962,18.0401137192707
2011-04-30 12:00:00,2011,4,30,NA,9.36049156322475,15.0396197933318
2011-05-01 12:00:00,2011,5,1,NA,8.82434236055032,18.0501898951109
2011-05-02 12:00:00,2011,5,2,NA,9.22609956274979,21.6540249711059
2011-05-03 12:00:00,2011,5,3,NA,13.4973411716126,26.3425787965496
2011-05-04 12:00:00,2011,5,4,NA,14.5279301060248,27.1782415587912
2011-05-05 12:00:00,2011,5,5,NA,14.4935251975123,17.4268743587484
2011-05-06 12:00:00,2011,5,6,NA,12.0167566227178,20.7027045926165
2011-05-07 12:00:00,2011,5,7,NA,10.2822196204912,22.3305056309443
2011-05-08 12:00:00,2011,5,8,NA,10.9907500395539,25.9170881249457
2011-05-09 12:00:00,2011,5,9,NA,11.2069655072774,26.3440408642263
2011-05-10 12:00:00,2011,5,10,NA,13.4492716885009,24.2664425848181
2011-05-11 12:00:00,2011,5,11,NA,11.9300319510246,26.2270263794678
2011-05-12 12:00:00,2011,5,12,NA,10.6742020768963,24.2600054270799
2011-05-13 12:00:00,2011,5,13,NA,13.7855423267122,17.2507902651779
2011-05-14 12:00:00,2011,5,14,NA,11.9463939662173,15.6404654497533
2011-05-15 12:00:00,2011,5,15,NA,11.0750456790637,21.2936621083852
2011-05-16 12:00:00,2011,5,16,NA,10.9443477205271,22.6911173958544
2011-05-17 12:00:00,2011,5,17,NA,9.83296411788721,25.3636763853911
2011-05-18 12:00:00,2011,5,18,NA,11.4790049986503,27.2412654045522
2011-05-19 12:00:00,2011,5,19,NA,12.2133009367125,27.9087488522082
2011-05-20 12:00:00,2011,5,20,NA,12.5888705609197,27.6226055432821
2011-05-21 12:00:00,2011,5,21,NA,15.0700100500095,27.8958750167092
2011-05-22 12:00:00,2011,5,22,NA,14.0584279486922,30.7924411962831
2011-05-23 12:00:00,2011,5,23,NA,13.2508733625213,31.2538192451641
2011-05-24 12:00:00,2011,5,24,NA,15.4853580295526,30.2501577480705
2011-05-25 12:00:00,2011,5,25,NA,15.4485894961548,30.4878172509089
2011-05-26 12:00:00,2011,5,26,NA,15.4138600812137,27.9549334744997
2011-05-27 12:00:00,2011,5,27,NA,14.2877503246989,31.6142536040486
2011-05-28 12:00:00,2011,5,28,NA,18.50110627264,27.7907688355333
2011-05-29 12:00:00,2011,5,29,NA,16.6453553916718,31.9101563417864
2011-05-30 12:00:00,2011,5,30,NA,15.0616763043005,33.8231430178202
2011-05-31 12:00:00,2011,5,31,NA,18.3306929669279,29.9478452704482
2011-06-01 12:00:00,2011,6,1,NA,17.905312824713,23.2815996460532
2011-06-02 12:00:00,2011,6,2,NA,16.7931219041258,31.1972185340297
2011-06-03 12:00:00,2011,6,3,NA,20.9561101688072,27.482246190626
2011-06-04 12:00:00,2011,6,4,NA,18.8650630145605,27.8805641210798
2011-06-05 12:00:00,2011,6,5,NA,17.5959454542464,30.3634808063112
2011-06-06 12:00:00,2011,6,6,NA,18.579993098697,30.9416500962402
2011-06-07 12:00:00,2011,6,7,NA,19.6317265468221,32.2919402123725
2011-06-08 12:00:00,2011,6,8,NA,19.5279839762842,29.6908169850313
2011-06-09 12:00:00,2011,6,9,NA,18.1671690923974,29.8430555414601
2011-06-10 12:00:00,2011,6,10,NA,17.5157121080788,27.3638338118573
2011-06-11 12:00:00,2011,6,11,NA,21.3512131176083,31.4551962827726
2011-06-12 12:00:00,2011,6,12,NA,21.1710697986208,33.8912173330742
2011-06-13 12:00:00,2011,6,13,NA,21.4685498229677,34.1395608432036
2011-06-14 12:00:00,2011,6,14,NA,22.0072831915319,30.0117925435313
2011-06-15 12:00:00,2011,6,15,NA,23.5690253382833,28.8050551823975
2011-06-16 12:00:00,2011,6,16,NA,18.8381942575075,29.9614015687344
2011-06-17 12:00:00,2011,6,17,NA,19.0786804841606,25.3936722480747
2011-06-18 12:00:00,2011,6,18,NA,20.4918710444934,26.6513556514865
2011-06-19 12:00:00,2011,6,19,NA,19.339351010779,25.1483022660829
2011-06-20 12:00:00,2011,6,20,NA,18.9212032750583,31.3429225834042
2011-06-21 12:00:00,2011,6,21,NA,21.4797692684533,34.5701931370581
2011-06-22 12:00:00,2011,6,22,NA,24.4523430257773,32.4449479552569
2011-06-23 12:00:00,2011,6,23,NA,23.167244372844,30.5267742578247
2011-06-24 12:00:00,2011,6,24,NA,21.3868947172364,31.5356248885797
2011-06-25 12:00:00,2011,6,25,NA,23.1764482438082,25.465410263149
2011-06-26 12:00:00,2011,6,26,NA,20.2533576144881,26.3103263710517
2011-06-27 12:00:00,2011,6,27,NA,20.7154668753773,32.7287293688209
2011-06-28 12:00:00,2011,6,28,NA,21.2537701923744,33.7132207918712
2011-06-29 12:00:00,2011,6,29,NA,21.5987996266283,32.3904487493345
2011-06-30 12:00:00,2011,6,30,NA,21.2670209802603,34.0419689717236
2011-07-01 12:00:00,2011,7,1,NA,22.5026592278601,34.6033728693797
2011-07-02 12:00:00,2011,7,2,NA,26.5377784530007,30.703296240985
2011-07-03 12:00:00,2011,7,3,NA,27.288345647466,30.2004147876549
2011-07-04 12:00:00,2011,7,4,NA,23.639433630644,26.0668364674788
2011-07-05 12:00:00,2011,7,5,NA,24.2040081635582,26.0721255350516
2011-07-06 12:00:00,2011,7,6,NA,23.0195757958858,27.286164150635
2011-07-07 12:00:00,2011,7,7,NA,24.2003310660904,26.5167664503593
2011-07-08 12:00:00,2011,7,8,NA,22.4635882255597,29.6671106281494
2011-07-09 12:00:00,2011,7,9,NA,24.21784687935,26.7243156922896
2011-07-10 12:00:00,2011,7,10,NA,23.1395397422886,28.9585842825386
2011-07-11 12:00:00,2011,7,11,NA,23.4969832143631,26.8156421843349
2011-07-12 12:00:00,2011,7,12,NA,21.8101461933816,27.6625887513111
2011-07-13 12:00:00,2011,7,13,NA,22.0155488000343,30.2472578213034
2011-07-14 12:00:00,2011,7,14,NA,22.1553187380053,31.9548562576012
2011-07-15 12:00:00,2011,7,15,NA,23.3527398441271,35.0310282596383
2011-07-16 12:00:00,2011,7,16,NA,23.8897532222857,33.8546026226595
2011-07-17 12:00:00,2011,7,17,NA,25.3210927813561,33.5480484622624
2011-07-18 12:00:00,2011,7,18,NA,24.4593379218668,33.41917192918
2011-07-19 12:00:00,2011,7,19,NA,25.2068075270682,32.1354657710509
2011-07-20 12:00:00,2011,7,20,NA,24.3284170003863,30.2847552228686
2011-07-21 12:00:00,2011,7,21,NA,25.4605323527975,31.5086961573988
2011-07-22 12:00:00,2011,7,22,NA,24.9220283684611,33.3587341670996
2011-07-23 12:00:00,2011,7,23,NA,26.8343413707654,30.819974469235
2011-07-24 12:00:00,2011,7,24,NA,26.7273633051029,31.6422087870754
2011-07-25 12:00:00,2011,7,25,NA,28.18508371336,30.6138028334793
2011-07-26 12:00:00,2011,7,26,NA,25.0444658173106,32.4864079255736
2011-07-27 12:00:00,2011,7,27,NA,24.6185672749035,30.4204344286838
2011-07-28 12:00:00,2011,7,28,NA,22.4369108397777,31.8540992517923
2011-07-29 12:00:00,2011,7,29,NA,22.2652496056377,31.1314900066057
2011-07-30 12:00:00,2011,7,30,NA,23.4030734449198,31.0705109825799
2011-07-31 12:00:00,2011,7,31,NA,24.2456522123654,33.0228327280761
2011-08-01 12:00:00,2011,8,1,NA,22.2727955723076,28.0797243515523
2011-08-02 12:00:00,2011,8,2,NA,18.6659182905493,31.3428627463465
2011-08-03 12:00:00,2011,8,3,NA,23.1021946586076,31.3706562205121
2011-08-04 12:00:00,2011,8,4,NA,22.9631376420192,31.6191458923406
2011-08-05 12:00:00,2011,8,5,NA,24.9492038019272,32.9682338935201
2011-08-06 12:00:00,2011,8,6,NA,23.2884148382164,30.5147449815794
2011-08-07 12:00:00,2011,8,7,NA,23.125159979196,31.8778522210695
2011-08-08 12:00:00,2011,8,8,NA,23.5988495294149,33.6092852287206
2011-08-09 12:00:00,2011,8,9,NA,25.1449979022636,35.2491635308258
2011-08-10 12:00:00,2011,8,10,NA,26.3046094562678,35.4351026093868
2011-08-11 12:00:00,2011,8,11,NA,26.7516696303882,34.4335754101101
2011-08-12 12:00:00,2011,8,12,NA,25.4531333191526,36.0108260286746
2011-08-13 12:00:00,2011,8,13,NA,23.6544178043625,36.0994455650678
2011-08-14 12:00:00,2011,8,14,NA,23.0092236169055,34.5932361036629
2011-08-15 12:00:00,2011,8,15,NA,20.7518847321486,31.3695996604723
2011-08-16 12:00:00,2011,8,16,NA,23.1625955742534,32.5771572085269
2011-08-17 12:00:00,2011,8,17,NA,23.6211588414588,32.2798053562278
2011-08-18 12:00:00,2011,8,18,NA,25.2238405685866,30.9842570945639
2011-08-19 12:00:00,2011,8,19,NA,25.8071302566978,34.9840438443914
2011-08-20 12:00:00,2011,8,20,NA,27.4853541894802,35.1623535141815
2011-08-21 12:00:00,2011,8,21,NA,27.894739609907,32.8196492819344
2011-08-22 12:00:00,2011,8,22,NA,26.7543233286888,30.592541156536
2011-08-23 12:00:00,2011,8,23,NA,25.3692833525204,30.1829336492535
2011-08-24 12:00:00,2011,8,24,NA,25.7928580483828,32.5249826099428
2011-08-25 12:00:00,2011,8,25,NA,25.5358087268003,32.2756098613758
2011-08-26 12:00:00,2011,8,26,NA,23.9601713875682,33.1099895970339
2011-08-27 12:00:00,2011,8,27,NA,23.282703890983,31.955133704539
2011-08-28 12:00:00,2011,8,28,NA,25.1798138152234,34.7019589170532
2011-08-29 12:00:00,2011,8,29,NA,25.4219556398846,32.7320042699338
2011-08-30 12:00:00,2011,8,30,NA,22.0166314140391,24.209638098001
2011-08-31 12:00:00,2011,8,31,NA,21.8182700912073,26.6251803979918
2011-09-01 12:00:00,2011,9,1,NA,22.1556024448518,27.8298368561392
2011-09-02 12:00:00,2011,9,2,NA,20.3667009410637,24.4907768650406
2011-09-03 12:00:00,2011,9,3,NA,20.2380257951751,26.7387166931058
2011-09-04 12:00:00,2011,9,4,NA,19.4258698545685,31.1251403934045
2011-09-05 12:00:00,2011,9,5,NA,20.5119919563462,29.4667113163488
2011-09-06 12:00:00,2011,9,6,NA,19.7180650860684,30.760891738394
2011-09-07 12:00:00,2011,9,7,NA,18.3842199011267,34.79655245311
2011-09-08 12:00:00,2011,9,8,NA,18.5688767593811,28.8231273292845
2011-09-09 12:00:00,2011,9,9,NA,16.3624531066138,20.7993655936752
2011-09-10 12:00:00,2011,9,10,NA,15.6877879449052,20.333557166552
2011-09-11 12:00:00,2011,9,11,NA,14.3669684774521,26.1231066559683
2011-09-12 12:00:00,2011,9,12,NA,12.7193328178843,26.640365493065
2011-09-13 12:00:00,2011,9,13,NA,14.8481937525162,29.1493618831493
2011-09-14 12:00:00,2011,9,14,NA,17.2919324492359,27.1680504985121
2011-09-15 12:00:00,2011,9,15,NA,18.9447314194995,28.7210854602553
2011-09-16 12:00:00,2011,9,16,NA,18.6347595944363,30.6034672299687
2011-09-17 12:00:00,2011,9,17,NA,17.9581027874856,27.7953578345948
2011-09-18 12:00:00,2011,9,18,NA,17.9735606586723,28.0663741528772
2011-09-19 12:00:00,2011,9,19,NA,17.2306691784365,25.2272391145778
2011-09-20 12:00:00,2011,9,20,NA,15.6906208647314,21.876453443806
2011-09-21 12:00:00,2011,9,21,NA,14.7095084690291,19.502192995568
2011-09-22 12:00:00,2011,9,22,NA,14.8155688902393,20.6936576061128
2011-09-23 12:00:00,2011,9,23,NA,14.2489393748726,24.9402405424447
2011-09-24 12:00:00,2011,9,24,NA,16.3010324017523,25.3147781467196
2011-09-25 12:00:00,2011,9,25,NA,14.3810600512012,18.2304058287479
2011-09-26 12:00:00,2011,9,26,NA,17.6217633544802,20.9807964188921
2011-09-27 12:00:00,2011,9,27,NA,15.4961142505116,23.9226224378015
2011-09-28 12:00:00,2011,9,28,NA,16.7501612625953,24.4220955044593
2011-09-29 12:00:00,2011,9,29,NA,15.8498486839808,27.352436265645
2011-09-30 12:00:00,2011,9,30,NA,14.7918359566991,29.6838523275141
2011-10-01 12:00:00,2011,10,1,NA,13.4818788066525,23.4540202151943
2011-10-02 12:00:00,2011,10,2,NA,12.2415031648903,25.6571377918989
2011-10-03 12:00:00,2011,10,3,NA,12.3955145688709,26.4854834856488
2011-10-04 12:00:00,2011,10,4,NA,12.8547740176159,26.7663271127102
2011-10-05 12:00:00,2011,10,5,NA,14.0454456490926,23.8283263481228
2011-10-06 12:00:00,2011,10,6,NA,16.8309404493801,22.5911171351056
2011-10-07 12:00:00,2011,10,7,NA,14.3151999353702,26.1760340496525
2011-10-08 12:00:00,2011,10,8,NA,12.5159058050832,28.4170520185852
2011-10-09 12:00:00,2011,10,9,NA,13.2069628700567,28.088350900773
2011-10-10 12:00:00,2011,10,10,NA,16.2299355652872,28.5541006221446
2011-10-11 12:00:00,2011,10,11,NA,14.6447979773413,28.1286973331665
2011-10-12 12:00:00,2011,10,12,NA,11.5393656620691,22.3154796079492
2011-10-13 12:00:00,2011,10,13,NA,11.690983097825,20.0243073356261
2011-10-14 12:00:00,2011,10,14,NA,12.2040582145524,26.7410540914279
2011-10-15 12:00:00,2011,10,15,NA,12.0794088202247,23.3761680803379
2011-10-16 12:00:00,2011,10,16,NA,13.3745651290966,22.1652750783951
2011-10-17 12:00:00,2011,10,17,NA,11.8020311415404,24.1888546392082
2011-10-18 12:00:00,2011,10,18,NA,6.5282213851802,18.599763822474
2011-10-19 12:00:00,2011,10,19,NA,7.46258096254366,20.6014381668025
2011-10-20 12:00:00,2011,10,20,NA,8.36608244022241,16.185747859134
2011-10-21 12:00:00,2011,10,21,NA,7.0009793498727,19.7075087533736
2011-10-22 12:00:00,2011,10,22,NA,9.11971342720653,23.3415775862978
2011-10-23 12:00:00,2011,10,23,NA,11.3286744706239,18.977376484838
2011-10-24 12:00:00,2011,10,24,NA,7.34343050746901,18.4777815889083
2011-10-25 12:00:00,2011,10,25,NA,6.61701142763955,17.5739434334524
2011-10-26 12:00:00,2011,10,26,NA,8.45589696328376,23.5357486094739
2011-10-27 12:00:00,2011,10,27,NA,8.36893317144218,22.9059290483177
2011-10-28 12:00:00,2011,10,28,NA,8.89403385623879,23.3710117127968
2011-10-29 12:00:00,2011,10,29,NA,5.60777682713474,15.7032067494618
2011-10-30 12:00:00,2011,10,30,NA,3.39943151181503,13.2702153505863
2011-10-31 12:00:00,2011,10,31,NA,4.34216173874318,12.6803458905196
2011-11-01 12:00:00,2011,11,1,NA,4.82875042714744,18.9299975317885
2011-11-02 12:00:00,2011,11,2,NA,8.94077285052706,22.8967667900989
2011-11-03 12:00:00,2011,11,3,NA,7.9238022919381,23.9959636108172
2011-11-04 12:00:00,2011,11,4,NA,9.22518056404147,19.0026037406617
2011-11-05 12:00:00,2011,11,5,NA,7.3398099942462,15.9012458350558
2011-11-06 12:00:00,2011,11,6,NA,4.60737559045137,12.5693613941062
2011-11-07 12:00:00,2011,11,7,NA,3.54825004702518,10.6841910424337
2011-11-08 12:00:00,2011,11,8,NA,3.50179038140935,13.0331940087027
2011-11-09 12:00:00,2011,11,9,NA,3.70042895852069,18.6716666253898
2011-11-10 12:00:00,2011,11,10,NA,5.58917177544953,18.7668602032666
2011-11-11 12:00:00,2011,11,11,NA,6.13673977220703,21.8306679603772
2011-11-12 12:00:00,2011,11,12,NA,9.09616674144035,19.0360633813818
2011-11-13 12:00:00,2011,11,13,NA,10.5389103354038,19.7317513482101
2011-11-14 12:00:00,2011,11,14,NA,8.18551115853452,15.0119872449402
2011-11-15 12:00:00,2011,11,15,NA,7.27745007349461,17.4473942631019
2011-11-16 12:00:00,2011,11,16,NA,8.30325628834039,19.7386839539574
2011-11-17 12:00:00,2011,11,17,NA,9.54145441500579,20.1525884196749
2011-11-18 12:00:00,2011,11,18,NA,10.4037660149703,20.6708689194432
2011-11-19 12:00:00,2011,11,19,NA,8.24840277721819,21.4425323846321
2011-11-20 12:00:00,2011,11,20,NA,7.19090791840381,22.609369417432
2011-11-21 12:00:00,2011,11,21,NA,1.39535756906973,10.2902563932128
2011-11-22 12:00:00,2011,11,22,NA,3.28333818348028,10.1240577285684
2011-11-23 12:00:00,2011,11,23,NA,0.515629886806754,9.30464534491378
2011-11-24 12:00:00,2011,11,24,NA,-0.812054177960739,7.00424680068783
2011-11-25 12:00:00,2011,11,25,NA,-5.74000731505623,5.54021969813291
2011-11-26 12:00:00,2011,11,26,NA,-3.25018247486926,9.80601033179535
2011-11-27 12:00:00,2011,11,27,NA,-1.50742037479631,6.45456542885851
2011-11-28 12:00:00,2011,11,28,NA,-0.671898482878927,8.35782194279327
2011-11-29 12:00:00,2011,11,29,NA,-1.40501753919904,11.2442532733377
2011-11-30 12:00:00,2011,11,30,NA,-3.45654411580186,7.5801175237966
2011-12-01 12:00:00,2011,12,1,NA,-2.14039227901093,9.22445365244857
2011-12-02 12:00:00,2011,12,2,NA,-1.87510274778647,13.2664698665531
2011-12-03 12:00:00,2011,12,3,NA,0.703645555348493,11.9367909827535
2011-12-04 12:00:00,2011,12,4,NA,4.82255089443667,11.2154431636445
2011-12-05 12:00:00,2011,12,5,NA,5.68531994932616,14.2858462443706
2011-12-06 12:00:00,2011,12,6,NA,5.81414131668873,14.9081769827366
2011-12-07 12:00:00,2011,12,7,NA,2.49971776786746,13.0307667674979
2011-12-08 12:00:00,2011,12,8,NA,1.72728134441392,14.9019512448361
2011-12-09 12:00:00,2011,12,9,NA,4.3617536604663,9.96263419253517
2011-12-10 12:00:00,2011,12,10,NA,1.89379456974588,11.1450125645934
2011-12-11 12:00:00,2011,12,11,NA,2.39306996998454,11.0940742015785
2011-12-12 12:00:00,2011,12,12,NA,4.93103436154233,8.35363583738655
2011-12-13 12:00:00,2011,12,13,NA,1.01471292738431,8.08842854735092
2011-12-14 12:00:00,2011,12,14,NA,5.79694770204767,14.5861984318327
2011-12-15 12:00:00,2011,12,15,NA,3.27752847854822,12.4766230659784
2011-12-16 12:00:00,2011,12,16,NA,1.27603571238384,9.36477580309939
2011-12-17 12:00:00,2011,12,17,NA,4.59693772016715,11.8880293722368
2011-12-18 12:00:00,2011,12,18,NA,1.56768883385578,13.9475356092586
2011-12-19 12:00:00,2011,12,19,NA,0.361745810637168,13.8598532309686
2011-12-20 12:00:00,2011,12,20,NA,-1.45800429485606,7.75847423855093
2011-12-21 12:00:00,2011,12,21,NA,-1.51228935810135,9.66954413323923
2011-12-22 12:00:00,2011,12,22,NA,-0.438063463643172,10.9821984520573
2011-12-23 12:00:00,2011,12,23,NA,2.0689223258248,10.3950781846901
2011-12-24 12:00:00,2011,12,24,NA,-1.82807229134353,8.31598725931598
2011-12-25 12:00:00,2011,12,25,NA,-5.05655615092786,3.03220211739619
2011-12-26 12:00:00,2011,12,26,NA,-4.66666823488716,5.99994970693005
2011-12-27 12:00:00,2011,12,27,NA,-4.88319109120773,6.34926096057807
2011-12-28 12:00:00,2011,12,28,NA,-3.55315775653742,6.30433831845065
2011-12-29 12:00:00,2011,12,29,NA,-2.47085434067276,15.6211757001399
2011-12-30 12:00:00,2011,12,30,NA,-0.754770297533626,13.163016720104
2011-12-31 12:00:00,2011,12,31,NA,4.75060976539193,8.99055491338344
2012-01-01 12:00:00,2012,1,1,NA,1.63782948880571,5.79045249672266
2012-01-02 12:00:00,2012,1,2,NA,-0.188277035797847,7.60770875097701
2012-01-03 12:00:00,2012,1,3,NA,-0.329389050423517,6.14011654730062
2012-01-04 12:00:00,2012,1,4,NA,-3.65650194133616,4.38581888064391
2012-01-05 12:00:00,2012,1,5,NA,-2.25411883128189,9.08219714890606
2012-01-06 12:00:00,2012,1,6,NA,-1.62321508894792,8.52370849755295
2012-01-07 12:00:00,2012,1,7,NA,-1.6459089811191,3.22381870450388
2012-01-08 12:00:00,2012,1,8,NA,-3.66116133171569,4.20868667831173
2012-01-09 12:00:00,2012,1,9,NA,-6.69953034724204,5.3486127811976
2012-01-10 12:00:00,2012,1,10,NA,-3.35075439651359,3.21856390725222
2012-01-11 12:00:00,2012,1,11,NA,-4.58667173725829,5.03196166106243
2012-01-12 12:00:00,2012,1,12,NA,-3.59926744466375,6.45201819819751
2012-01-13 12:00:00,2012,1,13,NA,-2.71046455818252,9.6842930011042
2012-01-14 12:00:00,2012,1,14,NA,-0.655317693171205,5.45048945631707
2012-01-15 12:00:00,2012,1,15,NA,-2.82494050667773,10.6208085816644
2012-01-16 12:00:00,2012,1,16,NA,-1.17394479990038,9.09551770792287
2012-01-17 12:00:00,2012,1,17,NA,-1.19489222023529,9.06248589602419
2012-01-18 12:00:00,2012,1,18,NA,-0.236406241798783,8.84921603251379
2012-01-19 12:00:00,2012,1,19,NA,2.06267386661521,9.20009102202813
2012-01-20 12:00:00,2012,1,20,NA,0.627368577700529,11.0861616744391
2012-01-21 12:00:00,2012,1,21,NA,1.65767291247399,15.2082018896956
2012-01-22 12:00:00,2012,1,22,NA,2.14033771742828,12.2868611875027
2012-01-23 12:00:00,2012,1,23,NA,0.95696711282265,11.6564076488153
2012-01-24 12:00:00,2012,1,24,NA,0.404116066685154,13.1055369950649
2012-01-25 12:00:00,2012,1,25,NA,1.43617616353358,12.4814556420068
2012-01-26 12:00:00,2012,1,26,NA,2.99746130723423,11.0616304733255
2012-01-27 12:00:00,2012,1,27,NA,3.92222060443486,8.69434912475946
2012-01-28 12:00:00,2012,1,28,NA,-0.267142828645624,11.2371697931815
2012-01-29 12:00:00,2012,1,29,NA,0.189583071359019,8.00424644306207
2012-01-30 12:00:00,2012,1,30,NA,3.54920755793167,14.3585005318757
2012-01-31 12:00:00,2012,1,31,NA,-0.193707156650646,11.6614631080593
2012-02-01 12:00:00,2012,2,1,NA,0.184973908674177,6.54741147940577
2012-02-02 12:00:00,2012,2,2,NA,-0.342068207911719,6.72377536342385
2012-02-03 12:00:00,2012,2,3,NA,-1.1512081543886,7.99817057432228
2012-02-04 12:00:00,2012,2,4,NA,-0.868861243098836,4.30190124870337
2012-02-05 12:00:00,2012,2,5,NA,0.35863182128521,9.7951966943711
2012-02-06 12:00:00,2012,2,6,NA,-6.34814359056371,4.41297486551342
2012-02-07 12:00:00,2012,2,7,NA,-7.7832024903778,-1.80883425174839
2012-02-08 12:00:00,2012,2,8,NA,-6.67289997661029,7.78244395579739
2012-02-09 12:00:00,2012,2,9,NA,-6.34358813625504,0.548442926851521
2012-02-10 12:00:00,2012,2,10,NA,-3.46345936622813,6.55201113102173
2012-02-11 12:00:00,2012,2,11,NA,-3.44796071966194,11.6657834464026
2012-02-12 12:00:00,2012,2,12,NA,-1.49568354369389,13.4751506832616
2012-02-13 12:00:00,2012,2,13,NA,-4.22447023509128,11.1700502682287
2012-02-14 12:00:00,2012,2,14,NA,-5.10454697006297,14.4025655658895
2012-02-15 12:00:00,2012,2,15,NA,-1.43026368838496,14.9537419148505
2012-02-16 12:00:00,2012,2,16,NA,-0.196710555872057,15.1989266160145
2012-02-17 12:00:00,2012,2,17,NA,4.01289904237771,14.4848960873551
2012-02-18 12:00:00,2012,2,18,NA,0.573952242044228,10.2427269214938
2012-02-19 12:00:00,2012,2,19,NA,1.77275356262441,13.0095608021978
2012-02-20 12:00:00,2012,2,20,NA,-1.21467011739923,5.22786646905413
2012-02-21 12:00:00,2012,2,21,NA,-8.0012309839354,-3.82800538389503
2012-02-22 12:00:00,2012,2,22,NA,-4.50160992944268,8.96159684401526
2012-02-23 12:00:00,2012,2,23,NA,-1.43892884653715,8.50882990629766
2012-02-24 12:00:00,2012,2,24,NA,1.43196661469265,7.80378963548707
2012-02-25 12:00:00,2012,2,25,NA,-5.98576000831436,1.46713404969894
2012-02-26 12:00:00,2012,2,26,NA,-3.22741345628296,0.781388123152932
2012-02-27 12:00:00,2012,2,27,NA,-1.16895452167135,5.87778639376326
2012-02-28 12:00:00,2012,2,28,NA,-4.43235408796114,1.82775560435402
2012-02-29 12:00:00,2012,2,29,NA,-3.65016108285203,9.56329049203572
2012-03-01 12:00:00,2012,3,1,NA,3.02419624520587,12.5747081956859
2012-03-02 12:00:00,2012,3,2,NA,2.57442166276063,10.3010840757504
2012-03-03 12:00:00,2012,3,3,NA,-1.10956310263322,9.91053973827459
2012-03-04 12:00:00,2012,3,4,NA,0.495895962978915,14.6922860148619
2012-03-05 12:00:00,2012,3,5,NA,1.7056097307111,9.90044526807102
2012-03-06 12:00:00,2012,3,6,NA,5.00010228461077,16.3970256038173
2012-03-07 12:00:00,2012,3,7,NA,6.18138053089258,19.5677105351519
2012-03-08 12:00:00,2012,3,8,NA,-0.2812134233118,10.9496858846724
2012-03-09 12:00:00,2012,3,9,NA,-1.32649399474607,14.6289285200372
2012-03-10 12:00:00,2012,3,10,NA,-0.599098937791556,13.9238956004419
2012-03-11 12:00:00,2012,3,11,NA,0.39933839909181,12.0037898350366
2012-03-12 12:00:00,2012,3,12,NA,0.682860596078974,9.56373274002462
2012-03-13 12:00:00,2012,3,13,NA,-1.38548263082143,5.57267717683437
2012-03-14 12:00:00,2012,3,14,NA,1.56699628457053,5.1183108479635
2012-03-15 12:00:00,2012,3,15,NA,-0.564247755269884,10.7306499721821
2012-03-16 12:00:00,2012,3,16,NA,-0.930121185571226,13.2662688663118
2012-03-17 12:00:00,2012,3,17,NA,-1.24126003923703,12.0436374270577
2012-03-18 12:00:00,2012,3,18,NA,-3.31143051494254,14.2376851060967
2012-03-19 12:00:00,2012,3,19,NA,1.23868998941288,6.21517739133986
2012-03-20 12:00:00,2012,3,20,NA,0.0549280141311073,8.63410064662738
2012-03-21 12:00:00,2012,3,21,NA,-0.217881278820135,11.6595235259785
2012-03-22 12:00:00,2012,3,22,NA,2.48497302823325,14.9723040984302
2012-03-23 12:00:00,2012,3,23,NA,1.31139650067772,13.249181628218
2012-03-24 12:00:00,2012,3,24,NA,4.07652867474424,7.95196733632746
2012-03-25 12:00:00,2012,3,25,NA,3.94238450966986,9.43542134327354
2012-03-26 12:00:00,2012,3,26,NA,4.74178927218227,17.3950228866008
2012-03-27 12:00:00,2012,3,27,NA,3.48654703083934,15.5926960986324
2012-03-28 12:00:00,2012,3,28,NA,4.68982568362143,17.8124577870484
2012-03-29 12:00:00,2012,3,29,NA,2.78804413312361,14.4630993697105
2012-03-30 12:00:00,2012,3,30,NA,3.56164497243931,8.5443945025563
2012-03-31 12:00:00,2012,3,31,NA,1.42574747599824,6.02309121241604
2012-04-01 12:00:00,2012,4,1,NA,2.80265320947077,6.55931328849125
2012-04-02 12:00:00,2012,4,2,NA,4.20715868797954,13.014037760867
2012-04-03 12:00:00,2012,4,3,NA,3.85663658632507,13.8507651095173
2012-04-04 12:00:00,2012,4,4,NA,4.29204517041762,14.8702153877259
2012-04-05 12:00:00,2012,4,5,NA,4.76537961698852,18.1325591338021
2012-04-06 12:00:00,2012,4,6,NA,3.92947797132714,20.5488050225245
2012-04-07 12:00:00,2012,4,7,NA,2.84132473737246,26.2155030282636
2012-04-08 12:00:00,2012,4,8,NA,4.13360843170327,21.8891172770843
2012-04-09 12:00:00,2012,4,9,NA,4.67037659327103,15.2485468105794
2012-04-10 12:00:00,2012,4,10,NA,4.33521036629362,15.7071406368027
2012-04-11 12:00:00,2012,4,11,NA,5.98776305429049,21.8429805157812
2012-04-12 12:00:00,2012,4,12,NA,8.32526135997913,23.532558561981
2012-04-13 12:00:00,2012,4,13,NA,8.16152596669026,24.8894212543996
2012-04-14 12:00:00,2012,4,14,NA,7.49245625574697,20.8596357725606
2012-04-15 12:00:00,2012,4,15,NA,10.1637859274015,15.099508605643
2012-04-16 12:00:00,2012,4,16,NA,5.87243965695043,20.6406275509644
2012-04-17 12:00:00,2012,4,17,NA,6.42125027340999,23.9515164615149
2012-04-18 12:00:00,2012,4,18,NA,6.75304712983774,25.2404187964174
2012-04-19 12:00:00,2012,4,19,NA,7.46233972291471,24.1702306511211
2012-04-20 12:00:00,2012,4,20,NA,12.3060807497456,25.337565123823
2012-04-21 12:00:00,2012,4,21,NA,13.6532402837877,21.2322423547781
2012-04-22 12:00:00,2012,4,22,NA,13.4211331491066,24.4281908766187
2012-04-23 12:00:00,2012,4,23,NA,8.93234196552756,14.309867705628
2012-04-24 12:00:00,2012,4,24,NA,10.4030549168408,12.5026289020925
2012-04-25 12:00:00,2012,4,25,NA,7.7762714348219,14.7174545233651
2012-04-26 12:00:00,2012,4,26,NA,4.04126268996119,13.9558419885572
2012-04-27 12:00:00,2012,4,27,NA,-1.7345912743907,17.2794288920881
2012-04-28 12:00:00,2012,4,28,NA,2.77194368222298,23.0119415992682
2012-04-29 12:00:00,2012,4,29,NA,5.45080999432373,23.3382277464705
2012-04-30 12:00:00,2012,4,30,NA,7.14041041315696,21.9057567203561
2012-05-01 12:00:00,2012,5,1,NA,8.45900522211838,27.1900983183351
2012-05-02 12:00:00,2012,5,2,NA,9.3051712555534,19.8833414728617
2012-05-03 12:00:00,2012,5,3,NA,11.084496488687,16.7912905398665
2012-05-04 12:00:00,2012,5,4,NA,12.2851906675895,16.3735647177012
2012-05-05 12:00:00,2012,5,5,NA,13.2137187551091,20.8479922431609
2012-05-06 12:00:00,2012,5,6,NA,10.4112706161656,22.3345846496443
2012-05-07 12:00:00,2012,5,7,NA,13.3619947105272,23.5344114413058
2012-05-08 12:00:00,2012,5,8,NA,18.181157547324,24.8099719623149
2012-05-09 12:00:00,2012,5,9,NA,13.5134931595867,28.6754226974515
2012-05-10 12:00:00,2012,5,10,NA,13.5310980171327,28.2109953718392
2012-05-11 12:00:00,2012,5,11,NA,17.2557897348639,21.1828427501971
2012-05-12 12:00:00,2012,5,12,NA,10.9096581544839,23.3507659074545
2012-05-13 12:00:00,2012,5,13,NA,13.0644564663035,25.8858952378879
2012-05-14 12:00:00,2012,5,14,NA,13.3589921034772,24.5426800649437
2012-05-15 12:00:00,2012,5,15,NA,15.0551009135106,31.2010420064872
2012-05-16 12:00:00,2012,5,16,NA,15.0015681128091,28.700496772702
2012-05-17 12:00:00,2012,5,17,NA,15.1463605167722,28.8501599427128
2012-05-18 12:00:00,2012,5,18,NA,15.191774374357,27.6214756830065
2012-05-19 12:00:00,2012,5,19,NA,12.5595689924582,28.7092203634086
2012-05-20 12:00:00,2012,5,20,NA,13.6544020101777,28.6470004280789
2012-05-21 12:00:00,2012,5,21,NA,13.7496351084058,27.4485637682987
2012-05-22 12:00:00,2012,5,22,NA,10.1595360137614,23.8913443109805
2012-05-23 12:00:00,2012,5,23,NA,12.962088690012,25.1899252817519
2012-05-24 12:00:00,2012,5,24,NA,14.9714314652084,28.0813854054251
2012-05-25 12:00:00,2012,5,25,NA,16.4032292853871,23.2563292733147
2012-05-26 12:00:00,2012,5,26,NA,12.8785356881987,17.7668717812725
2012-05-27 12:00:00,2012,5,27,NA,14.6750060786422,21.3682619051635
2012-05-28 12:00:00,2012,5,28,NA,13.6600776303051,24.3710632630308
2012-05-29 12:00:00,2012,5,29,NA,13.2438058875427,21.7825529044582
2012-05-30 12:00:00,2012,5,30,NA,15.3882799018336,19.2835193228225
2012-05-31 12:00:00,2012,5,31,NA,14.9344197694682,27.8043407484665
2012-06-01 12:00:00,2012,6,1,NA,11.5108861089432,27.9753302981621
2012-06-02 12:00:00,2012,6,2,NA,13.4473947423594,29.2051842699794
2012-06-03 12:00:00,2012,6,3,NA,17.538684873201,30.3137487237283
2012-06-04 12:00:00,2012,6,4,NA,18.5436734864253,29.1267537934285
2012-06-05 12:00:00,2012,6,5,NA,18.5429242853666,30.2164785478971
2012-06-06 12:00:00,2012,6,6,NA,21.3669904616445,29.8513673136458
2012-06-07 12:00:00,2012,6,7,NA,20.8897202045019,30.241567262909
2012-06-08 12:00:00,2012,6,8,NA,23.5275049264492,26.323990592241
2012-06-09 12:00:00,2012,6,9,NA,20.1984849189593,30.2246129923419
2012-06-10 12:00:00,2012,6,10,NA,19.6006165769476,26.6641742495911
2012-06-11 12:00:00,2012,6,11,NA,21.1992535960927,26.0174543471073
2012-06-12 12:00:00,2012,6,12,NA,21.4134462579511,26.5381429785152
2012-06-13 12:00:00,2012,6,13,NA,21.5457795519164,28.6089357657394
2012-06-14 12:00:00,2012,6,14,NA,21.6386457514436,26.3138159810273
2012-06-15 12:00:00,2012,6,15,NA,19.3621251494289,26.6966796868047
2012-06-16 12:00:00,2012,6,16,NA,19.2270063143734,27.2507783135501
2012-06-17 12:00:00,2012,6,17,NA,19.9423533989592,23.1713969130513
2012-06-18 12:00:00,2012,6,18,NA,18.3190105556336,27.3367874401843
2012-06-19 12:00:00,2012,6,19,NA,17.8449552346905,26.9303998801868
2012-06-20 12:00:00,2012,6,20,NA,19.8512558689708,26.6426103878083
2012-06-21 12:00:00,2012,6,21,NA,18.7704146894349,24.4552821667486
2012-06-22 12:00:00,2012,6,22,NA,17.7763154759639,24.8196906896863
2012-06-23 12:00:00,2012,6,23,NA,19.1887668314988,26.7034942955344
2012-06-24 12:00:00,2012,6,24,NA,18.8382466980794,26.6568032205158
2012-06-25 12:00:00,2012,6,25,NA,18.8902353888611,29.7779678335864
2012-06-26 12:00:00,2012,6,26,NA,20.4458786327252,29.5325595056202
2012-06-27 12:00:00,2012,6,27,NA,19.5655106131481,28.3517999109058
2012-06-28 12:00:00,2012,6,28,NA,19.8483007134209,33.9211402887769
2012-06-29 12:00:00,2012,6,29,NA,23.1101429767242,32.8780306203312
2012-06-30 12:00:00,2012,6,30,NA,21.8680378528483,33.4466606604338
2012-07-01 12:00:00,2012,7,1,NA,21.9915659497272,30.290720922848
2012-07-02 12:00:00,2012,7,2,NA,22.2529954927051,33.9183344655496
2012-07-03 12:00:00,2012,7,3,NA,23.5623518146483,33.1198772925796
2012-07-04 12:00:00,2012,7,4,NA,24.3190284626724,33.0524656311866
2012-07-05 12:00:00,2012,7,5,NA,24.305269239721,33.8048646777375
2012-07-06 12:00:00,2012,7,6,NA,22.0924986357439,34.7694430915411
2012-07-07 12:00:00,2012,7,7,NA,22.8536218932748,31.3547669310145
2012-07-08 12:00:00,2012,7,8,NA,23.8698883743059,29.7834554934527
2012-07-09 12:00:00,2012,7,9,NA,19.8741737820904,24.2986212686976
2012-07-10 12:00:00,2012,7,10,NA,20.1052781290659,24.2537055628036
2012-07-11 12:00:00,2012,7,11,NA,21.2242228766156,31.1207554898888
2012-07-12 12:00:00,2012,7,12,NA,20.3999748852509,29.5195453936296
2012-07-13 12:00:00,2012,7,13,NA,20.716289931951,31.1624163623323
2012-07-14 12:00:00,2012,7,14,NA,23.854666779709,31.1219570168033
2012-07-15 12:00:00,2012,7,15,NA,20.5883415575198,24.5727763976001
2012-07-16 12:00:00,2012,7,16,NA,19.8583979255216,29.5064188975842
2012-07-17 12:00:00,2012,7,17,NA,21.7182086002146,33.0590203366072
2012-07-18 12:00:00,2012,7,18,NA,24.6018422217738,32.3183094215835
2012-07-19 12:00:00,2012,7,19,NA,24.9250436118797,31.0115123044432
2012-07-20 12:00:00,2012,7,20,NA,22.9701184544202,29.7531670969765
2012-07-21 12:00:00,2012,7,21,NA,23.1836156375236,31.0101289306755
2012-07-22 12:00:00,2012,7,22,NA,23.6779973719586,29.4849261512033
2012-07-23 12:00:00,2012,7,23,NA,22.7922927061128,28.4394061909495
2012-07-24 12:00:00,2012,7,24,NA,21.7743184544564,30.2745969524564
2012-07-25 12:00:00,2012,7,25,NA,22.9350841872073,30.2948094127981
2012-07-26 12:00:00,2012,7,26,NA,26.2685065659503,31.9748978633059
2012-07-27 12:00:00,2012,7,27,NA,25.1511693777851,30.7399750075702
2012-07-28 12:00:00,2012,7,28,NA,24.8447666493688,31.7734248933515
2012-07-29 12:00:00,2012,7,29,NA,24.9367585978571,34.4025088837346
2012-07-30 12:00:00,2012,7,30,NA,25.084210207644,34.4099067513132
2012-07-31 12:00:00,2012,7,31,NA,24.5180192238474,33.3984582607729
2012-08-01 12:00:00,2012,8,1,NA,22.7075990450443,31.7000820449254
2012-08-02 12:00:00,2012,8,2,NA,24.8613390047037,34.6571366633323
2012-08-03 12:00:00,2012,8,3,NA,23.8120300808445,29.5728244180809
2012-08-04 12:00:00,2012,8,4,NA,24.3378739497803,31.7063112029515
2012-08-05 12:00:00,2012,8,5,NA,25.4121030731054,35.3709496593933
2012-08-06 12:00:00,2012,8,6,NA,27.283904054369,34.0034732369207
2012-08-07 12:00:00,2012,8,7,NA,28.7252333266609,35.1358108965313
2012-08-08 12:00:00,2012,8,8,NA,26.3317772391599,36.8872700983113
2012-08-09 12:00:00,2012,8,9,NA,27.1738874595854,34.8789062198645
2012-08-10 12:00:00,2012,8,10,NA,28.1384277786597,35.6113863929875
2012-08-11 12:00:00,2012,8,11,NA,25.3811158140461,35.5923060761221
2012-08-12 12:00:00,2012,8,12,NA,26.9720507933331,35.7922828772014
2012-08-13 12:00:00,2012,8,13,NA,26.5896327175839,35.9802474689213
2012-08-14 12:00:00,2012,8,14,NA,25.3404873468141,34.4903055562798
2012-08-15 12:00:00,2012,8,15,NA,26.6572331908258,33.8652766248717
2012-08-16 12:00:00,2012,8,16,NA,24.3020473386998,30.3444075613334
2012-08-17 12:00:00,2012,8,17,NA,24.0088613659441,33.8896158909333
2012-08-18 12:00:00,2012,8,18,NA,25.1889251666497,35.2819734410673
2012-08-19 12:00:00,2012,8,19,NA,27.2247679312317,33.9533751507557
2012-08-20 12:00:00,2012,8,20,NA,27.6886973589128,30.9472671657043
2012-08-21 12:00:00,2012,8,21,NA,26.088464099632,33.889840807659
2012-08-22 12:00:00,2012,8,22,NA,26.1634143251785,35.7895705603324
2012-08-23 12:00:00,2012,8,23,NA,24.8422060224276,34.2038233640259
2012-08-24 12:00:00,2012,8,24,NA,25.2724165193258,32.639157712298
2012-08-25 12:00:00,2012,8,25,NA,26.8492092380052,34.028470176724
2012-08-26 12:00:00,2012,8,26,NA,24.695301626229,34.894542938676
2012-08-27 12:00:00,2012,8,27,NA,26.2764276659302,33.0142279260816
2012-08-28 12:00:00,2012,8,28,NA,25.6985553939762,29.4910429526091
2012-08-29 12:00:00,2012,8,29,NA,24.9600263798009,31.427311694199
2012-08-30 12:00:00,2012,8,30,NA,26.0591491442772,30.7582335781368
2012-08-31 12:00:00,2012,8,31,NA,25.1673340996532,31.5148684506609
2012-09-01 12:00:00,2012,9,1,NA,25.093423160939,31.5607084753371
2012-09-02 12:00:00,2012,9,2,NA,23.2495073934625,33.8050002526139
2012-09-03 12:00:00,2012,9,3,NA,22.1880213530637,31.4794136733919
2012-09-04 12:00:00,2012,9,4,NA,22.6257257630424,28.555347163001
2012-09-05 12:00:00,2012,9,5,NA,23.3068217735538,30.3498895616295
2012-09-06 12:00:00,2012,9,6,NA,25.6330325326904,29.1000092198048
2012-09-07 12:00:00,2012,9,7,NA,25.9009241905978,30.1731946307902
2012-09-08 12:00:00,2012,9,8,NA,25.7290429348414,32.8196661958532
2012-09-09 12:00:00,2012,9,9,NA,23.1194804714575,33.0445357774685
2012-09-10 12:00:00,2012,9,10,NA,26.7359947552117,28.5500397067985
2012-09-11 12:00:00,2012,9,11,NA,24.8977167414809,27.5711131416585
2012-09-12 12:00:00,2012,9,12,NA,23.8874996207354,29.4412441889552
2012-09-13 12:00:00,2012,9,13,NA,22.6482216366438,27.9355145059727
2012-09-14 12:00:00,2012,9,14,NA,21.9428026491972,27.601370461412
2012-09-15 12:00:00,2012,9,15,NA,19.097920196422,26.1885434574339
2012-09-16 12:00:00,2012,9,16,NA,24.0042547800622,29.8202800609557
2012-09-17 12:00:00,2012,9,17,NA,20.5151449806848,30.8820144261722
2012-09-18 12:00:00,2012,9,18,NA,18.6867046017336,32.0969326076112
2012-09-19 12:00:00,2012,9,19,NA,22.3020757812649,25.5088069274574
2012-09-20 12:00:00,2012,9,20,NA,21.2981319332461,29.1013351674098
2012-09-21 12:00:00,2012,9,21,NA,20.347276699441,27.4378999604528
2012-09-22 12:00:00,2012,9,22,NA,17.8653124132338,27.4778782533177
2012-09-23 12:00:00,2012,9,23,NA,16.919333267429,24.5864817319537
2012-09-24 12:00:00,2012,9,24,NA,16.7650136387612,24.4355930334327
2012-09-25 12:00:00,2012,9,25,NA,20.0266165474205,28.6844021448595
2012-09-26 12:00:00,2012,9,26,NA,19.4765450208614,30.583466805386
2012-09-27 12:00:00,2012,9,27,NA,19.994213979856,27.904946535465
2012-09-28 12:00:00,2012,9,28,NA,21.3072088237798,30.0148424737542
2012-09-29 12:00:00,2012,9,29,NA,19.7256778087826,29.239595622917
2012-09-30 12:00:00,2012,9,30,NA,15.7166344391406,21.2608844537322
2012-10-01 12:00:00,2012,10,1,NA,14.1747591418743,22.9357287080642
2012-10-02 12:00:00,2012,10,2,NA,14.9459786295106,24.3860371152428
2012-10-03 12:00:00,2012,10,3,NA,16.8541870081976,25.6120532404123
2012-10-04 12:00:00,2012,10,4,NA,13.6698837599547,28.9906677729385
2012-10-05 12:00:00,2012,10,5,NA,16.4426090678609,26.1467852059724
2012-10-06 12:00:00,2012,10,6,NA,14.2474520179963,26.1618276872912
2012-10-07 12:00:00,2012,10,7,NA,18.6515544286946,20.3039331476839
2012-10-08 12:00:00,2012,10,8,NA,18.4571414909309,20.5918453795323
2012-10-09 12:00:00,2012,10,9,NA,12.6519133798731,24.2751234112069
2012-10-10 12:00:00,2012,10,10,NA,12.5895976028388,24.4875264247396
2012-10-11 12:00:00,2012,10,11,NA,12.1369067382528,23.720910268121
2012-10-12 12:00:00,2012,10,12,NA,11.3071177144454,19.667072126419
2012-10-13 12:00:00,2012,10,13,NA,9.5109615962347,19.0851145792377
2012-10-14 12:00:00,2012,10,14,NA,10.9692264340643,22.8300605483465
2012-10-15 12:00:00,2012,10,15,NA,9.22171828013836,20.9755563396766
2012-10-16 12:00:00,2012,10,16,NA,10.9933779436682,23.7480586394776
2012-10-17 12:00:00,2012,10,17,NA,9.19760805866849,21.2498160307903
2012-10-18 12:00:00,2012,10,18,NA,10.0769929041245,23.4440224879747
2012-10-19 12:00:00,2012,10,19,NA,10.2904017735176,21.8535191097376
2012-10-20 12:00:00,2012,10,20,NA,7.32259835226493,17.131708227535
2012-10-21 12:00:00,2012,10,21,NA,5.1429732245723,13.1091721675601
2012-10-22 12:00:00,2012,10,22,NA,4.48849551344323,12.2585299375097
2012-10-23 12:00:00,2012,10,23,NA,2.3219674791328,17.8022593247578
2012-10-24 12:00:00,2012,10,24,NA,5.58432321928416,22.8311458713519
2012-10-25 12:00:00,2012,10,25,NA,6.63373219898284,19.1291146757021
2012-10-26 12:00:00,2012,10,26,NA,8.59141200448792,19.7624872313314
2012-10-27 12:00:00,2012,10,27,NA,8.13561302575269,21.9108589059554
2012-10-28 12:00:00,2012,10,28,NA,5.44027341439469,19.9172512709527
2012-10-29 12:00:00,2012,10,29,NA,7.83237277341532,20.4498411601576
2012-10-30 12:00:00,2012,10,30,NA,10.916252422265,16.7812295464093
2012-10-31 12:00:00,2012,10,31,NA,5.37287999738033,17.1387136096074
2012-11-01 12:00:00,2012,11,1,NA,5.61296327293102,9.48962020182108
2012-11-02 12:00:00,2012,11,2,NA,0.744663524123154,10.4578208849783
2012-11-03 12:00:00,2012,11,3,NA,2.25537994845333,13.5265370088846
2012-11-04 12:00:00,2012,11,4,NA,5.27108201559753,18.4487704434146
2012-11-05 12:00:00,2012,11,5,NA,8.60697277637184,12.7093526018426
2012-11-06 12:00:00,2012,11,6,NA,6.3959956565693,15.6145036420387
2012-11-07 12:00:00,2012,11,7,NA,7.68851543605294,18.9596724964843
2012-11-08 12:00:00,2012,11,8,NA,11.3979379425297,17.7128142137464
2012-11-09 12:00:00,2012,11,9,NA,9.22289960696241,14.507715965232
2012-11-10 12:00:00,2012,11,10,NA,4.57057805049426,14.498815900351
2012-11-11 12:00:00,2012,11,11,NA,3.05532834927947,17.3764766173816
2012-11-12 12:00:00,2012,11,12,NA,1.73696007011134,13.0763378157209
2012-11-13 12:00:00,2012,11,13,NA,5.856470793735,13.9500725441394
2012-11-14 12:00:00,2012,11,14,NA,4.66378581906728,9.02541035443274
2012-11-15 12:00:00,2012,11,15,NA,3.79242244175455,7.35552203565837
2012-11-16 12:00:00,2012,11,16,NA,0.608222423241402,10.0724342405065
2012-11-17 12:00:00,2012,11,17,NA,1.70532316954108,15.0240603451411
2012-11-18 12:00:00,2012,11,18,NA,3.59335075818557,15.353215520223
2012-11-19 12:00:00,2012,11,19,NA,2.61317451039894,17.7982722349351
2012-11-20 12:00:00,2012,11,20,NA,4.79409666969023,21.125453008175
2012-11-21 12:00:00,2012,11,21,NA,4.02440942986264,18.7580440510888
2012-11-22 12:00:00,2012,11,22,NA,2.83861280957191,14.3773776016268
2012-11-23 12:00:00,2012,11,23,NA,2.17813630906334,15.7254701586558
2012-11-24 12:00:00,2012,11,24,NA,3.1416573650104,18.6795146347864
2012-11-25 12:00:00,2012,11,25,NA,9.73631859119593,17.6168821945696
2012-11-26 12:00:00,2012,11,26,NA,11.0107692629562,23.3197203189376
2012-11-27 12:00:00,2012,11,27,NA,5.72645736585893,21.0906021316194
2012-11-28 12:00:00,2012,11,28,NA,5.3848968220845,18.8501502961596
2012-11-29 12:00:00,2012,11,29,NA,7.00043091159191,19.629667498208
2012-11-30 12:00:00,2012,11,30,NA,3.71473317060184,16.1333880064567
2012-12-01 12:00:00,2012,12,1,NA,-0.488103113355073,14.6975600202433
2012-12-02 12:00:00,2012,12,2,NA,1.06521855068076,14.5002364098573
2012-12-03 12:00:00,2012,12,3,NA,2.10455961493154,14.5561107900615
2012-12-04 12:00:00,2012,12,4,NA,2.49641915678902,14.5178779487487
2012-12-05 12:00:00,2012,12,5,NA,3.55243718805543,12.3286019451812
2012-12-06 12:00:00,2012,12,6,NA,2.65121029003232,11.5352989489435
2012-12-07 12:00:00,2012,12,7,NA,-4.07035175523946,3.89725709002586
2012-12-08 12:00:00,2012,12,8,NA,-1.15790120202714,9.07558501555357
2012-12-09 12:00:00,2012,12,9,NA,-0.946117360921193,5.75605944488233
2012-12-10 12:00:00,2012,12,10,NA,-2.28464228171972,8.03385443439584
2012-12-11 12:00:00,2012,12,11,NA,-0.269057433641577,4.06935155713274
2012-12-12 12:00:00,2012,12,12,NA,-1.136501389836,9.00755816082351
2012-12-13 12:00:00,2012,12,13,NA,-0.136316697071833,5.54235484625604
2012-12-14 12:00:00,2012,12,14,NA,-6.78075547445765,0.869880301969434
2012-12-15 12:00:00,2012,12,15,NA,-6.06493632371891,8.9182411547372
2012-12-16 12:00:00,2012,12,16,NA,-3.96900802730597,3.3650930527322
2012-12-17 12:00:00,2012,12,17,NA,-7.10381606924541,0.491552857507047
2012-12-18 12:00:00,2012,12,18,NA,-3.8266940729068,0.379143197844667
2012-12-19 12:00:00,2012,12,19,NA,-3.80298798975994,9.56422520734625
2012-12-20 12:00:00,2012,12,20,NA,-2.3863106090921,11.1302564114113
2012-12-21 12:00:00,2012,12,21,NA,-3.09573366016831,11.2841245179201
2012-12-22 12:00:00,2012,12,22,NA,0.405466233532899,14.1526686915062
2012-12-23 12:00:00,2012,12,23,NA,-1.8430616394142,6.53350745090197
2012-12-24 12:00:00,2012,12,24,NA,-6.72343029617468,2.98459896978867
2012-12-25 12:00:00,2012,12,25,NA,-5.06866621996705,8.23695714198549
2012-12-26 12:00:00,2012,12,26,NA,-7.42114160998024,5.03393162654758
2012-12-27 12:00:00,2012,12,27,NA,-7.45878913663998,1.12777414317745
2012-12-28 12:00:00,2012,12,28,NA,-7.38581219215754,1.44837656302788
2012-12-29 12:00:00,2012,12,29,NA,-3.6245262398228,0.476547384716361
2012-12-30 12:00:00,2012,12,30,NA,-4.02822545644447,9.33898774066171
2012-12-31 12:00:00,2012,12,31,NA,-0.977257084032032,14.0568923724135
2013-01-01 12:00:00,2013,1,1,NA,0.888598801950818,14.2260316273661
2013-01-02 12:00:00,2013,1,2,NA,3.84075007559276,7.94541069779343
2013-01-03 12:00:00,2013,1,3,NA,1.87667216146339,11.8885329848755
2013-01-04 12:00:00,2013,1,4,NA,2.40718616016894,8.43620766927847
2013-01-05 12:00:00,2013,1,5,NA,0.48572803806591,8.30039140976896
2013-01-06 12:00:00,2013,1,6,NA,-0.609798736314255,5.53684920301786
2013-01-07 12:00:00,2013,1,7,NA,1.72767221635994,4.37686732507254
2013-01-08 12:00:00,2013,1,8,NA,-1.2787449166116,4.73011222441346
2013-01-09 12:00:00,2013,1,9,NA,-0.664421951512923,9.00593309526791
2013-01-10 12:00:00,2013,1,10,NA,2.3618193547031,9.76464553774859
2013-01-11 12:00:00,2013,1,11,NA,-2.31277951718659,10.0622227856859
2013-01-12 12:00:00,2013,1,12,NA,0.507738751291114,13.594303226226
2013-01-13 12:00:00,2013,1,13,NA,4.58821608191265,7.31197894635028
2013-01-14 12:00:00,2013,1,14,NA,-5.05254334887325,-1.98789587091476
2013-01-15 12:00:00,2013,1,15,NA,-4.90168602148302,4.85075698070058
2013-01-16 12:00:00,2013,1,16,NA,-7.5948058772548,1.92296323386054
2013-01-17 12:00:00,2013,1,17,NA,-3.68304497145248,8.30725481934562
2013-01-18 12:00:00,2013,1,18,NA,-2.88626151468225,2.5469556985009
2013-01-19 12:00:00,2013,1,19,NA,-6.25920938409175,-0.986483228323928
2013-01-20 12:00:00,2013,1,20,NA,-4.22600123293812,1.61378133528956
2013-01-21 12:00:00,2013,1,21,NA,-3.23407742100001,5.45943964250175
2013-01-22 12:00:00,2013,1,22,NA,-6.44777223424808,0.100784309566707
2013-01-23 12:00:00,2013,1,23,NA,-6.69700556916244,2.19690711026991
2013-01-24 12:00:00,2013,1,24,NA,-4.39610748887927,4.06738687834113
2013-01-25 12:00:00,2013,1,25,NA,-6.22985097726713,2.44670675282851
2013-01-26 12:00:00,2013,1,26,NA,-11.961731150161,-6.34543472290627
2013-01-27 12:00:00,2013,1,27,NA,-9.43504903361899,-2.23156894880926
2013-01-28 12:00:00,2013,1,28,NA,-7.05940701567104,3.80064707228368
2013-01-29 12:00:00,2013,1,29,NA,-5.85673854051411,2.22433681296241
2013-01-30 12:00:00,2013,1,30,NA,-6.12908180180401,6.10705424120182
2013-01-31 12:00:00,2013,1,31,NA,-8.77016729051795,-5.07015619912348
2013-02-01 12:00:00,2013,2,1,NA,-12.0073782807634,-4.5694366771472
2013-02-02 12:00:00,2013,2,2,NA,-9.89054839867721,0.339184280027076
2013-02-03 12:00:00,2013,2,3,NA,-5.84573567128011,7.11578660253911
2013-02-04 12:00:00,2013,2,4,NA,-6.75895472134145,6.99080832215337
2013-02-05 12:00:00,2013,2,5,NA,-6.37358664779116,7.85969270450848
2013-02-06 12:00:00,2013,2,6,NA,-8.03887991796858,7.66790342624063
2013-02-07 12:00:00,2013,2,7,NA,-6.49956092707782,11.280693093672
2013-02-08 12:00:00,2013,2,8,NA,-6.67994257603501,7.30398664397953
2013-02-09 12:00:00,2013,2,9,NA,-6.12791999068014,5.26676180511952
2013-02-10 12:00:00,2013,2,10,NA,-5.52388069241734,9.66318756957891
2013-02-11 12:00:00,2013,2,11,NA,-2.83421490128114,12.9752944044879
2013-02-12 12:00:00,2013,2,12,NA,-0.347435070701049,9.04515947212694
2013-02-13 12:00:00,2013,2,13,NA,-1.45764282634237,8.13879902532064
2013-02-14 12:00:00,2013,2,14,NA,1.85680431461493,9.28470393929048
2013-02-15 12:00:00,2013,2,15,NA,1.88158925093521,10.3738541091442
2013-02-16 12:00:00,2013,2,16,NA,-0.00375902060115951,13.4870541827341
2013-02-17 12:00:00,2013,2,17,NA,0.844738040933178,8.00841509414113
2013-02-18 12:00:00,2013,2,18,NA,-1.8654797738451,3.37797681435861
2013-02-19 12:00:00,2013,2,19,NA,-2.46949186823393,8.21629377202013
2013-02-20 12:00:00,2013,2,20,NA,-1.53723939192941,13.7560952719435
2013-02-21 12:00:00,2013,2,21,NA,0.860970927515716,15.2167185415323
2013-02-22 12:00:00,2013,2,22,NA,6.16111453760177,17.6091373997347
2013-02-23 12:00:00,2013,2,23,NA,2.69153764907329,16.6657975149811
2013-02-24 12:00:00,2013,2,24,NA,0.195911115311838,5.96140930269158
2013-02-25 12:00:00,2013,2,25,NA,2.56182550791744,11.9339742508337
2013-02-26 12:00:00,2013,2,26,NA,-0.797603886639957,5.66054426613565
2013-02-27 12:00:00,2013,2,27,NA,-1.64642167578469,9.80160118634823
2013-02-28 12:00:00,2013,2,28,NA,-5.0635756378976,3.81795119475924
2013-03-01 12:00:00,2013,3,1,NA,-4.0941368755364,10.8802638298237
2013-03-02 12:00:00,2013,3,2,NA,-6.43152157526429,-3.15066856647221
2013-03-03 12:00:00,2013,3,3,NA,-3.21348898607554,7.22300773735659
2013-03-04 12:00:00,2013,3,4,NA,-6.66103307869869,7.52487047961512
2013-03-05 12:00:00,2013,3,5,NA,-3.34907868201393,8.03473739964164
2013-03-06 12:00:00,2013,3,6,NA,-3.35357542519523,5.22559720730104
2013-03-07 12:00:00,2013,3,7,NA,-3.44409607871743,5.096562197918
2013-03-08 12:00:00,2013,3,8,NA,-2.87956916103821,8.09326024100141
2013-03-09 12:00:00,2013,3,9,NA,-0.682908661113694,5.91859160637075
2013-03-10 12:00:00,2013,3,10,NA,0.0196564518648294,12.3723675735082
2013-03-11 12:00:00,2013,3,11,NA,1.35986066411586,10.0895730928917
2013-03-12 12:00:00,2013,3,12,NA,-1.94644066579753,9.89550682706097
2013-03-13 12:00:00,2013,3,13,NA,-2.96482465587519,11.1989469637057
2013-03-14 12:00:00,2013,3,14,NA,-2.24588783332016,14.5838121921368
2013-03-15 12:00:00,2013,3,15,NA,0.0350245838914294,15.9523403931693
2013-03-16 12:00:00,2013,3,16,NA,2.15498227533712,12.5631498069659
2013-03-17 12:00:00,2013,3,17,NA,-1.07767459659668,5.30087090487369
2013-03-18 12:00:00,2013,3,18,NA,-5.94970790200831,8.24664202350233
2013-03-19 12:00:00,2013,3,19,NA,-4.61846532291291,10.6747093182842
2013-03-20 12:00:00,2013,3,20,NA,-3.18352025508444,10.8707816731336
2013-03-21 12:00:00,2013,3,21,NA,-1.26662960209736,15.3994093912167
2013-03-22 12:00:00,2013,3,22,NA,2.2345738893971,13.3616936634933
2013-03-23 12:00:00,2013,3,23,NA,2.80551357827211,20.4327944363076
2013-03-24 12:00:00,2013,3,24,NA,6.94760708634597,22.7340875026361
2013-03-25 12:00:00,2013,3,25,NA,7.49692647913116,20.2048423770864
2013-03-26 12:00:00,2013,3,26,NA,7.10510192844614,23.1118408932456
2013-03-27 12:00:00,2013,3,27,NA,9.31338732035478,23.6208813198982
2013-03-28 12:00:00,2013,3,28,NA,10.3284289812686,21.4919337922026
2013-03-29 12:00:00,2013,3,29,NA,9.12174157830805,24.0909151756263
2013-03-30 12:00:00,2013,3,30,NA,10.6447253287305,24.5658013283562
2013-03-31 12:00:00,2013,3,31,NA,14.9181103179748,26.1195619992666
2013-04-01 12:00:00,2013,4,1,NA,14.8319017423391,22.1070252908679
2013-04-02 12:00:00,2013,4,2,NA,10.1669845496356,22.7062068627161
2013-04-03 12:00:00,2013,4,3,NA,14.9050670673352,21.7270944016773
2013-04-04 12:00:00,2013,4,4,NA,10.5430970183523,21.7202579797638
2013-04-05 12:00:00,2013,4,5,NA,6.3566261961745,21.118925464471
2013-04-06 12:00:00,2013,4,6,NA,4.93568282915015,20.3692898176657
2013-04-07 12:00:00,2013,4,7,NA,4.5728961259803,16.4258142964686
2013-04-08 12:00:00,2013,4,8,NA,4.77316944723917,18.5370901732874
2013-04-09 12:00:00,2013,4,9,NA,7.26749704374343,22.045919906424
2013-04-10 12:00:00,2013,4,10,NA,9.21546688784614,24.4435194028056
2013-04-11 12:00:00,2013,4,11,NA,15.606275055651,24.3441940577588
2013-04-12 12:00:00,2013,4,12,NA,9.97156783507339,21.7832082188045
2013-04-13 12:00:00,2013,4,13,NA,7.41254840852196,19.492501770632
2013-04-14 12:00:00,2013,4,14,NA,6.15361444202719,22.5439713422201
2013-04-15 12:00:00,2013,4,15,NA,8.48542920708852,19.42328882195
2013-04-16 12:00:00,2013,4,16,NA,4.18642429452213,19.6778977360666
2013-04-17 12:00:00,2013,4,17,NA,1.90436548253418,15.6909740833169
2013-04-18 12:00:00,2013,4,18,NA,3.96333337344724,16.7488217098256
2013-04-19 12:00:00,2013,4,19,NA,7.45780592480296,21.8488562086125
2013-04-20 12:00:00,2013,4,20,NA,9.61767484188983,22.6214540304008
2013-04-21 12:00:00,2013,4,21,NA,7.52563392040494,25.281142765786
2013-04-22 12:00:00,2013,4,22,NA,7.15788077448582,19.6824444034314
2013-04-23 12:00:00,2013,4,23,NA,9.28222353330369,22.0677118696821
2013-04-24 12:00:00,2013,4,24,NA,15.4962370693714,24.9254239742124
2013-04-25 12:00:00,2013,4,25,NA,12.667228258954,25.8933555504125
2013-04-26 12:00:00,2013,4,26,NA,15.3928938597317,25.2667895486986
2013-04-27 12:00:00,2013,4,27,NA,11.0729101595445,26.7455508192642
2013-04-28 12:00:00,2013,4,28,NA,11.2489715007113,28.0994186331732
2013-04-29 12:00:00,2013,4,29,NA,11.4364532785378,26.6135236044806
2013-04-30 12:00:00,2013,4,30,NA,7.41245075375028,19.1876969864071
2013-05-01 12:00:00,2013,5,1,NA,8.49794343331864,21.7620684788792
2013-05-02 12:00:00,2013,5,2,NA,11.1839989489078,15.3861289849746
2013-05-03 12:00:00,2013,5,3,NA,9.36307817358672,17.5983052644859
2013-05-04 12:00:00,2013,5,4,NA,14.5025343849541,19.8788212062942
2013-05-05 12:00:00,2013,5,5,NA,14.227996599535,20.4338804123249
2013-05-06 12:00:00,2013,5,6,NA,11.9725436987336,24.379186373033
2013-05-07 12:00:00,2013,5,7,NA,11.3207784908794,23.7551004768747
2013-05-08 12:00:00,2013,5,8,NA,12.5139735356009,27.0792995357749
2013-05-09 12:00:00,2013,5,9,NA,13.0147573770747,20.6740827270607
2013-05-10 12:00:00,2013,5,10,NA,12.1680801207553,24.0196913827372
2013-05-11 12:00:00,2013,5,11,NA,12.6141489337439,22.4130164594767
2013-05-12 12:00:00,2013,5,12,NA,17.1422406772897,21.0576930716497
2013-05-13 12:00:00,2013,5,13,NA,10.1948577842328,22.453373419859
2013-05-14 12:00:00,2013,5,14,NA,12.6684917689924,20.7634508069298
2013-05-15 12:00:00,2013,5,15,NA,11.3220425095378,20.1938776611254
2013-05-16 12:00:00,2013,5,16,NA,11.374517503032,25.0734461629249
2013-05-17 12:00:00,2013,5,17,NA,13.1752131385818,27.4737075995911
2013-05-18 12:00:00,2013,5,18,NA,13.9148064734544,27.5135302149275
2013-05-19 12:00:00,2013,5,19,NA,14.0102483566537,28.7760397560173
2013-05-20 12:00:00,2013,5,20,NA,13.2030619364035,28.2155651103794
2013-05-21 12:00:00,2013,5,21,NA,15.178365361309,26.9230893631817
2013-05-22 12:00:00,2013,5,22,NA,17.3229735526718,27.6046318110579
2013-05-23 12:00:00,2013,5,23,NA,16.1750107742075,27.8606263075874
2013-05-24 12:00:00,2013,5,24,NA,17.4392500618917,31.1430494878324
2013-05-25 12:00:00,2013,5,25,NA,17.8862748780648,29.6354754821453
2013-05-26 12:00:00,2013,5,26,NA,20.688288340084,24.7092440539423
2013-05-27 12:00:00,2013,5,27,NA,17.7685934636679,30.0873857733217
2013-05-28 12:00:00,2013,5,28,NA,13.9171527715597,24.4240408769174
2013-05-29 12:00:00,2013,5,29,NA,13.309257384902,27.9773028159925
2013-05-30 12:00:00,2013,5,30,NA,15.0884524558189,24.9758267058862
2013-05-31 12:00:00,2013,5,31,NA,14.8166843945351,30.876900155532
2013-06-01 12:00:00,2013,6,1,NA,18.299814340925,28.7192038516989
2013-06-02 12:00:00,2013,6,2,NA,10.7903234781704,28.3079092925264
2013-06-03 12:00:00,2013,6,3,NA,14.2747429184361,30.3083104654745
2013-06-04 12:00:00,2013,6,4,NA,15.7215936427013,27.5215033776061
2013-06-05 12:00:00,2013,6,5,NA,16.8571970228661,28.5500011260924
2013-06-06 12:00:00,2013,6,6,NA,16.7366459423719,31.2958931573863
2013-06-07 12:00:00,2013,6,7,NA,17.244742584658,27.9910142946573
2013-06-08 12:00:00,2013,6,8,NA,18.2076167787173,27.4563030876894
2013-06-09 12:00:00,2013,6,9,NA,17.9288403624212,31.0328077776809
2013-06-10 12:00:00,2013,6,10,NA,19.0401691463982,31.3343779236697
2013-06-11 12:00:00,2013,6,11,NA,20.6129892897604,31.5857784893513
2013-06-12 12:00:00,2013,6,12,NA,20.4939256160598,31.0316560709571
2013-06-13 12:00:00,2013,6,13,NA,21.290302565064,33.003493638367
2013-06-14 12:00:00,2013,6,14,NA,23.1478854427397,27.8986538302879
2013-06-15 12:00:00,2013,6,15,NA,19.5881763484195,29.8677461108711
2013-06-16 12:00:00,2013,6,16,NA,18.9844918653876,25.4956979618075
2013-06-17 12:00:00,2013,6,17,NA,19.3190534877772,27.5400449764088
2013-06-18 12:00:00,2013,6,18,NA,18.7407475473504,32.2161663933408
2013-06-19 12:00:00,2013,6,19,NA,20.9722188994346,32.1794850718433
2013-06-20 12:00:00,2013,6,20,NA,18.9516811069823,30.7515908418871
2013-06-21 12:00:00,2013,6,21,NA,19.2649210946918,28.7238433863094
2013-06-22 12:00:00,2013,6,22,NA,18.0370800944903,31.1275039630952
2013-06-23 12:00:00,2013,6,23,NA,19.3705220219717,30.3770825764161
2013-06-24 12:00:00,2013,6,24,NA,18.0661349806207,34.1902619011332
2013-06-25 12:00:00,2013,6,25,NA,17.6122485756139,30.7516191614192
2013-06-26 12:00:00,2013,6,26,NA,17.9991423745433,31.8627280272766
2013-06-27 12:00:00,2013,6,27,NA,20.2411690598173,30.6260978027228
2013-06-28 12:00:00,2013,6,28,NA,19.1239294408432,33.2481080212257
2013-06-29 12:00:00,2013,6,29,NA,20.1274608302898,31.1931229303539
2013-06-30 12:00:00,2013,6,30,NA,20.7801493745427,30.5248270526535
2013-07-01 12:00:00,2013,7,1,NA,18.6140824209333,30.8666336043505
2013-07-02 12:00:00,2013,7,2,NA,19.7982462037627,34.7098792331496
2013-07-03 12:00:00,2013,7,3,NA,23.1512025279266,30.934672439177
2013-07-04 12:00:00,2013,7,4,NA,20.7140182874678,22.9290002162982
2013-07-05 12:00:00,2013,7,5,NA,21.4297639276916,26.7332423892265
2013-07-06 12:00:00,2013,7,6,NA,20.5149637628894,30.4862887631841
2013-07-07 12:00:00,2013,7,7,NA,21.6306972695258,32.1183209743031
2013-07-08 12:00:00,2013,7,8,NA,23.0745560498109,33.2457340222262
2013-07-09 12:00:00,2013,7,9,NA,22.9198769822278,31.7696929208284
2013-07-10 12:00:00,2013,7,10,NA,23.8409871988089,27.7722398513216
2013-07-11 12:00:00,2013,7,11,NA,23.1539472088596,31.0869117432264
2013-07-12 12:00:00,2013,7,12,NA,23.4561768394446,33.3743402055721
2013-07-13 12:00:00,2013,7,13,NA,24.0378451531399,33.6255226136722
2013-07-14 12:00:00,2013,7,14,NA,25.373235606786,34.5696285585643
2013-07-15 12:00:00,2013,7,15,NA,26.4523213716748,33.233338948854
2013-07-16 12:00:00,2013,7,16,NA,26.0736870514335,32.6309093650304
2013-07-17 12:00:00,2013,7,17,NA,24.9978913518578,34.6778959735724
2013-07-18 12:00:00,2013,7,18,NA,24.8078812425615,32.6713505842325
2013-07-19 12:00:00,2013,7,19,NA,28.6799908057678,32.1638513007306
2013-07-20 12:00:00,2013,7,20,NA,26.2377878636475,34.7619425631052
2013-07-21 12:00:00,2013,7,21,NA,25.5248206400472,31.7440464313874
2013-07-22 12:00:00,2013,7,22,NA,29.2182237815359,32.6723763068865
2013-07-23 12:00:00,2013,7,23,NA,27.8730230005787,33.9403170303653
2013-07-24 12:00:00,2013,7,24,NA,29.8314312881614,31.8230915194251
2013-07-25 12:00:00,2013,7,25,NA,27.1095442581933,34.2116356807573
2013-07-26 12:00:00,2013,7,26,NA,27.2094775999695,32.8226239747115
2013-07-27 12:00:00,2013,7,27,NA,25.8875932813101,34.6494133898537
2013-07-28 12:00:00,2013,7,28,NA,26.3585187233118,33.2685333543001
2013-07-29 12:00:00,2013,7,29,NA,25.7998953978617,30.6341593388917
2013-07-30 12:00:00,2013,7,30,NA,24.6785978799165,32.0383231055073
2013-07-31 12:00:00,2013,7,31,NA,25.774038959605,33.428271862872
2013-08-01 12:00:00,2013,8,1,NA,27.2357643582798,31.1719327160264
2013-08-02 12:00:00,2013,8,2,NA,25.4660722825543,34.5719880876236
2013-08-03 12:00:00,2013,8,3,NA,24.8315742593483,35.3864894193635
2013-08-04 12:00:00,2013,8,4,NA,25.6859794706644,34.8929047835334
2013-08-05 12:00:00,2013,8,5,NA,25.8985427071558,35.0615548065786
2013-08-06 12:00:00,2013,8,6,NA,26.1345132064228,34.6770887754621
2013-08-07 12:00:00,2013,8,7,NA,25.8168882739705,32.7694521891252
2013-08-08 12:00:00,2013,8,8,NA,22.4993535321251,32.0962399429582
2013-08-09 12:00:00,2013,8,9,NA,24.55125714616,35.1163645417404
2013-08-10 12:00:00,2013,8,10,NA,25.8424387360079,33.1696929928247
2013-08-11 12:00:00,2013,8,11,NA,27.0236210931991,34.7236599437537
2013-08-12 12:00:00,2013,8,12,NA,28.862456551855,32.1239337457759
2013-08-13 12:00:00,2013,8,13,NA,26.6191319963467,36.214556482284
2013-08-14 12:00:00,2013,8,14,NA,25.4324379506279,35.4381126627353
2013-08-15 12:00:00,2013,8,15,NA,22.4159231887312,26.6304268861456
2013-08-16 12:00:00,2013,8,16,NA,22.3146595018263,27.115243143358
2013-08-17 12:00:00,2013,8,17,NA,23.2006009090295,31.0006916326963
2013-08-18 12:00:00,2013,8,18,NA,22.0303852739535,29.7092427524936
2013-08-19 12:00:00,2013,8,19,NA,22.579338333651,31.4496869688042
2013-08-20 12:00:00,2013,8,20,NA,21.6020021564493,33.1301778856968
2013-08-21 12:00:00,2013,8,21,NA,22.1402517923401,33.5074409448478
2013-08-22 12:00:00,2013,8,22,NA,21.5484519459239,32.6304193223839
2013-08-23 12:00:00,2013,8,23,NA,23.3547812454004,30.77837942438
2013-08-24 12:00:00,2013,8,24,NA,22.326725000256,32.114049053129
2013-08-25 12:00:00,2013,8,25,NA,23.0174490437855,33.0278847430913
2013-08-26 12:00:00,2013,8,26,NA,21.7940394896473,31.3244121734895
2013-08-27 12:00:00,2013,8,27,NA,21.7223197006609,29.9061431796037
2013-08-28 12:00:00,2013,8,28,NA,22.6492622365634,27.2583256611355
2013-08-29 12:00:00,2013,8,29,NA,21.5444145223982,32.278267707175
2013-08-30 12:00:00,2013,8,30,NA,22.1567216021559,33.6741168865251
2013-08-31 12:00:00,2013,8,31,NA,19.2493862501331,26.9287539872591
2013-09-01 12:00:00,2013,9,1,NA,16.1410019587351,19.3995717655266
2013-09-02 12:00:00,2013,9,2,NA,18.6790832568324,27.1252382079783
2013-09-03 12:00:00,2013,9,3,NA,17.0875848665578,30.5548236811918
2013-09-04 12:00:00,2013,9,4,NA,19.2973756868908,30.2364094911249
2013-09-05 12:00:00,2013,9,5,NA,20.2337977010888,32.0129972192586
2013-09-06 12:00:00,2013,9,6,NA,20.2779355601605,32.3833425712164
2013-09-07 12:00:00,2013,9,7,NA,20.520221720607,32.1666227587846
2013-09-08 12:00:00,2013,9,8,NA,20.423492710377,32.3922003459094
2013-09-09 12:00:00,2013,9,9,NA,20.5765975254874,29.1609752645296
2013-09-10 12:00:00,2013,9,10,NA,20.4387781189767,28.6002683293073
2013-09-11 12:00:00,2013,9,11,NA,18.8535067537581,29.5898707960582
2013-09-12 12:00:00,2013,9,12,NA,18.4783074150369,26.1483505144664
2013-09-13 12:00:00,2013,9,13,NA,16.5657480288728,27.4127836972705
2013-09-14 12:00:00,2013,9,14,NA,17.8690581609522,27.0056789287719
2013-09-15 12:00:00,2013,9,15,NA,16.1441419891642,19.7705019964063
2013-09-16 12:00:00,2013,9,16,NA,15.4570955482602,20.9480133850091
2013-09-17 12:00:00,2013,9,17,NA,12.3760536249375,22.5813725732329
2013-09-18 12:00:00,2013,9,18,NA,13.8790817643753,24.9224323509816
2013-09-19 12:00:00,2013,9,19,NA,14.8292183515072,26.5284888903433
2013-09-20 12:00:00,2013,9,20,NA,12.0490549242989,23.0035800292635
2013-09-21 12:00:00,2013,9,21,NA,11.793334419484,24.260660369403
2013-09-22 12:00:00,2013,9,22,NA,13.0570992030872,28.3819839614112
2013-09-23 12:00:00,2013,9,23,NA,13.7424894201631,29.0018629867048
2013-09-24 12:00:00,2013,9,24,NA,16.4063246538042,30.1671032877987
2013-09-25 12:00:00,2013,9,25,NA,18.3336508787114,27.9302536954828
2013-09-26 12:00:00,2013,9,26,NA,16.6661111117482,28.8228859262935
2013-09-27 12:00:00,2013,9,27,NA,17.6975748678047,30.876904848402
2013-09-28 12:00:00,2013,9,28,NA,17.9578317694116,30.4153697163502
2013-09-29 12:00:00,2013,9,29,NA,19.5736035624828,30.9942594045556
2013-09-30 12:00:00,2013,9,30,NA,20.5046883741332,30.3356103839474
2013-10-01 12:00:00,2013,10,1,NA,22.315081010165,31.9351724372506
2013-10-02 12:00:00,2013,10,2,NA,24.8297063617379,29.0538024573879
2013-10-03 12:00:00,2013,10,3,NA,21.4045261497027,32.9676434859227
2013-10-04 12:00:00,2013,10,4,NA,18.9608244316092,32.485259941283
2013-10-05 12:00:00,2013,10,5,NA,18.2030203765793,24.2201174598727
2013-10-06 12:00:00,2013,10,6,NA,13.345342102158,24.8527104595328
2013-10-07 12:00:00,2013,10,7,NA,15.6432361510985,29.4700916305332
2013-10-08 12:00:00,2013,10,8,NA,13.1908556451192,23.7036223433675
2013-10-09 12:00:00,2013,10,9,NA,11.4886772591828,22.6094281016769
2013-10-10 12:00:00,2013,10,10,NA,8.50240903363755,18.69457196508
2013-10-11 12:00:00,2013,10,11,NA,10.3874984443428,18.6897496104441
2013-10-12 12:00:00,2013,10,12,NA,8.08283830244092,22.7379579738592
2013-10-13 12:00:00,2013,10,13,NA,9.85614274960115,26.0787951923967
2013-10-14 12:00:00,2013,10,14,NA,10.2430619772529,23.0635536554295
2013-10-15 12:00:00,2013,10,15,NA,8.95349550676893,22.9807061074555
2013-10-16 12:00:00,2013,10,16,NA,10.7569217563007,25.8045169655587
2013-10-17 12:00:00,2013,10,17,NA,9.4134197605538,23.499810853902
2013-10-18 12:00:00,2013,10,18,NA,14.8760052688287,25.4634422319915
2013-10-19 12:00:00,2013,10,19,NA,12.5311338395477,24.0613094449104
2013-10-20 12:00:00,2013,10,20,NA,11.8450211573248,23.141780417438
2013-10-21 12:00:00,2013,10,21,NA,12.7257062815585,21.1114325969537
2013-10-22 12:00:00,2013,10,22,NA,10.0172809297211,20.8419262096032
2013-10-23 12:00:00,2013,10,23,NA,10.3941303830092,23.003107308641
2013-10-24 12:00:00,2013,10,24,NA,11.752045421182,22.0126315168515
2013-10-25 12:00:00,2013,10,25,NA,11.0168957270944,16.946147535109
2013-10-26 12:00:00,2013,10,26,NA,9.92136270517732,17.5857582303384
2013-10-27 12:00:00,2013,10,27,NA,14.7501856476,24.1119871317762
2013-10-28 12:00:00,2013,10,28,NA,13.7427874525544,22.588633490444
2013-10-29 12:00:00,2013,10,29,NA,12.681293848402,16.6866620749478
2013-10-30 12:00:00,2013,10,30,NA,8.1437243090728,17.3366000681662
2013-10-31 12:00:00,2013,10,31,NA,5.52398814849535,16.052302606662
2013-11-01 12:00:00,2013,11,1,NA,10.3083854680622,22.8240274381882
2013-11-02 12:00:00,2013,11,2,NA,9.31145197514827,21.2758978460825
2013-11-03 12:00:00,2013,11,3,NA,13.7123485615706,23.9556827890553
2013-11-04 12:00:00,2013,11,4,NA,11.3576758933689,23.8347952171557
2013-11-05 12:00:00,2013,11,5,NA,10.0206857265788,19.9611339460888
2013-11-06 12:00:00,2013,11,6,NA,7.58711106467638,15.8749866394911
2013-11-07 12:00:00,2013,11,7,NA,4.85878909579216,17.8984682554894
2013-11-08 12:00:00,2013,11,8,NA,6.90654623557322,21.0823414850435
2013-11-09 12:00:00,2013,11,9,NA,11.1273007451216,17.4999461529553
2013-11-10 12:00:00,2013,11,10,NA,7.93932397311761,20.463804598206
2013-11-11 12:00:00,2013,11,11,NA,14.3446865159422,20.2384697312296
2013-11-12 12:00:00,2013,11,12,NA,6.7781977753363,13.5007858970821
2013-11-13 12:00:00,2013,11,13,NA,8.89189547931491,18.5557939747028
2013-11-14 12:00:00,2013,11,14,NA,7.12961978985694,19.655934761986
2013-11-15 12:00:00,2013,11,15,NA,6.54828167479417,17.2712222149588
2013-11-16 12:00:00,2013,11,16,NA,6.39069504290008,15.76922051467
2013-11-17 12:00:00,2013,11,17,NA,7.04617331090466,17.2320587521544
2013-11-18 12:00:00,2013,11,18,NA,5.34102159739775,19.0790591477142
2013-11-19 12:00:00,2013,11,19,NA,7.46954543672766,13.6728534764435
2013-11-20 12:00:00,2013,11,20,NA,5.81191706071117,16.1673619148918
2013-11-21 12:00:00,2013,11,21,NA,3.03161185029216,18.2172749838905
2013-11-22 12:00:00,2013,11,22,NA,1.77451473746455,16.1026873693016
2013-11-23 12:00:00,2013,11,23,NA,0.435916403115254,11.8236363744543
2013-11-24 12:00:00,2013,11,24,NA,1.95837241046684,16.7122944715893
2013-11-25 12:00:00,2013,11,25,NA,5.57745226840605,18.5911673528658
2013-11-26 12:00:00,2013,11,26,NA,3.66194412511915,14.7561141877788
2013-11-27 12:00:00,2013,11,27,NA,3.04075261056381,15.4847896371856
2013-11-28 12:00:00,2013,11,28,NA,3.62940887340449,14.5926246535663
2013-11-29 12:00:00,2013,11,29,NA,4.47529096558618,11.190894665452
2013-11-30 12:00:00,2013,11,30,NA,8.16488903133366,11.2265196382557
2013-12-01 12:00:00,2013,12,1,NA,4.63572457303012,13.4247400311372
2013-12-02 12:00:00,2013,12,2,NA,0.894386422681749,12.5998319075663
2013-12-03 12:00:00,2013,12,3,NA,-1.28224542369428,6.91444070645739
2013-12-04 12:00:00,2013,12,4,NA,0.227162604928006,10.8374327199358
2013-12-05 12:00:00,2013,12,5,NA,-0.0976305959656987,10.2957413985083
2013-12-06 12:00:00,2013,12,6,NA,4.08744688411215,16.3619116227193
2013-12-07 12:00:00,2013,12,7,NA,2.26389265216619,13.7170661075057
2013-12-08 12:00:00,2013,12,8,NA,2.2292800589126,12.3733396095721
2013-12-09 12:00:00,2013,12,9,NA,3.78580556348361,13.8890623248431
2013-12-10 12:00:00,2013,12,10,NA,2.09467304570684,6.43222012841402
2013-12-11 12:00:00,2013,12,11,NA,0.602610678338694,6.66761234843611
2013-12-12 12:00:00,2013,12,12,NA,-1.86230208899482,8.24714403466177
2013-12-13 12:00:00,2013,12,13,NA,-1.3699034952466,12.9429399183281
2013-12-14 12:00:00,2013,12,14,NA,1.55201645922191,13.3927458884926
2013-12-15 12:00:00,2013,12,15,NA,-4.12162255135736,0.725780516001321
2013-12-16 12:00:00,2013,12,16,NA,-4.24695998183847,0.913067084310733
2013-12-17 12:00:00,2013,12,17,NA,-2.36618352296619,7.08031365214196
2013-12-18 12:00:00,2013,12,18,NA,-2.89754652943569,11.5858236128063
2013-12-19 12:00:00,2013,12,19,NA,0.558755650957618,14.9622920730974
2013-12-20 12:00:00,2013,12,20,NA,3.24903955132897,13.6334740795758
2013-12-21 12:00:00,2013,12,21,NA,5.6579061295866,12.3100614316227
2013-12-22 12:00:00,2013,12,22,NA,7.70978161078997,14.1934986923566
2013-12-23 12:00:00,2013,12,23,NA,4.01958406614536,11.6149529928978
2013-12-24 12:00:00,2013,12,24,NA,0.942279171232592,11.6562680074989
2013-12-25 12:00:00,2013,12,25,NA,-0.100750039820773,5.64619614879623
2013-12-26 12:00:00,2013,12,26,NA,-0.818578107709923,6.26524863988548
2013-12-27 12:00:00,2013,12,27,NA,-3.3844081516982,0.822529253901067
2013-12-28 12:00:00,2013,12,28,NA,-6.52060882724183,-0.678838786641256
2013-12-29 12:00:00,2013,12,29,NA,-6.7333996084924,4.62723334912424
2013-12-30 12:00:00,2013,12,30,NA,-6.20311593637658,7.49368494814923
2013-12-31 12:00:00,2013,12,31,NA,-2.77092689885194,5.8174009915827
2014-01-01 12:00:00,2014,1,1,NA,-0.0650757508358684,9.38142142427229
2014-01-02 12:00:00,2014,1,2,NA,-2.98905256318479,8.72966514008532
2014-01-03 12:00:00,2014,1,3,NA,-1.96677175510403,5.7566949139533
2014-01-04 12:00:00,2014,1,4,NA,-5.29256182821038,4.96267458637957
2014-01-05 12:00:00,2014,1,5,NA,-4.19295905464367,4.09593792174864
2014-01-06 12:00:00,2014,1,6,NA,-5.84769720197448,5.21981917857258
2014-01-07 12:00:00,2014,1,7,NA,-5.01356077095868,8.11186904358242
2014-01-08 12:00:00,2014,1,8,NA,-10.0160382843128,-0.335810968404584
2014-01-09 12:00:00,2014,1,9,NA,-11.8187760078097,-2.58980722729099
2014-01-10 12:00:00,2014,1,10,NA,-11.0521041103579,-1.22198955879956
2014-01-11 12:00:00,2014,1,11,NA,-15.6712719103807,2.90847882833578
2014-01-12 12:00:00,2014,1,12,NA,-7.4973891919659,7.96856861877239
2014-01-13 12:00:00,2014,1,13,NA,-4.32242673375242,6.74576159732914
2014-01-14 12:00:00,2014,1,14,NA,-4.06692669505469,5.09004411421322
2014-01-15 12:00:00,2014,1,15,NA,-8.83774377073567,1.38441308374267
2014-01-16 12:00:00,2014,1,16,NA,-9.57740741224302,1.94605562983123
2014-01-17 12:00:00,2014,1,17,NA,-8.85049549362769,2.66992200161908
2014-01-18 12:00:00,2014,1,18,NA,-6.80553192665537,4.29839126424353
2014-01-19 12:00:00,2014,1,19,NA,-5.48057218419439,4.11331885782478
2014-01-20 12:00:00,2014,1,20,NA,-5.2908215842838,4.18935635270863
2014-01-21 12:00:00,2014,1,21,NA,-3.08369958929905,2.94190212521266
2014-01-22 12:00:00,2014,1,22,NA,1.32948479074226,7.16926735896993
2014-01-23 12:00:00,2014,1,23,NA,2.19342204389629,11.2790443182089
2014-01-24 12:00:00,2014,1,24,NA,1.62702339230462,11.0548471446776
2014-01-25 12:00:00,2014,1,25,NA,-0.19969161668711,11.1366243635008
2014-01-26 12:00:00,2014,1,26,NA,-1.4909835088466,9.81411388833652
2014-01-27 12:00:00,2014,1,27,NA,-1.32451839680045,10.0641039603199
2014-01-28 12:00:00,2014,1,28,NA,-1.69399507095535,8.82252924530648
2014-01-29 12:00:00,2014,1,29,NA,0.0897743449076751,7.24804574499578
2014-01-30 12:00:00,2014,1,30,NA,1.92676598497431,6.17414095018628
2014-01-31 12:00:00,2014,1,31,NA,2.802583110205,11.0255022644953
2014-02-01 12:00:00,2014,2,1,NA,0.250986800779901,8.79632037216916
2014-02-02 12:00:00,2014,2,2,NA,0.0472459831337817,10.3024823977237
2014-02-03 12:00:00,2014,2,3,NA,0.747447064505423,11.5831652563797
2014-02-04 12:00:00,2014,2,4,NA,0.767729109808645,11.2397261547861
2014-02-05 12:00:00,2014,2,5,NA,1.41522626299014,5.68282483031236
2014-02-06 12:00:00,2014,2,6,NA,-1.88242835879395,7.70043948814408
2014-02-07 12:00:00,2014,2,7,NA,-1.55880348859289,8.61037870407202
2014-02-08 12:00:00,2014,2,8,NA,-2.88021956311487,5.1453137308863
2014-02-09 12:00:00,2014,2,9,NA,-1.90052052742558,8.04079023677488
2014-02-10 12:00:00,2014,2,10,NA,-2.37245364801786,5.96649095519851
2014-02-11 12:00:00,2014,2,11,NA,-2.60481009021027,9.19754416919465
2014-02-12 12:00:00,2014,2,12,NA,3.49876561361932,12.9020459741586
2014-02-13 12:00:00,2014,2,13,NA,2.15217354089647,8.08341833646372
2014-02-14 12:00:00,2014,2,14,NA,2.93136985207147,7.36647979492676
2014-02-15 12:00:00,2014,2,15,NA,-6.04914745980514,-3.43366886458641
2014-02-16 12:00:00,2014,2,16,NA,-0.770465014317067,5.04527247471402
2014-02-17 12:00:00,2014,2,17,NA,-2.51325706002056,3.75912915839438
2014-02-18 12:00:00,2014,2,18,NA,-1.42219022062796,5.91218897887939
2014-02-19 12:00:00,2014,2,19,NA,3.13091796136782,15.6554091096205
2014-02-20 12:00:00,2014,2,20,NA,3.37659996854868,17.3749153716885
2014-02-21 12:00:00,2014,2,21,NA,3.48743782883968,11.231969167874
2014-02-22 12:00:00,2014,2,22,NA,-6.79744681411229,7.73724933476572
2014-02-23 12:00:00,2014,2,23,NA,-6.56587296907808,2.69632544941304
2014-02-24 12:00:00,2014,2,24,NA,-5.46601089035476,5.94158973376685
2014-02-25 12:00:00,2014,2,25,NA,-5.15049475980551,8.34031844352976
2014-02-26 12:00:00,2014,2,26,NA,-1.7044611021047,10.0964828505131
2014-02-27 12:00:00,2014,2,27,NA,-5.74080486954159,13.6110689113419
2014-02-28 12:00:00,2014,2,28,NA,-0.552789872620933,16.8534942918999
2014-03-01 12:00:00,2014,3,1,NA,0.873297715749269,16.9333896324556
2014-03-02 12:00:00,2014,3,2,NA,0.313360951394406,12.4259524452304
2014-03-03 12:00:00,2014,3,3,NA,1.03468768878278,8.30434847476007
2014-03-04 12:00:00,2014,3,4,NA,-0.42992111187209,10.4458847614409
2014-03-05 12:00:00,2014,3,5,NA,-4.97277110593531,8.49524064159251
2014-03-06 12:00:00,2014,3,6,NA,-3.19249491233257,9.30073237182765
2014-03-07 12:00:00,2014,3,7,NA,-9.09701510938931,7.35179971497492
2014-03-08 12:00:00,2014,3,8,NA,-4.39420723912593,12.0932238404736
2014-03-09 12:00:00,2014,3,9,NA,-2.29688686312872,9.85947714209335
2014-03-10 12:00:00,2014,3,10,NA,-1.60739372555242,10.7477437818693
2014-03-11 12:00:00,2014,3,11,NA,-2.78513808193187,12.3063658606532
2014-03-12 12:00:00,2014,3,12,NA,-0.6137955427193,8.95423616768584
2014-03-13 12:00:00,2014,3,13,NA,0.106452489537819,12.014529921206
2014-03-14 12:00:00,2014,3,14,NA,0.606987244824689,17.5060846168752
2014-03-15 12:00:00,2014,3,15,NA,4.31465429719707,17.3188656895854
2014-03-16 12:00:00,2014,3,16,NA,11.2827321746899,18.5523929606672
2014-03-17 12:00:00,2014,3,17,NA,8.85587126983589,18.2084083857421
2014-03-18 12:00:00,2014,3,18,NA,9.90205462851181,18.3885258679067
2014-03-19 12:00:00,2014,3,19,NA,7.55258250675592,13.4696949921791
2014-03-20 12:00:00,2014,3,20,NA,2.5431760552399,12.0175194671021
2014-03-21 12:00:00,2014,3,21,NA,3.16847970484881,11.7091379814842
2014-03-22 12:00:00,2014,3,22,NA,3.55639488440444,13.2691290524944
2014-03-23 12:00:00,2014,3,23,NA,0.76642741279522,10.7155204275929
2014-03-24 12:00:00,2014,3,24,NA,-2.44119073831662,12.0034863273471
2014-03-25 12:00:00,2014,3,25,NA,-0.238468421133572,12.3023797473582
2014-03-26 12:00:00,2014,3,26,NA,2.5645013119912,14.5675268246692
2014-03-27 12:00:00,2014,3,27,NA,3.937256524912,12.5035848578313
2014-03-28 12:00:00,2014,3,28,NA,3.90662941502706,15.0366904902813
2014-03-29 12:00:00,2014,3,29,NA,4.6445328614052,11.4440992468195
2014-03-30 12:00:00,2014,3,30,NA,4.22517238785151,11.5014175744363
2014-03-31 12:00:00,2014,3,31,NA,-0.177049018071711,15.1161256231254
2014-04-01 12:00:00,2014,4,1,NA,4.62736379233577,11.5855235999916
2014-04-02 12:00:00,2014,4,2,NA,5.3895445773916,16.0227649957787
2014-04-03 12:00:00,2014,4,3,NA,5.33742001265505,20.592758739718
2014-04-04 12:00:00,2014,4,4,NA,4.58282110084341,20.0742945423879
2014-04-05 12:00:00,2014,4,5,NA,8.89031092355857,22.1544359691191
2014-04-06 12:00:00,2014,4,6,NA,9.46517359600992,15.244024970588
2014-04-07 12:00:00,2014,4,7,NA,8.91368533490523,19.8362265176398
2014-04-08 12:00:00,2014,4,8,NA,9.17587335313395,21.3075854942362
2014-04-09 12:00:00,2014,4,9,NA,6.16546533225167,20.0640324159314
2014-04-10 12:00:00,2014,4,10,NA,8.15171386577249,23.1620110473054
2014-04-11 12:00:00,2014,4,11,NA,7.18821490276043,18.5700972652185
2014-04-12 12:00:00,2014,4,12,NA,6.71386301657613,16.6535184807559
2014-04-13 12:00:00,2014,4,13,NA,4.07522382173846,16.5031492300946
2014-04-14 12:00:00,2014,4,14,NA,5.04296527052901,21.7096306813838
2014-04-15 12:00:00,2014,4,15,NA,4.5156194678206,19.8094427295094
2014-04-16 12:00:00,2014,4,16,NA,3.80328953683076,19.5797920212391
2014-04-17 12:00:00,2014,4,17,NA,7.30836378593442,15.2095217934474
2014-04-18 12:00:00,2014,4,18,NA,10.172694261529,12.2530675849497
2014-04-19 12:00:00,2014,4,19,NA,7.7318555580066,10.6981232762377
2014-04-20 12:00:00,2014,4,20,NA,4.40393198915668,13.6528531503021
2014-04-21 12:00:00,2014,4,21,NA,5.24905363525316,21.444899260272
2014-04-22 12:00:00,2014,4,22,NA,8.7634476308734,23.4895024411236
2014-04-23 12:00:00,2014,4,23,NA,8.24203270628291,21.4891321782843
2014-04-24 12:00:00,2014,4,24,NA,12.0776023752735,22.9875149642682
2014-04-25 12:00:00,2014,4,25,NA,8.97548934292441,26.4801630998406
2014-04-26 12:00:00,2014,4,26,NA,11.1111295066661,26.5603542180545
2014-04-27 12:00:00,2014,4,27,NA,10.1400087893687,20.5458087827724
2014-04-28 12:00:00,2014,4,28,NA,9.93445182572928,15.3119775658297
2014-04-29 12:00:00,2014,4,29,NA,6.02141149190322,19.7431148151261
2014-04-30 12:00:00,2014,4,30,NA,7.4753988930622,19.3358178359885
2014-05-01 12:00:00,2014,5,1,NA,6.18271903343776,23.5484572037162
2014-05-02 12:00:00,2014,5,2,NA,8.73980805356268,23.9100905655749
2014-05-03 12:00:00,2014,5,3,NA,11.4502218069419,24.5521065008259
2014-05-04 12:00:00,2014,5,4,NA,11.3812424119795,21.1783848887459
2014-05-05 12:00:00,2014,5,5,NA,11.8488510267329,23.5935699009313
2014-05-06 12:00:00,2014,5,6,NA,15.4203503222887,23.9254317780064
2014-05-07 12:00:00,2014,5,7,NA,13.337031149932,25.4553164601078
2014-05-08 12:00:00,2014,5,8,NA,11.757965838016,25.4913667234963
2014-05-09 12:00:00,2014,5,9,NA,12.5925932508531,22.2910279231492
2014-05-10 12:00:00,2014,5,10,NA,9.89702799825999,23.6775856759236
2014-05-11 12:00:00,2014,5,11,NA,10.6138433655081,24.9108377939513
2014-05-12 12:00:00,2014,5,12,NA,10.1617146200581,26.1266321834863
2014-05-13 12:00:00,2014,5,13,NA,9.14398035764316,20.1113583633834
2014-05-14 12:00:00,2014,5,14,NA,9.76005525509548,24.7937902374579
2014-05-15 12:00:00,2014,5,15,NA,8.20014802744904,23.212651201425
2014-05-16 12:00:00,2014,5,16,NA,9.09129519208629,24.9236099777961
2014-05-17 12:00:00,2014,5,17,NA,11.0072945425859,23.055580553039
2014-05-18 12:00:00,2014,5,18,NA,12.8781199333085,29.265316186658
2014-05-19 12:00:00,2014,5,19,NA,14.2053899976258,26.6344830993685
2014-05-20 12:00:00,2014,5,20,NA,14.7319330949518,28.2221404348666
2014-05-21 12:00:00,2014,5,21,NA,12.5742874527771,28.2697353682728
2014-05-22 12:00:00,2014,5,22,NA,15.8641215910174,31.5838704296767
2014-05-23 12:00:00,2014,5,23,NA,16.1347908432765,25.873996982149
2014-05-24 12:00:00,2014,5,24,NA,16.3379311217477,27.3509566403771
2014-05-25 12:00:00,2014,5,25,NA,19.2365215253878,27.0704847276972
2014-05-26 12:00:00,2014,5,26,NA,19.0668812380588,27.4965815813027
2014-05-27 12:00:00,2014,5,27,NA,16.1314116641708,21.6777797409972
2014-05-28 12:00:00,2014,5,28,NA,13.7252931276875,17.4193646112235
2014-05-29 12:00:00,2014,5,29,NA,11.4987247237903,24.6828975048857
2014-05-30 12:00:00,2014,5,30,NA,12.4131860496539,24.6858679557039
2014-05-31 12:00:00,2014,5,31,NA,13.5740084987421,30.2197931116628
2014-06-01 12:00:00,2014,6,1,NA,15.7901010627672,27.6903964793142
2014-06-02 12:00:00,2014,6,2,NA,16.572688670026,25.7591616451123
2014-06-03 12:00:00,2014,6,3,NA,20.5882022066427,24.6169136899605
2014-06-04 12:00:00,2014,6,4,NA,17.8118497400922,26.8767931231682
2014-06-05 12:00:00,2014,6,5,NA,20.9303976900415,24.8476158029523
2014-06-06 12:00:00,2014,6,6,NA,17.0484078968996,26.5761346462701
2014-06-07 12:00:00,2014,6,7,NA,17.6995945699958,29.7551294508262
2014-06-08 12:00:00,2014,6,8,NA,17.4911447256431,31.0103075372939
2014-06-09 12:00:00,2014,6,9,NA,21.2608259482241,27.324699885698
2014-06-10 12:00:00,2014,6,10,NA,19.804769778947,28.3652917788784
2014-06-11 12:00:00,2014,6,11,NA,22.0466755043647,30.1308331183613
2014-06-12 12:00:00,2014,6,12,NA,22.0012634656996,29.9543768156776
2014-06-13 12:00:00,2014,6,13,NA,19.853735293753,31.6536450286578
2014-06-14 12:00:00,2014,6,14,NA,19.0158700401093,32.1552406259146
2014-06-15 12:00:00,2014,6,15,NA,20.2381380404031,32.5691602855975
2014-06-16 12:00:00,2014,6,16,NA,21.5189361245401,32.7299784500683
2014-06-17 12:00:00,2014,6,17,NA,24.297273663468,32.6149864050246
2014-06-18 12:00:00,2014,6,18,NA,23.5009577842172,34.5001740595431
2014-06-19 12:00:00,2014,6,19,NA,23.5922644707963,34.6507687415806
2014-06-20 12:00:00,2014,6,20,NA,21.8977860398859,33.9859259510446
2014-06-21 12:00:00,2014,6,21,NA,22.9088668913715,33.6734813858529
2014-06-22 12:00:00,2014,6,22,NA,22.2121402251887,31.8570725592186
2014-06-23 12:00:00,2014,6,23,NA,25.5333821291038,31.5252122963434
2014-06-24 12:00:00,2014,6,24,NA,23.1772591863192,33.2172450510114
2014-06-25 12:00:00,2014,6,25,NA,22.599478725967,34.0631874032661
2014-06-26 12:00:00,2014,6,26,NA,21.6310769859424,34.0503135436794
2014-06-27 12:00:00,2014,6,27,NA,21.9003655524797,27.0250622730438
2014-06-28 12:00:00,2014,6,28,NA,20.1844932171482,29.1776196691185
2014-06-29 12:00:00,2014,6,29,NA,20.8976638978443,29.9597501725081
2014-06-30 12:00:00,2014,6,30,NA,21.8166136469187,32.562885356918
2014-07-01 12:00:00,2014,7,1,NA,21.5061241937626,34.6688600281409
2014-07-02 12:00:00,2014,7,2,NA,21.0806689988576,35.651518889417
2014-07-03 12:00:00,2014,7,3,NA,22.5871501779388,34.0893466449739
2014-07-04 12:00:00,2014,7,4,NA,23.3171324050821,32.7515797611398
2014-07-05 12:00:00,2014,7,5,NA,22.4827764714215,33.1793694505172
2014-07-06 12:00:00,2014,7,6,NA,21.8722475843607,32.318374014742
2014-07-07 12:00:00,2014,7,7,NA,23.1021336695958,29.0157007887425
2014-07-08 12:00:00,2014,7,8,NA,21.5764170695959,31.2945162758676
2014-07-09 12:00:00,2014,7,9,NA,22.1995791854964,30.7237338849541
2014-07-10 12:00:00,2014,7,10,NA,22.8904845808887,31.6074702258724
2014-07-11 12:00:00,2014,7,11,NA,23.0272275738395,33.1168915028057
2014-07-12 12:00:00,2014,7,12,NA,22.1724965121856,31.2660053174381
2014-07-13 12:00:00,2014,7,13,NA,20.8548770264697,30.0126218926569
2014-07-14 12:00:00,2014,7,14,NA,19.3167940461222,28.7609200651486
2014-07-15 12:00:00,2014,7,15,NA,18.9801222009595,28.8852077878708
2014-07-16 12:00:00,2014,7,16,NA,22.219959822344,32.7960421616703
2014-07-17 12:00:00,2014,7,17,NA,22.9461567531201,36.5849041370794
2014-07-18 12:00:00,2014,7,18,NA,26.1973196719759,35.8473408722012
2014-07-19 12:00:00,2014,7,19,NA,27.0579153097459,34.7253528474061
2014-07-20 12:00:00,2014,7,20,NA,28.5165360315819,32.6721257835036
2014-07-21 12:00:00,2014,7,21,NA,27.1805857441449,34.2685520840591
2014-07-22 12:00:00,2014,7,22,NA,24.0780437408211,30.1453377706077
2014-07-23 12:00:00,2014,7,23,NA,25.0937350150719,29.5521639074302
2014-07-24 12:00:00,2014,7,24,NA,25.2029221952639,28.1149913354528
2014-07-25 12:00:00,2014,7,25,NA,26.3123171238132,32.8884900566233
2014-07-26 12:00:00,2014,7,26,NA,24.2280524165311,32.9833738297298
2014-07-27 12:00:00,2014,7,27,NA,25.6632352820943,29.5994036398409
2014-07-28 12:00:00,2014,7,28,NA,26.7338412062211,31.6193172037302
2014-07-29 12:00:00,2014,7,29,NA,27.787389127219,31.710220696837
2014-07-30 12:00:00,2014,7,30,NA,25.7427470240522,29.5328175825233
2014-07-31 12:00:00,2014,7,31,NA,26.3796717818986,27.9003387399693
2014-08-01 12:00:00,2014,8,1,NA,27.4684013469606,31.4204972583868
2014-08-02 12:00:00,2014,8,2,NA,26.187079615595,34.2064915073331
2014-08-03 12:00:00,2014,8,3,NA,27.2632048146346,34.3807308894515
2014-08-04 12:00:00,2014,8,4,NA,26.1928317122669,35.8005985989141
2014-08-05 12:00:00,2014,8,5,NA,27.1419108873264,31.2037984784245
2014-08-06 12:00:00,2014,8,6,NA,25.8392167880806,32.2517053950005
2014-08-07 12:00:00,2014,8,7,NA,24.1145399608785,32.7731864756475
2014-08-08 12:00:00,2014,8,8,NA,25.8122395456823,28.4923538789117
2014-08-09 12:00:00,2014,8,9,NA,26.4719486154609,29.146508177311
2014-08-10 12:00:00,2014,8,10,NA,25.9341426395291,29.8393929076735
2014-08-11 12:00:00,2014,8,11,NA,25.1711760143983,34.3129314549312
2014-08-12 12:00:00,2014,8,12,NA,23.937121275898,28.0524882776655
2014-08-13 12:00:00,2014,8,13,NA,22.9709442309369,30.9782579276982
2014-08-14 12:00:00,2014,8,14,NA,24.2345610506993,33.8423279373465
2014-08-15 12:00:00,2014,8,15,NA,24.5538697680284,34.1503641043446
2014-08-16 12:00:00,2014,8,16,NA,22.2890592124505,27.9458895733066
2014-08-17 12:00:00,2014,8,17,NA,21.9871034794998,31.9975391788055
2014-08-18 12:00:00,2014,8,18,NA,22.0405086936948,29.1578148833704
2014-08-19 12:00:00,2014,8,19,NA,24.5968092149231,33.6512072950597
2014-08-20 12:00:00,2014,8,20,NA,25.0058246825393,34.3243494148076
2014-08-21 12:00:00,2014,8,21,NA,25.0147499424581,33.9030026085744
2014-08-22 12:00:00,2014,8,22,NA,27.9220001975019,31.9838877885999
2014-08-23 12:00:00,2014,8,23,NA,25.948810940979,31.7281246925242
2014-08-24 12:00:00,2014,8,24,NA,23.9261574720238,32.1992820511999
2014-08-25 12:00:00,2014,8,25,NA,28.818937043471,29.888162500431
2014-08-26 12:00:00,2014,8,26,NA,25.8688691817871,26.9380946387471
2014-08-27 12:00:00,2014,8,27,NA,22.0976134544538,26.639202458551
2014-08-28 12:00:00,2014,8,28,NA,24.9538682895268,28.5918310386783
2014-08-29 12:00:00,2014,8,29,NA,24.7064562196464,30.7395326509497
2014-08-30 12:00:00,2014,8,30,NA,22.4692979662853,32.6824332829454
2014-08-31 12:00:00,2014,8,31,NA,22.82346264637,32.9183716341803
2014-09-01 12:00:00,2014,9,1,NA,18.983480767155,29.3642794080316
2014-09-02 12:00:00,2014,9,2,NA,20.2121376788398,31.4749998270666
2014-09-03 12:00:00,2014,9,3,NA,18.7459057312462,30.2550453463792
2014-09-04 12:00:00,2014,9,4,NA,22.711688976109,28.9586550710778
2014-09-05 12:00:00,2014,9,5,NA,23.2177156712059,25.0306062154899
2014-09-06 12:00:00,2014,9,6,NA,23.363028489101,26.2468582211644
2014-09-07 12:00:00,2014,9,7,NA,16.9974449720904,27.7958442859848
2014-09-08 12:00:00,2014,9,8,NA,16.680545518559,31.0718925593833
2014-09-09 12:00:00,2014,9,9,NA,14.7756938143213,23.3991001218836
2014-09-10 12:00:00,2014,9,10,NA,16.9511905027607,23.9991960523916
2014-09-11 12:00:00,2014,9,11,NA,18.8544267460332,24.6290695097723
2014-09-12 12:00:00,2014,9,12,NA,16.9592240809486,27.8982578851827
2014-09-13 12:00:00,2014,9,13,NA,19.8199181089934,26.9247509656545
2014-09-14 12:00:00,2014,9,14,NA,19.4693102760828,28.0193101971794
2014-09-15 12:00:00,2014,9,15,NA,20.2731068314158,28.9044816997773
2014-09-16 12:00:00,2014,9,16,NA,17.2605347501086,24.5654054769161
2014-09-17 12:00:00,2014,9,17,NA,15.9824419768311,30.368794321452
2014-09-18 12:00:00,2014,9,18,NA,16.4607711007959,30.8400310742666
2014-09-19 12:00:00,2014,9,19,NA,21.1372591229509,32.4490287215065
2014-09-20 12:00:00,2014,9,20,NA,22.3477066833288,31.8325804036676
2014-09-21 12:00:00,2014,9,21,NA,22.0066838911088,30.5458208608639
2014-09-22 12:00:00,2014,9,22,NA,18.5049693892636,30.0529650334188
2014-09-23 12:00:00,2014,9,23,NA,21.6793523256407,29.2008226960521
2014-09-24 12:00:00,2014,9,24,NA,21.0859790944253,25.9891993852925
2014-09-25 12:00:00,2014,9,25,NA,18.4698135432887,24.8232586799678
2014-09-26 12:00:00,2014,9,26,NA,17.6934922611911,22.3825403667001
2014-09-27 12:00:00,2014,9,27,NA,18.6876874413352,25.3058475294582
2014-09-28 12:00:00,2014,9,28,NA,16.2114365704621,19.5727808027268
2014-09-29 12:00:00,2014,9,29,NA,14.6840709161907,25.2345133368126
2014-09-30 12:00:00,2014,9,30,NA,16.2817137821019,24.2937657067898
2014-10-01 12:00:00,2014,10,1,NA,14.6789912446171,25.2179864433695
2014-10-02 12:00:00,2014,10,2,NA,13.7165352870747,26.1904848021247
2014-10-03 12:00:00,2014,10,3,NA,12.7749013981795,23.5537628881716
2014-10-04 12:00:00,2014,10,4,NA,10.189651487525,21.1959437096065
2014-10-05 12:00:00,2014,10,5,NA,11.4327564130634,26.8215304485498
2014-10-06 12:00:00,2014,10,6,NA,13.7928725919951,24.4843269524896
2014-10-07 12:00:00,2014,10,7,NA,12.3883184928306,24.9516922732653
2014-10-08 12:00:00,2014,10,8,NA,15.3103839339403,26.4311347764344
2014-10-09 12:00:00,2014,10,9,NA,18.4825003236966,28.2274869634984
2014-10-10 12:00:00,2014,10,10,NA,15.2187904166425,29.5391261563734
2014-10-11 12:00:00,2014,10,11,NA,15.401973722947,27.5305930182464
2014-10-12 12:00:00,2014,10,12,NA,14.6690855092784,24.4519662083086
2014-10-13 12:00:00,2014,10,13,NA,16.6475633611762,26.2537360341409
2014-10-14 12:00:00,2014,10,14,NA,14.2394228512335,27.5147071518986
2014-10-15 12:00:00,2014,10,15,NA,10.2827777512059,18.4841093250286
2014-10-16 12:00:00,2014,10,16,NA,6.39946273361292,16.9122294318613
2014-10-17 12:00:00,2014,10,17,NA,10.5665870156041,17.2947886902244
2014-10-18 12:00:00,2014,10,18,NA,9.82927697468221,12.7854652601373
2014-10-19 12:00:00,2014,10,19,NA,10.3887979254907,20.9524785698875
2014-10-20 12:00:00,2014,10,20,NA,10.9517759126771,21.3807169214391
2014-10-21 12:00:00,2014,10,21,NA,11.6277372450773,21.241588898913
2014-10-22 12:00:00,2014,10,22,NA,11.099468622859,20.7663971172757
2014-10-23 12:00:00,2014,10,23,NA,11.5786479067873,24.257901176526
2014-10-24 12:00:00,2014,10,24,NA,13.568291136113,22.6251447658395
2014-10-25 12:00:00,2014,10,25,NA,12.1314350687991,21.7009690725289
2014-10-26 12:00:00,2014,10,26,NA,9.75854685412599,23.0266049775188
2014-10-27 12:00:00,2014,10,27,NA,11.7979833202927,24.9106710191423
2014-10-28 12:00:00,2014,10,28,NA,12.9236253211066,23.8805573269194
2014-10-29 12:00:00,2014,10,29,NA,10.4616152629741,23.5879047515407
2014-10-30 12:00:00,2014,10,30,NA,13.8815940981385,23.3932898912039
2014-10-31 12:00:00,2014,10,31,NA,10.620784201526,19.4994768722516
2014-11-01 12:00:00,2014,11,1,NA,9.31530523277919,19.1866122810789
2014-11-02 12:00:00,2014,11,2,NA,8.77409683160117,18.7242303022302
2014-11-03 12:00:00,2014,11,3,NA,3.48286614563901,19.0146281128549
2014-11-04 12:00:00,2014,11,4,NA,5.01333484354378,17.3306403630441
2014-11-05 12:00:00,2014,11,5,NA,5.0670912043688,15.4029497980098
2014-11-06 12:00:00,2014,11,6,NA,6.16992590879726,17.4291087628815
2014-11-07 12:00:00,2014,11,7,NA,6.6022578776592,17.4394929185565
2014-11-08 12:00:00,2014,11,8,NA,4.00521966684551,18.5010008247756
2014-11-09 12:00:00,2014,11,9,NA,-0.254721439042457,14.7391351102479
2014-11-10 12:00:00,2014,11,10,NA,1.34112416119007,18.5450464571302
2014-11-11 12:00:00,2014,11,11,NA,2.30825322901323,12.4267921764593
2014-11-12 12:00:00,2014,11,12,NA,1.62018820687535,15.9612901447873
2014-11-13 12:00:00,2014,11,13,NA,0.931476410249567,11.2960134264388
2014-11-14 12:00:00,2014,11,14,NA,0.257699463099081,14.7710625979045
2014-11-15 12:00:00,2014,11,15,NA,-2.2325864820467,11.4509728203835
2014-11-16 12:00:00,2014,11,16,NA,0.535387987835273,18.3893577490381
2014-11-17 12:00:00,2014,11,17,NA,4.14654478622092,18.8237032616657
2014-11-18 12:00:00,2014,11,18,NA,5.27640326215739,20.1673421263676
2014-11-19 12:00:00,2014,11,19,NA,0.848716454900371,14.578835351913
2014-11-20 12:00:00,2014,11,20,NA,4.22753165639676,18.0790060956678
2014-11-21 12:00:00,2014,11,21,NA,4.14765166756132,19.3327493920974
2014-11-22 12:00:00,2014,11,22,NA,5.29253545900236,20.5890168070336
2014-11-23 12:00:00,2014,11,23,NA,-0.368951897834257,13.5048854104565
2014-11-24 12:00:00,2014,11,24,NA,0.518249499532789,16.5904108184119
2014-11-25 12:00:00,2014,11,25,NA,4.31497807581556,17.7307501693058
2014-11-26 12:00:00,2014,11,26,NA,1.5392654991369,4.12426549617775
2014-11-27 12:00:00,2014,11,27,NA,-1.60949530890582,10.4766721785273
2014-11-28 12:00:00,2014,11,28,NA,-1.70106948746437,10.387820088051
2014-11-29 12:00:00,2014,11,29,NA,2.57349776775612,16.3591177393996
2014-11-30 12:00:00,2014,11,30,NA,6.4600731219448,17.720169582678
2014-12-01 12:00:00,2014,12,1,NA,6.49310373363918,8.38743723482156
2014-12-02 12:00:00,2014,12,2,NA,3.36526188280474,10.4195436628191
2014-12-03 12:00:00,2014,12,3,NA,1.14235692683231,10.585771667656
2014-12-04 12:00:00,2014,12,4,NA,0.987142520226422,13.7461072292204
2014-12-05 12:00:00,2014,12,5,NA,4.36547190932903,9.90376837829518
2014-12-06 12:00:00,2014,12,6,NA,1.2908820570695,7.37332526268424
2014-12-07 12:00:00,2014,12,7,NA,2.38877278266679,10.5792048666359
2014-12-08 12:00:00,2014,12,8,NA,2.00353427302129,11.446949013845
2014-12-09 12:00:00,2014,12,9,NA,3.85043913789909,14.096378405636
2014-12-10 12:00:00,2014,12,10,NA,4.1511336190022,8.88063875769464
2014-12-11 12:00:00,2014,12,11,NA,2.99098578797613,8.76641257015258
2014-12-12 12:00:00,2014,12,12,NA,1.7744957464716,8.46425036710222
2014-12-13 12:00:00,2014,12,13,NA,0.0703467682949137,4.34489730009239
2014-12-14 12:00:00,2014,12,14,NA,-0.217096299710232,11.9230734799962
2014-12-15 12:00:00,2014,12,15,NA,3.27302672821323,17.0708961101767
2014-12-16 12:00:00,2014,12,16,NA,1.79500945602046,13.9114337335259
2014-12-17 12:00:00,2014,12,17,NA,1.0618957052846,11.1686142945789
2014-12-18 12:00:00,2014,12,18,NA,2.34617874575704,12.7545293888586
2014-12-19 12:00:00,2014,12,19,NA,0.323768157788834,13.9708173723229
2014-12-20 12:00:00,2014,12,20,NA,1.21960908789528,15.1596664220642
2014-12-21 12:00:00,2014,12,21,NA,4.6474532672658,12.0576464541334
2014-12-22 12:00:00,2014,12,22,NA,1.01332257708805,11.6799405189053
2014-12-23 12:00:00,2014,12,23,NA,1.44386836814622,7.61011227734264
2014-12-24 12:00:00,2014,12,24,NA,2.4197911426052,6.18469137041072
2014-12-25 12:00:00,2014,12,25,NA,-1.72947747750202,4.98385176785512
2014-12-26 12:00:00,2014,12,26,NA,-3.81876518931996,1.52895384798166
2014-12-27 12:00:00,2014,12,27,NA,-4.93659239659804,0.185492224558975
2014-12-28 12:00:00,2014,12,28,NA,-5.54260648899805,1.5466980989332
2014-12-29 12:00:00,2014,12,29,NA,-4.01345366734812,6.48785417704053
2014-12-30 12:00:00,2014,12,30,NA,-6.03129719806496,0.134946711131466
2014-12-31 12:00:00,2014,12,31,NA,-6.83823341533182,6.49919941008348
2015-01-01 12:00:00,2015,1,1,NA,-4.86465835062425,1.9267100807651
2015-01-02 12:00:00,2015,1,2,NA,-4.76840558789355,2.64247499272922
2015-01-03 12:00:00,2015,1,3,NA,0.50747826419645,7.96420897289604
2015-01-04 12:00:00,2015,1,4,NA,-3.36340736532981,4.20451894017405
2015-01-05 12:00:00,2015,1,5,NA,-3.15022883199274,5.16225326821249
2015-01-06 12:00:00,2015,1,6,NA,-4.40905424972934,0.192195542536109
2015-01-07 12:00:00,2015,1,7,NA,-3.95960403708637,5.30653518123358
2015-01-08 12:00:00,2015,1,8,NA,-4.47786258621921,2.72269574957709
2015-01-09 12:00:00,2015,1,9,NA,-5.42286666140613,-0.260892724445614
2015-01-10 12:00:00,2015,1,10,NA,-5.70644943771705,2.85160390694693
2015-01-11 12:00:00,2015,1,11,NA,-4.39227953195971,4.836689248559
2015-01-12 12:00:00,2015,1,12,NA,-1.24951026819873,6.79775503257226
2015-01-13 12:00:00,2015,1,13,NA,4.18209237584285,11.8569662919679
2015-01-14 12:00:00,2015,1,14,NA,-0.608662417931775,6.45332867321927
2015-01-15 12:00:00,2015,1,15,NA,-1.35815946600308,4.80600404177645
2015-01-16 12:00:00,2015,1,16,NA,-3.9298475203788,3.3958026572369
2015-01-17 12:00:00,2015,1,17,NA,-1.92326435345853,5.0756891640845
2015-01-18 12:00:00,2015,1,18,NA,-6.86293508160664,-1.56350450917742
2015-01-19 12:00:00,2015,1,19,NA,-8.28008085063849,2.29211028188378
2015-01-20 12:00:00,2015,1,20,NA,-5.64147858702168,1.15089546325339
2015-01-21 12:00:00,2015,1,21,NA,-8.66863334258931,-2.67667217691875
2015-01-22 12:00:00,2015,1,22,NA,-4.89228383427316,6.45061860968307
2015-01-23 12:00:00,2015,1,23,NA,-0.224366905671015,7.3919282455027
2015-01-24 12:00:00,2015,1,24,NA,-0.672020861183853,7.05144580787347
2015-01-25 12:00:00,2015,1,25,NA,1.0704700131917,9.67801211623456
2015-01-26 12:00:00,2015,1,26,NA,-3.61809120714797,0.629283758064003
2015-01-27 12:00:00,2015,1,27,NA,-4.67519494207979,6.39232143846727
2015-01-28 12:00:00,2015,1,28,NA,-3.9958940276749,6.4255880304153
2015-01-29 12:00:00,2015,1,29,NA,-3.52758291085735,4.8158023109596
2015-01-30 12:00:00,2015,1,30,NA,-5.53248834274417,-0.298996368740717
2015-01-31 12:00:00,2015,1,31,NA,-4.77006523614557,1.44043550972789
2015-02-01 12:00:00,2015,2,1,NA,-7.06977335448359,-0.00492796237422199
2015-02-02 12:00:00,2015,2,2,NA,-4.96824716574815,3.08465393974419
2015-02-03 12:00:00,2015,2,3,NA,-1.87663275594755,5.4577464435598
2015-02-04 12:00:00,2015,2,4,NA,-4.11342055619453,2.32911603025883
2015-02-05 12:00:00,2015,2,5,NA,-3.23361951184198,8.22741653422152
2015-02-06 12:00:00,2015,2,6,NA,-1.75728631659604,4.70086183617956
2015-02-07 12:00:00,2015,2,7,NA,0.870591676683879,11.5563773169379
2015-02-08 12:00:00,2015,2,8,NA,-2.36081205624463,3.42098288250321
2015-02-09 12:00:00,2015,2,9,NA,-1.82516328364432,7.49340383265128
2015-02-10 12:00:00,2015,2,10,NA,-0.845170101799004,5.20309264577763
2015-02-11 12:00:00,2015,2,11,NA,1.93077711164887,7.67485043599819
2015-02-12 12:00:00,2015,2,12,NA,1.65531361852491,5.02918017245677
2015-02-13 12:00:00,2015,2,13,NA,-1.54747785938222,4.62840090724869
2015-02-14 12:00:00,2015,2,14,NA,-5.6702061216987,0.548695256833216
2015-02-15 12:00:00,2015,2,15,NA,-3.30030710572078,3.73096821804133
2015-02-16 12:00:00,2015,2,16,NA,-5.748431841575,9.52549379571023
2015-02-17 12:00:00,2015,2,17,NA,-4.50054795499091,13.1209958438184
2015-02-18 12:00:00,2015,2,18,NA,-4.99581004391951,5.72537833007277
2015-02-19 12:00:00,2015,2,19,NA,-2.94986519025076,7.86500049202073
2015-02-20 12:00:00,2015,2,20,NA,-1.28050477665186,15.8618072668572
2015-02-21 12:00:00,2015,2,21,NA,5.07202901461923,20.256371435846
2015-02-22 12:00:00,2015,2,22,NA,5.66284832635027,17.1690700168873
2015-02-23 12:00:00,2015,2,23,NA,5.90052118883723,14.6660221240619
2015-02-24 12:00:00,2015,2,24,NA,1.10782643344655,11.8056159836151
2015-02-25 12:00:00,2015,2,25,NA,3.28735970911185,7.41595722328341
2015-02-26 12:00:00,2015,2,26,NA,-0.278000406466376,10.8065453809347
2015-02-27 12:00:00,2015,2,27,NA,-3.54491547466481,6.76849455618076
2015-02-28 12:00:00,2015,2,28,NA,-4.01787370530736,10.1489358935626
2015-03-01 12:00:00,2015,3,1,NA,0.547670319042173,6.76885132116189
2015-03-02 12:00:00,2015,3,2,NA,-1.54522970022324,7.88658749449775
2015-03-03 12:00:00,2015,3,3,NA,-2.47161223863123,12.2406679458115
2015-03-04 12:00:00,2015,3,4,NA,-0.2382825214088,13.6884245132111
2015-03-05 12:00:00,2015,3,5,NA,-0.19008309496526,18.0274388160445
2015-03-06 12:00:00,2015,3,6,NA,3.06960450360515,15.5569355738021
2015-03-07 12:00:00,2015,3,7,NA,2.08048116731539,15.1144135695163
2015-03-08 12:00:00,2015,3,8,NA,1.86409722068643,12.7945567816237
2015-03-09 12:00:00,2015,3,9,NA,-0.271369156089327,11.1962870278536
2015-03-10 12:00:00,2015,3,10,NA,-0.677552777391519,11.861669535689
2015-03-11 12:00:00,2015,3,11,NA,-0.352064493478166,11.0365356724183
2015-03-12 12:00:00,2015,3,12,NA,1.15761165688685,10.4447840755983
2015-03-13 12:00:00,2015,3,13,NA,-1.36593234957646,10.8192540259127
2015-03-14 12:00:00,2015,3,14,NA,-0.340026228859291,11.2450648745658
2015-03-15 12:00:00,2015,3,15,NA,-1.96292754409744,13.3652114795693
2015-03-16 12:00:00,2015,3,16,NA,-0.972528620120782,14.3672552098703
2015-03-17 12:00:00,2015,3,17,NA,0.714934312999179,16.4598575624097
2015-03-18 12:00:00,2015,3,18,NA,1.40849200246251,13.5641494876038
2015-03-19 12:00:00,2015,3,19,NA,2.89385005672,13.769655930033
2015-03-20 12:00:00,2015,3,20,NA,0.8323175347695,14.8063058280444
2015-03-21 12:00:00,2015,3,21,NA,2.23097460141019,16.5423558316747
2015-03-22 12:00:00,2015,3,22,NA,0.219646425328136,17.2538365784664
2015-03-23 12:00:00,2015,3,23,NA,2.14684438419847,17.2360092423796
2015-03-24 12:00:00,2015,3,24,NA,3.60656015759284,11.7778848668674
2015-03-25 12:00:00,2015,3,25,NA,3.88608698389243,7.6427470629129
2015-03-26 12:00:00,2015,3,26,NA,1.19874031321106,5.11435792625156
2015-03-27 12:00:00,2015,3,27,NA,0.569099154564705,9.44683788754185
2015-03-28 12:00:00,2015,3,28,NA,0.0563798211233797,14.1438102581925
2015-03-29 12:00:00,2015,3,29,NA,-4.19197038976405,8.51594550819121
2015-03-30 12:00:00,2015,3,30,NA,-4.08387290462341,15.8554358358542
2015-03-31 12:00:00,2015,3,31,NA,2.93263925403346,20.1766814322917
2015-04-01 12:00:00,2015,4,1,NA,8.30633525404624,17.7806786659085
2015-04-02 12:00:00,2015,4,2,NA,5.74541953444879,13.1475731562163
2015-04-03 12:00:00,2015,4,3,NA,-0.116728180559535,15.8947486984532
2015-04-04 12:00:00,2015,4,4,NA,1.81875956955509,15.0461951774329
2015-04-05 12:00:00,2015,4,5,NA,6.20244957754153,13.7278249835799
2015-04-06 12:00:00,2015,4,6,NA,5.76971666631745,18.8063640439178
2015-04-07 12:00:00,2015,4,7,NA,4.01261385778621,14.9162583345579
2015-04-08 12:00:00,2015,4,8,NA,7.23500197023781,18.6026616868974
2015-04-09 12:00:00,2015,4,9,NA,8.39561648254377,18.3352719467236
2015-04-10 12:00:00,2015,4,10,NA,8.32022306123966,12.5030183940996
2015-04-11 12:00:00,2015,4,11,NA,6.84092254463124,14.2408461203244
2015-04-12 12:00:00,2015,4,12,NA,10.99291751381,16.8888712624546
2015-04-13 12:00:00,2015,4,13,NA,9.53301497899847,24.4203110409072
2015-04-14 12:00:00,2015,4,14,NA,16.6175209535611,24.5161529136262
2015-04-15 12:00:00,2015,4,15,NA,14.9904558948906,21.4457561207627
2015-04-16 12:00:00,2015,4,16,NA,12.7739614536816,21.4966580775815
2015-04-17 12:00:00,2015,4,17,NA,10.7371973184272,24.1037850045575
2015-04-18 12:00:00,2015,4,18,NA,9.94022060570684,20.3453746515279
2015-04-19 12:00:00,2015,4,19,NA,8.64547694657325,17.5990433304804
2015-04-20 12:00:00,2015,4,20,NA,8.79879481902316,10.8983688042748
2015-04-21 12:00:00,2015,4,21,NA,7.47049146589879,15.0460964448718
2015-04-22 12:00:00,2015,4,22,NA,7.33859502957843,12.789745251829
2015-04-23 12:00:00,2015,4,23,NA,7.11175094920119,16.5336167482196
2015-04-24 12:00:00,2015,4,24,NA,5.61091322656002,20.6146341764216
2015-04-25 12:00:00,2015,4,25,NA,12.7289284888341,21.059264436949
2015-04-26 12:00:00,2015,4,26,NA,13.8609126397291,16.806609803537
2015-04-27 12:00:00,2015,4,27,NA,8.20294080834716,12.6822645822049
2015-04-28 12:00:00,2015,4,28,NA,6.64264973189209,15.7098224072199
2015-04-29 12:00:00,2015,4,29,NA,9.3998088659735,22.2138183731411
2015-04-30 12:00:00,2015,4,30,NA,8.88755241609701,19.2797064827373
2015-05-01 12:00:00,2015,5,1,NA,5.41036387782513,19.9788901530192
2015-05-02 12:00:00,2015,5,2,NA,10.415000789903,17.0813206095668
2015-05-03 12:00:00,2015,5,3,NA,11.3536699588149,24.2112408894945
2015-05-04 12:00:00,2015,5,4,NA,9.06440718928681,19.0074481580139
2015-05-05 12:00:00,2015,5,5,NA,8.76260526270768,19.6583063556122
2015-05-06 12:00:00,2015,5,6,NA,8.50833967238429,22.3246333452928
2015-05-07 12:00:00,2015,5,7,NA,9.5695477073366,25.9697363865293
2015-05-08 12:00:00,2015,5,8,NA,10.4253550852441,26.5364185341563
2015-05-09 12:00:00,2015,5,9,NA,12.3787596473598,27.7879925388723
2015-05-10 12:00:00,2015,5,10,NA,12.9382142321881,27.6411516218178
2015-05-11 12:00:00,2015,5,11,NA,16.3224950899499,17.8973907039021
2015-05-12 12:00:00,2015,5,12,NA,12.023000384593,20.8387469152917
2015-05-13 12:00:00,2015,5,13,NA,13.8342300668006,25.5910096094657
2015-05-14 12:00:00,2015,5,14,NA,14.9180742446281,29.0498740618917
2015-05-15 12:00:00,2015,5,15,NA,20.230557183377,25.7769252602033
2015-05-16 12:00:00,2015,5,16,NA,15.2890352048058,26.8077752857584
2015-05-17 12:00:00,2015,5,17,NA,14.1213447372679,27.021308988735
2015-05-18 12:00:00,2015,5,18,NA,11.8860586394081,25.5936866546657
2015-05-19 12:00:00,2015,5,19,NA,14.4336181413385,26.1765524631439
2015-05-20 12:00:00,2015,5,20,NA,15.4185497724659,26.1008570121682
2015-05-21 12:00:00,2015,5,21,NA,17.1884579467275,22.7859680758064
2015-05-22 12:00:00,2015,5,22,NA,16.1413785555282,29.0748847052917
2015-05-23 12:00:00,2015,5,23,NA,14.0458375212378,22.850879688858
2015-05-24 12:00:00,2015,5,24,NA,12.9818820536489,24.5106495083999
2015-05-25 12:00:00,2015,5,25,NA,12.6836377936256,27.3865751832553
2015-05-26 12:00:00,2015,5,26,NA,14.2029863673293,24.986527388639
2015-05-27 12:00:00,2015,5,27,NA,15.8854765783313,22.9523648378142
2015-05-28 12:00:00,2015,5,28,NA,14.773798532037,28.9369679537264
2015-05-29 12:00:00,2015,5,29,NA,14.3172553183315,23.7781362253687
2015-05-30 12:00:00,2015,5,30,NA,15.1955937287525,23.5137688364589
2015-05-31 12:00:00,2015,5,31,NA,14.5085894100731,21.4787109384731
2015-06-01 12:00:00,2015,6,1,NA,16.7713922504089,30.3604580042686
2015-06-02 12:00:00,2015,6,2,NA,18.2235471967104,29.4189866118662
2015-06-03 12:00:00,2015,6,3,NA,21.1050440482834,25.9711881733486
2015-06-04 12:00:00,2015,6,4,NA,19.0530011134442,28.3421898732388
2015-06-05 12:00:00,2015,6,5,NA,19.1043471495575,24.1840957373131
2015-06-06 12:00:00,2015,6,6,NA,17.2933683011447,29.407444810166
2015-06-07 12:00:00,2015,6,7,NA,16.5293968533784,21.5107566322641
2015-06-08 12:00:00,2015,6,8,NA,15.2852086687158,24.8591111423008
2015-06-09 12:00:00,2015,6,9,NA,18.2835313356599,23.3349684104723
2015-06-10 12:00:00,2015,6,10,NA,21.1495393277685,25.694138184697
2015-06-11 12:00:00,2015,6,11,NA,18.7872368744191,26.8728029708023
2015-06-12 12:00:00,2015,6,12,NA,19.7082880250193,31.8620680655498
2015-06-13 12:00:00,2015,6,13,NA,18.3112209876725,26.3967870840556
2015-06-14 12:00:00,2015,6,14,NA,17.6701310265419,29.7594210717181
2015-06-15 12:00:00,2015,6,15,NA,17.2972082647328,29.7426575360408
2015-06-16 12:00:00,2015,6,16,NA,19.5986998499145,23.1060070955782
2015-06-17 12:00:00,2015,6,17,NA,15.8007226353904,27.4742768979208
2015-06-18 12:00:00,2015,6,18,NA,14.9813321145498,30.2043614878813
2015-06-19 12:00:00,2015,6,19,NA,19.7390786795322,28.1940463944994
2015-06-20 12:00:00,2015,6,20,NA,21.6777295269749,29.7617418285345
2015-06-21 12:00:00,2015,6,21,NA,21.6883277743576,26.4607813786815
2015-06-22 12:00:00,2015,6,22,NA,21.2980281978495,24.1822788552219
2015-06-23 12:00:00,2015,6,23,NA,19.8264146178308,26.0059560183766
2015-06-24 12:00:00,2015,6,24,NA,23.8533854044092,28.8581819949465
2015-06-25 12:00:00,2015,6,25,NA,22.0096403658363,27.3130961093487
2015-06-26 12:00:00,2015,6,26,NA,22.4531667808471,32.3822797573892
2015-06-27 12:00:00,2015,6,27,NA,23.5285156889534,33.6968128987327
2015-06-28 12:00:00,2015,6,28,NA,23.6121347665056,29.7738232285756
2015-06-29 12:00:00,2015,6,29,NA,23.5741243689305,29.6374231199821
2015-06-30 12:00:00,2015,6,30,NA,20.3150526206366,30.7359102585946
2015-07-01 12:00:00,2015,7,1,NA,20.1110335254691,31.392432854562
2015-07-02 12:00:00,2015,7,2,NA,21.6537223621407,33.68172392481
2015-07-03 12:00:00,2015,7,3,NA,23.3689832751662,35.5575320957583
2015-07-04 12:00:00,2015,7,4,NA,24.7865472629274,34.0507589974916
2015-07-05 12:00:00,2015,7,5,NA,24.5359430475315,34.2907756888661
2015-07-06 12:00:00,2015,7,6,NA,25.1586613520467,33.6589398500467
2015-07-07 12:00:00,2015,7,7,NA,24.2632356182368,33.0086850888588
2015-07-08 12:00:00,2015,7,8,NA,25.0706434232666,28.135600795628
2015-07-09 12:00:00,2015,7,9,NA,24.4858541881299,28.4559854706342
2015-07-10 12:00:00,2015,7,10,NA,22.5457303311246,31.4835843120648
2015-07-11 12:00:00,2015,7,11,NA,24.8375251316365,34.2719724876941
2015-07-12 12:00:00,2015,7,12,NA,25.1361193967944,33.9621242803671
2015-07-13 12:00:00,2015,7,13,NA,25.6115008769154,29.23171148064
2015-07-14 12:00:00,2015,7,14,NA,24.5559581790777,30.6424268716412
2015-07-15 12:00:00,2015,7,15,NA,24.5133148911212,27.774718600231
2015-07-16 12:00:00,2015,7,16,NA,22.8412371693809,32.4289146299132
2015-07-17 12:00:00,2015,7,17,NA,25.3274876822679,33.1484616503202
2015-07-18 12:00:00,2015,7,18,NA,25.2846529208649,36.1981468333007
2015-07-19 12:00:00,2015,7,19,NA,26.0559491925864,32.9846074365691
2015-07-20 12:00:00,2015,7,20,NA,26.4410154893332,28.8923889137144
2015-07-21 12:00:00,2015,7,21,NA,21.9195643863397,24.3227655489995
2015-07-22 12:00:00,2015,7,22,NA,23.4640942501219,29.0921379124234
2015-07-23 12:00:00,2015,7,23,NA,24.314247861908,28.7535098859841
2015-07-24 12:00:00,2015,7,24,NA,23.862698958428,27.660984131864
2015-07-25 12:00:00,2015,7,25,NA,20.9548346172801,29.923791027375
2015-07-26 12:00:00,2015,7,26,NA,20.723450996962,30.9717929925874
2015-07-27 12:00:00,2015,7,27,NA,23.6742649271249,33.1517296615211
2015-07-28 12:00:00,2015,7,28,NA,24.0029606965303,30.2737210822237
2015-07-29 12:00:00,2015,7,29,NA,23.4676507440106,33.1494552116923
2015-07-30 12:00:00,2015,7,30,NA,22.7912524159855,31.7291063969258
2015-07-31 12:00:00,2015,7,31,NA,23.6601930630969,34.4311871158677
2015-08-01 12:00:00,2015,8,1,NA,24.7487480472831,34.9199260196985
2015-08-02 12:00:00,2015,8,2,NA,25.6981471494494,37.3121155957061
2015-08-03 12:00:00,2015,8,3,NA,27.3152990194125,31.1077865780454
2015-08-04 12:00:00,2015,8,4,NA,23.4056368236456,31.7030357223926
2015-08-05 12:00:00,2015,8,5,NA,23.6783042649973,26.9909441246502
2015-08-06 12:00:00,2015,8,6,NA,22.5974411106982,27.1904419973813
2015-08-07 12:00:00,2015,8,7,NA,23.0286321929658,31.1993267762361
2015-08-08 12:00:00,2015,8,8,NA,22.1738067051532,31.0579067531569
2015-08-09 12:00:00,2015,8,9,NA,21.5878491837399,32.1618045453277
2015-08-10 12:00:00,2015,8,10,NA,23.1364472742211,35.6134887934145
2015-08-11 12:00:00,2015,8,11,NA,25.0237660776865,35.3081347909278
2015-08-12 12:00:00,2015,8,12,NA,24.5466524107021,33.5875935006252
2015-08-13 12:00:00,2015,8,13,NA,26.4152038670349,35.8297655013084
2015-08-14 12:00:00,2015,8,14,NA,28.487093016316,35.7134231596789
2015-08-15 12:00:00,2015,8,15,NA,27.80090946057,34.4272239714723
2015-08-16 12:00:00,2015,8,16,NA,25.8826982603131,33.0971098864863
2015-08-17 12:00:00,2015,8,17,NA,26.420524449503,32.077354810359
2015-08-18 12:00:00,2015,8,18,NA,22.7798614581553,31.4279732567854
2015-08-19 12:00:00,2015,8,19,NA,21.5027739613194,30.1398793038779
2015-08-20 12:00:00,2015,8,20,NA,23.4576884491857,32.5299219755164
2015-08-21 12:00:00,2015,8,21,NA,21.8820641137102,26.691484739771
2015-08-22 12:00:00,2015,8,22,NA,22.4362449477581,26.6507486451726
2015-08-23 12:00:00,2015,8,23,NA,21.8421643430393,29.2106015962105
2015-08-24 12:00:00,2015,8,24,NA,23.1726137429954,33.7317750399289
2015-08-25 12:00:00,2015,8,25,NA,23.045560102763,33.6215012192128
2015-08-26 12:00:00,2015,8,26,NA,24.5326191725177,33.1047910536111
2015-08-27 12:00:00,2015,8,27,NA,25.794967140496,34.4684297670522
2015-08-28 12:00:00,2015,8,28,NA,24.2374489973198,32.8806782729642
2015-08-29 12:00:00,2015,8,29,NA,23.4495511525631,31.1302645252216
2015-08-30 12:00:00,2015,8,30,NA,22.7650888619963,27.5824297994959
2015-08-31 12:00:00,2015,8,31,NA,22.3643293956054,32.0567722044382
2015-09-01 12:00:00,2015,9,1,NA,23.0984890522702,29.7290390189647
2015-09-02 12:00:00,2015,9,2,NA,20.360537912543,30.0529807213757
2015-09-03 12:00:00,2015,9,3,NA,18.6314460694277,30.8361550735709
2015-09-04 12:00:00,2015,9,4,NA,21.5581951559886,28.4381397387993
2015-09-05 12:00:00,2015,9,5,NA,21.4970559603068,31.4270357771994
2015-09-06 12:00:00,2015,9,6,NA,22.1852547163808,34.7789893481028
2015-09-07 12:00:00,2015,9,7,NA,18.852275730679,32.6592473864073
2015-09-08 12:00:00,2015,9,8,NA,18.8441467801699,31.4248064395416
2015-09-09 12:00:00,2015,9,9,NA,19.5799286060363,30.426964274434
2015-09-10 12:00:00,2015,9,10,NA,17.8039746871196,24.0400017326526
2015-09-11 12:00:00,2015,9,11,NA,19.1404396488014,30.9021688581567
2015-09-12 12:00:00,2015,9,12,NA,16.611264416003,27.1583558961656
2015-09-13 12:00:00,2015,9,13,NA,14.9390256307889,30.5011885497627
2015-09-14 12:00:00,2015,9,14,NA,18.4823524628728,30.8471757180818
2015-09-15 12:00:00,2015,9,15,NA,19.9232193058816,30.486106315194
2015-09-16 12:00:00,2015,9,16,NA,19.2794760317751,31.1863110526344
2015-09-17 12:00:00,2015,9,17,NA,22.8550325998219,26.4813926070641
2015-09-18 12:00:00,2015,9,18,NA,21.3079845878297,24.5147157340222
2015-09-19 12:00:00,2015,9,19,NA,17.525445571436,25.1922586072374
2015-09-20 12:00:00,2015,9,20,NA,17.1583845711795,21.4731968578619
2015-09-21 12:00:00,2015,9,21,NA,14.0303183489274,23.4703768346596
2015-09-22 12:00:00,2015,9,22,NA,13.874721314843,25.084450400631
2015-09-23 12:00:00,2015,9,23,NA,13.9547918829634,24.8018275513611
2015-09-24 12:00:00,2015,9,24,NA,17.2540686588979,21.099786109131
2015-09-25 12:00:00,2015,9,25,NA,16.3049399285603,21.9580911425293
2015-09-26 12:00:00,2015,9,26,NA,16.6253416511333,23.3590026684971
2015-09-27 12:00:00,2015,9,27,NA,14.4078831286026,27.0979815728092
2015-09-28 12:00:00,2015,9,28,NA,15.6988970591267,25.1837707794655
2015-09-29 12:00:00,2015,9,29,NA,13.9866042630004,27.1037696428442
2015-09-30 12:00:00,2015,9,30,NA,14.6292303303498,25.5758752466837
2015-10-01 12:00:00,2015,10,1,NA,15.5344333162484,28.9831948355258
2015-10-02 12:00:00,2015,10,2,NA,17.8512987785827,27.463215147576
2015-10-03 12:00:00,2015,10,3,NA,19.2896820872774,26.591189672138
2015-10-04 12:00:00,2015,10,4,NA,22.6078706150453,24.4717704752452
2015-10-05 12:00:00,2015,10,5,NA,22.8764860348993,28.3735357819683
2015-10-06 12:00:00,2015,10,6,NA,17.9560974808297,28.2179895652009
2015-10-07 12:00:00,2015,10,7,NA,18.0637421991429,27.5808990292439
2015-10-08 12:00:00,2015,10,8,NA,16.6375592941525,28.3557665849523
2015-10-09 12:00:00,2015,10,9,NA,17.3713923612948,29.8667748380141
2015-10-10 12:00:00,2015,10,10,NA,19.2054571689585,25.2225542522519
2015-10-11 12:00:00,2015,10,11,NA,18.2574568914428,24.4853855140875
2015-10-12 12:00:00,2015,10,12,NA,11.7425962726365,24.3723630258442
2015-10-13 12:00:00,2015,10,13,NA,11.1161999171964,21.8848706040648
2015-10-14 12:00:00,2015,10,14,NA,8.44769975133791,22.1251468604433
2015-10-15 12:00:00,2015,10,15,NA,10.8749800542665,20.4888317081022
2015-10-16 12:00:00,2015,10,16,NA,10.5566660918261,19.8258024127167
2015-10-17 12:00:00,2015,10,17,NA,9.77633344238193,20.5524473882621
2015-10-18 12:00:00,2015,10,18,NA,12.4078145119574,18.5500343609167
2015-10-19 12:00:00,2015,10,19,NA,11.5684684455835,23.5415388067704
2015-10-20 12:00:00,2015,10,20,NA,10.9917668689408,24.2845341774137
2015-10-21 12:00:00,2015,10,21,NA,13.4701756432054,23.0763483161701
2015-10-22 12:00:00,2015,10,22,NA,11.4852165132116,23.0422029996194
2015-10-23 12:00:00,2015,10,23,NA,12.6812061109955,26.3683501818424
2015-10-24 12:00:00,2015,10,24,NA,13.5451794234358,24.2963688791979
2015-10-25 12:00:00,2015,10,25,NA,13.6988943010982,21.1716986384382
2015-10-26 12:00:00,2015,10,26,NA,11.8363339082312,20.5539016850389
2015-10-27 12:00:00,2015,10,27,NA,10.2321546885835,22.5600299584934
2015-10-28 12:00:00,2015,10,28,NA,10.2891468018085,20.8528274462054
2015-10-29 12:00:00,2015,10,29,NA,10.4754347262305,21.629322032969
2015-10-30 12:00:00,2015,10,30,NA,8.96002354156846,22.754778374134
2015-10-31 12:00:00,2015,10,31,NA,8.50381001691372,22.997748184564
2015-11-01 12:00:00,2015,11,1,NA,9.63188906340999,23.0034242851931
2015-11-02 12:00:00,2015,11,2,NA,8.38364135572214,22.1730157172498
2015-11-03 12:00:00,2015,11,3,NA,6.49248431147026,14.2497057189902
2015-11-04 12:00:00,2015,11,4,NA,5.18461942790968,15.354563617517
2015-11-05 12:00:00,2015,11,5,NA,9.26308125174777,17.5524795287659
2015-11-06 12:00:00,2015,11,6,NA,13.4077066962877,17.51914987852
2015-11-07 12:00:00,2015,11,7,NA,9.86385211692137,22.7075733869763
2015-11-08 12:00:00,2015,11,8,NA,9.47732886544767,18.7410022100252
2015-11-09 12:00:00,2015,11,9,NA,4.79632113863079,14.0811139454463
2015-11-10 12:00:00,2015,11,10,NA,4.61712252714521,17.1372121147565
2015-11-11 12:00:00,2015,11,11,NA,5.07587457902966,18.5485570134734
2015-11-12 12:00:00,2015,11,12,NA,4.86641812212559,21.7231857523135
2015-11-13 12:00:00,2015,11,13,NA,6.54469547558207,23.9086974952973
2015-11-14 12:00:00,2015,11,14,NA,13.5422214208421,16.6038520277642
2015-11-15 12:00:00,2015,11,15,NA,9.84185944929207,19.0603674347614
2015-11-16 12:00:00,2015,11,16,NA,6.43964050281075,21.4066509526762
2015-11-17 12:00:00,2015,11,17,NA,7.4455803479568,15.8342292820779
2015-11-18 12:00:00,2015,11,18,NA,4.63878940691365,19.3724240281398
2015-11-19 12:00:00,2015,11,19,NA,2.94756207945866,17.9187997463278
2015-11-20 12:00:00,2015,11,20,NA,4.40649400586353,19.5182443696102
2015-11-21 12:00:00,2015,11,21,NA,6.68495217963193,20.5570550527625
2015-11-22 12:00:00,2015,11,22,NA,9.92502034953169,22.9838879141531
2015-11-23 12:00:00,2015,11,23,NA,7.70458897542216,19.4888860305821
2015-11-24 12:00:00,2015,11,24,NA,9.94842928451852,13.8014835726001
2015-11-25 12:00:00,2015,11,25,NA,7.03774756418316,13.2046145521932
2015-11-26 12:00:00,2015,11,26,NA,4.46924904712416,10.1055823161526
2015-11-27 12:00:00,2015,11,27,NA,-2.69574922978556,13.4811304428245
2015-11-28 12:00:00,2015,11,28,NA,-1.43696248260336,14.8150061395434
2015-11-29 12:00:00,2015,11,29,NA,2.44120124545878,14.8659114867628
2015-11-30 12:00:00,2015,11,30,NA,4.94427483373037,19.8808282189975
2015-12-01 12:00:00,2015,12,1,NA,0.0789208866525977,13.8241142120599
2015-12-02 12:00:00,2015,12,2,NA,0.393933144989215,8.20608314481163
2015-12-03 12:00:00,2015,12,3,NA,0.416802725974654,12.6479327385963
2015-12-04 12:00:00,2015,12,4,NA,-0.748235598039428,8.085953157146
2015-12-05 12:00:00,2015,12,5,NA,0.260768819795926,11.3855324284832
2015-12-06 12:00:00,2015,12,6,NA,1.5072106652202,13.7905492198858
2015-12-07 12:00:00,2015,12,7,NA,3.71714994299841,11.5131357297733
2015-12-08 12:00:00,2015,12,8,NA,4.51488428426208,13.2158885158561
2015-12-09 12:00:00,2015,12,9,NA,5.39595219097522,14.8556859291931
2015-12-10 12:00:00,2015,12,10,NA,3.77396184670197,9.90160359986652
2015-12-11 12:00:00,2015,12,11,NA,3.17588461959396,8.23286680860159
2015-12-12 12:00:00,2015,12,12,NA,1.13457470540202,9.2207594172776
2015-12-13 12:00:00,2015,12,13,NA,-0.658687857499727,9.74966278560184
2015-12-14 12:00:00,2015,12,14,NA,1.77827227052506,9.77410210787559
2015-12-15 12:00:00,2015,12,15,NA,0.297752586832309,11.6337499119607
2015-12-16 12:00:00,2015,12,16,NA,0.413687981686379,11.7021779982401
2015-12-17 12:00:00,2015,12,17,NA,1.87744901441088,10.1271442860815
2015-12-18 12:00:00,2015,12,18,NA,-2.52876038807911,5.43075420780871
2015-12-19 12:00:00,2015,12,19,NA,-2.34389132833831,8.77255969824164
2015-12-20 12:00:00,2015,12,20,NA,-2.84329347831562,7.41667255711285
2015-12-21 12:00:00,2015,12,21,NA,-3.84626614306362,-1.18647125087645
2015-12-22 12:00:00,2015,12,22,NA,-3.05937033317661,7.16062500704544
2015-12-23 12:00:00,2015,12,23,NA,-4.279162646085,8.2947173009572
2015-12-24 12:00:00,2015,12,24,NA,-0.569013704943629,12.8003617293749
2015-12-25 12:00:00,2015,12,25,NA,-0.085528872874086,11.534091944678
2015-12-26 12:00:00,2015,12,26,NA,-0.887049940588032,10.4014400759657
2015-12-27 12:00:00,2015,12,27,NA,-0.549089529164223,13.7301136459445
2015-12-28 12:00:00,2015,12,28,NA,0.51477881506341,13.8819920121696
2015-12-29 12:00:00,2015,12,29,NA,0.324408065696359,8.12039385247122
2015-12-30 12:00:00,2015,12,30,NA,-0.954982359502229,3.48042990661501
2015-12-31 12:00:00,2015,12,31,NA,1.59994759016578,9.22687611722562
2016-01-01 12:00:00,2016,1,1,NA,0.498871016158458,11.6674930502081
2016-01-02 12:00:00,2016,1,2,NA,4.15402823114064,13.862057497104
2016-01-03 12:00:00,2016,1,3,NA,-1.25322309649421,7.83239917781836
2016-01-04 12:00:00,2016,1,4,NA,-2.47898620624378,8.33030676770021
2016-01-05 12:00:00,2016,1,5,NA,-1.69748839732312,9.65754015607916
2016-01-06 12:00:00,2016,1,6,NA,-6.17178157203515,-0.0127083903699243
2016-01-07 12:00:00,2016,1,7,NA,-6.97330656431992,3.29615594350333
2016-01-08 12:00:00,2016,1,8,NA,-7.82258770266479,7.12543111864401
2016-01-09 12:00:00,2016,1,9,NA,-3.26751735571692,3.83068144007316
2016-01-10 12:00:00,2016,1,10,NA,-3.41368072061359,4.3341257694348
2016-01-11 12:00:00,2016,1,11,NA,-1.67334279460647,4.25103254655316
2016-01-12 12:00:00,2016,1,12,NA,-2.92691686586862,2.49284915397029
2016-01-13 12:00:00,2016,1,13,NA,-4.22661025740405,4.4346020892977
2016-01-14 12:00:00,2016,1,14,NA,-6.00560107178796,-1.66311187358857
2016-01-15 12:00:00,2016,1,15,NA,-7.84864201533922,-3.78949244975261
2016-01-16 12:00:00,2016,1,16,NA,-7.25887848577811,-0.182835610937035
2016-01-17 12:00:00,2016,1,17,NA,-9.0423699871342,1.16972578289325
2016-01-18 12:00:00,2016,1,18,NA,-4.18721106666011,1.98591833232492
2016-01-19 12:00:00,2016,1,19,NA,-6.88926705976844,1.0841761198667
2016-01-20 12:00:00,2016,1,20,NA,-6.07726647981543,2.09272517279161
2016-01-21 12:00:00,2016,1,21,NA,-5.48684803227543,6.88946484385378
2016-01-22 12:00:00,2016,1,22,NA,-7.44697541324151,2.22337963353933
2016-01-23 12:00:00,2016,1,23,NA,-6.62619237808398,5.62475939598974
2016-01-24 12:00:00,2016,1,24,NA,-6.78203213956002,1.26523316121097
2016-01-25 12:00:00,2016,1,25,NA,-5.94236753052266,0.272259566449349
2016-01-26 12:00:00,2016,1,26,NA,-2.72054809703328,5.52488531047026
2016-01-27 12:00:00,2016,1,27,NA,-1.79042373839151,5.19182945622834
2016-01-28 12:00:00,2016,1,28,NA,-0.821147908610095,8.08526745344571
2016-01-29 12:00:00,2016,1,29,NA,-3.84165981521773,3.3182578199647
2016-01-30 12:00:00,2016,1,30,NA,-6.56375504359942,0.594691775298766
2016-01-31 12:00:00,2016,1,31,NA,-7.10806747637059,9.38150212145939
2016-02-01 12:00:00,2016,2,1,NA,-1.85605969497911,11.8561321615496
2016-02-02 12:00:00,2016,2,2,NA,0.990944132431468,12.9324696040495
2016-02-03 12:00:00,2016,2,3,NA,2.07826480099277,10.0998984235626
2016-02-04 12:00:00,2016,2,4,NA,-0.910609075710976,11.3663129968823
2016-02-05 12:00:00,2016,2,5,NA,0.258452036826984,10.2062107896618
2016-02-06 12:00:00,2016,2,6,NA,-1.21768180337369,10.1899188207479
2016-02-07 12:00:00,2016,2,7,NA,-2.22200412254443,6.15141167572685
2016-02-08 12:00:00,2016,2,8,NA,-6.13028439484939,4.85530081537623
2016-02-09 12:00:00,2016,2,9,NA,-8.50771044167515,6.1682284954199
2016-02-10 12:00:00,2016,2,10,NA,-6.19097268618673,9.28522755616186
2016-02-11 12:00:00,2016,2,11,NA,-9.23254378221722,6.24381558127343
2016-02-12 12:00:00,2016,2,12,NA,-6.39397039737167,8.45992700742282
2016-02-13 12:00:00,2016,2,13,NA,-3.55487107402483,9.0043019304779
2016-02-14 12:00:00,2016,2,14,NA,-2.88711357970556,4.43383974677383
2016-02-15 12:00:00,2016,2,15,NA,-2.98984750825983,10.5555296300517
2016-02-16 12:00:00,2016,2,16,NA,-1.19377004874778,11.0208228127875
2016-02-17 12:00:00,2016,2,17,NA,0.230522783062143,7.57497585743268
2016-02-18 12:00:00,2016,2,18,NA,-1.85566645645428,10.7479157758947
2016-02-19 12:00:00,2016,2,19,NA,0.234758313423502,12.3823283739038
2016-02-20 12:00:00,2016,2,20,NA,-0.777456482557872,14.6181806893287
2016-02-21 12:00:00,2016,2,21,NA,1.80804761640184,9.1150935829602
2016-02-22 12:00:00,2016,2,22,NA,1.5330700134651,13.5230856234432
2016-02-23 12:00:00,2016,2,23,NA,2.04112098500856,13.8267037471861
2016-02-24 12:00:00,2016,2,24,NA,3.37009403198728,12.3996622491028
2016-02-25 12:00:00,2016,2,25,NA,1.62151609152645,17.1635392930395
2016-02-26 12:00:00,2016,2,26,NA,3.24157752102691,15.5184995936201
2016-02-27 12:00:00,2016,2,27,NA,1.98416454351794,12.2846145030166
2016-02-28 12:00:00,2016,2,28,NA,2.94778850776458,7.12802094838117
2016-02-29 12:00:00,2016,2,29,NA,0.995906066699104,10.8850176268501
2016-03-01 12:00:00,2016,3,1,NA,2.04177297370344,9.88140532362967
2016-03-02 12:00:00,2016,3,2,NA,0.775548595185825,9.03781125952231
2016-03-03 12:00:00,2016,3,3,NA,-1.51100744816229,11.3700780757058
2016-03-04 12:00:00,2016,3,4,NA,-1.28752098669502,6.44709030052765
2016-03-05 12:00:00,2016,3,5,NA,0.49383053243362,10.9882664130045
2016-03-06 12:00:00,2016,3,6,NA,3.84767875787984,14.1343970799246
2016-03-07 12:00:00,2016,3,7,NA,2.32675231475883,13.2746559803373
2016-03-08 12:00:00,2016,3,8,NA,5.93014338555403,9.41903922916228
2016-03-09 12:00:00,2016,3,9,NA,2.85555348403166,13.7313593573447
2016-03-10 12:00:00,2016,3,10,NA,-0.391061537725025,11.6063602024282
2016-03-11 12:00:00,2016,3,11,NA,0.460125325418456,5.188037029099
2016-03-12 12:00:00,2016,3,12,NA,0.536581651110247,14.5105699443851
2016-03-13 12:00:00,2016,3,13,NA,-1.38494340105953,8.39291852721493
2016-03-14 12:00:00,2016,3,14,NA,-1.85414815283551,10.0232566519631
2016-03-15 12:00:00,2016,3,15,NA,1.30663817412236,11.5933564961671
2016-03-16 12:00:00,2016,3,16,NA,-0.476366288571062,3.49829303754083
2016-03-17 12:00:00,2016,3,17,NA,0.275958684361726,8.2634047306485
2016-03-18 12:00:00,2016,3,18,NA,0.959925636021063,11.8864977860788
2016-03-19 12:00:00,2016,3,19,NA,-3.8225303647251,6.91144567601496
2016-03-20 12:00:00,2016,3,20,NA,-2.60270718936649,7.09319379825856
2016-03-21 12:00:00,2016,3,21,NA,-3.64446792615833,14.1243889917448
2016-03-22 12:00:00,2016,3,22,NA,-0.706332081459702,16.6151744656051
2016-03-23 12:00:00,2016,3,23,NA,-2.81208485556494,10.2627917589279
2016-03-24 12:00:00,2016,3,24,NA,-2.42022460081141,12.5825501654867
2016-03-25 12:00:00,2016,3,25,NA,-0.313784546101204,13.5091538231064
2016-03-26 12:00:00,2016,3,26,NA,3.84393175191168,16.7250172757797
2016-03-27 12:00:00,2016,3,27,NA,3.62472188228833,18.3367233715411
2016-03-28 12:00:00,2016,3,28,NA,5.8623869770718,19.3399292929655
2016-03-29 12:00:00,2016,3,29,NA,6.53106435691764,16.6861910294873
2016-03-30 12:00:00,2016,3,30,NA,3.19927646976658,11.2265880523267
2016-03-31 12:00:00,2016,3,31,NA,6.16498997040579,12.2352231505175
2016-04-01 12:00:00,2016,4,1,NA,3.42141464017104,15.3591997677113
2016-04-02 12:00:00,2016,4,2,NA,3.92005122291173,14.8232499481949
2016-04-03 12:00:00,2016,4,3,NA,2.98065085871496,14.8091049791741
2016-04-04 12:00:00,2016,4,4,NA,5.34433048515893,19.2530886790342
2016-04-05 12:00:00,2016,4,5,NA,3.94031132421953,22.827744350496
2016-04-06 12:00:00,2016,4,6,NA,5.27434461440055,20.723569325789
2016-04-07 12:00:00,2016,4,7,NA,12.0901056609569,21.5119714599753
2016-04-08 12:00:00,2016,4,8,NA,13.1576025191353,21.0822404206516
2016-04-09 12:00:00,2016,4,9,NA,12.1025544668025,20.234334146028
2016-04-10 12:00:00,2016,4,10,NA,10.1731278465166,22.0260460170049
2016-04-11 12:00:00,2016,4,11,NA,10.655974805186,23.3478946095249
2016-04-12 12:00:00,2016,4,12,NA,11.458664472859,21.2965658257949
2016-04-13 12:00:00,2016,4,13,NA,10.7813551072452,18.730505375207
2016-04-14 12:00:00,2016,4,14,NA,5.13446233250274,19.32034828127
2016-04-15 12:00:00,2016,4,15,NA,5.69135466205067,20.285276427609
2016-04-16 12:00:00,2016,4,16,NA,7.48704441196749,22.6485168979028
2016-04-17 12:00:00,2016,4,17,NA,7.03607265406291,25.4836714174517
2016-04-18 12:00:00,2016,4,18,NA,8.23179052966547,21.5989700464791
2016-04-19 12:00:00,2016,4,19,NA,9.04001152837378,23.766066338624
2016-04-20 12:00:00,2016,4,20,NA,10.3792391231206,25.2793671327412
2016-04-21 12:00:00,2016,4,21,NA,11.0489468148465,21.9714879975812
2016-04-22 12:00:00,2016,4,22,NA,14.5304575021373,21.4603750952656
2016-04-23 12:00:00,2016,4,23,NA,13.3147189464887,17.9762823947504
2016-04-24 12:00:00,2016,4,24,NA,9.22763625618493,16.1748812004501
2016-04-25 12:00:00,2016,4,25,NA,7.1289545436332,22.1397246550095
2016-04-26 12:00:00,2016,4,26,NA,11.0166630727209,23.7085828770597
2016-04-27 12:00:00,2016,4,27,NA,10.9112331687771,20.8508886329569
2016-04-28 12:00:00,2016,4,28,NA,14.0810197747157,16.1544131602941
2016-04-29 12:00:00,2016,4,29,NA,14.6487914652444,19.5834748810722
2016-04-30 12:00:00,2016,4,30,NA,9.48297460940845,12.8552836478902
2016-05-01 12:00:00,2016,5,1,NA,10.5314313514835,18.8084848230376
2016-05-02 12:00:00,2016,5,2,NA,8.23599231713848,23.2881410447706
2016-05-03 12:00:00,2016,5,3,NA,8.86699819030726,20.6137678656346
2016-05-04 12:00:00,2016,5,4,NA,8.42249050510054,23.1254278947302
2016-05-05 12:00:00,2016,5,5,NA,15.2866808018259,24.1081027213806
2016-05-06 12:00:00,2016,5,6,NA,12.5610486375199,26.9390181761687
2016-05-07 12:00:00,2016,5,7,NA,11.8470897716343,27.7054805903367
2016-05-08 12:00:00,2016,5,8,NA,13.2809414390624,28.0683272395886
2016-05-09 12:00:00,2016,5,9,NA,14.8248197096183,24.4053642383594
2016-05-10 12:00:00,2016,5,10,NA,15.1389451841091,26.3249036220302
2016-05-11 12:00:00,2016,5,11,NA,15.1899835749497,27.097381013349
2016-05-12 12:00:00,2016,5,12,NA,9.22431649514446,19.0124650230425
2016-05-13 12:00:00,2016,5,13,NA,10.6059693177811,23.3582570065448
2016-05-14 12:00:00,2016,5,14,NA,10.9098732971086,25.7550085992943
2016-05-15 12:00:00,2016,5,15,NA,9.28923148956831,24.055022888932
2016-05-16 12:00:00,2016,5,16,NA,9.47997095928368,23.5460338650774
2016-05-17 12:00:00,2016,5,17,NA,11.1423518167383,25.908143216102
2016-05-18 12:00:00,2016,5,18,NA,12.0040814887251,26.4521185365716
2016-05-19 12:00:00,2016,5,19,NA,14.8710836833036,29.1680781117468
2016-05-20 12:00:00,2016,5,20,NA,13.3718040700273,27.5675166458712
2016-05-21 12:00:00,2016,5,21,NA,21.834508765932,23.4094043798842
2016-05-22 12:00:00,2016,5,22,NA,18.1205654719225,19.6954610858747
2016-05-23 12:00:00,2016,5,23,NA,15.7714789905803,21.6424238767563
2016-05-24 12:00:00,2016,5,24,NA,13.9746974262736,26.2998488414499
2016-05-25 12:00:00,2016,5,25,NA,14.3337616027207,23.016091071179
2016-05-26 12:00:00,2016,5,26,NA,12.842741097279,18.2806715996771
2016-05-27 12:00:00,2016,5,27,NA,12.4039946188634,17.2735724115181
2016-05-28 12:00:00,2016,5,28,NA,9.62798366061259,21.410108061758
2016-05-29 12:00:00,2016,5,29,NA,10.8648173597636,23.6394011613747
2016-05-30 12:00:00,2016,5,30,NA,11.0435762642463,26.6197848190845
2016-05-31 12:00:00,2016,5,31,NA,14.6865884504285,23.3022888639679
2016-06-01 12:00:00,2016,6,1,NA,16.1042175032256,21.1058014595996
2016-06-02 12:00:00,2016,6,2,NA,14.5840872984476,27.2424266042927
2016-06-03 12:00:00,2016,6,3,NA,14.2199180042213,25.9028058031186
2016-06-04 12:00:00,2016,6,4,NA,15.0618357409975,24.8280747461916
2016-06-05 12:00:00,2016,6,5,NA,14.233635505695,30.4811413251977
2016-06-06 12:00:00,2016,6,6,NA,16.7513484340766,31.8429378624255
2016-06-07 12:00:00,2016,6,7,NA,17.0644901240985,33.6471802219969
2016-06-08 12:00:00,2016,6,8,NA,20.0282721629897,27.2462479578219
2016-06-09 12:00:00,2016,6,9,NA,19.096120334842,25.5390340745174
2016-06-10 12:00:00,2016,6,10,NA,18.3091870518605,26.1003812552489
2016-06-11 12:00:00,2016,6,11,NA,19.159307025219,28.5111540836261
2016-06-12 12:00:00,2016,6,12,NA,19.5267548836204,26.4703536323064
2016-06-13 12:00:00,2016,6,13,NA,19.4378792221791,26.3814779708651
2016-06-14 12:00:00,2016,6,14,NA,18.357634369309,23.7643512354141
2016-06-15 12:00:00,2016,6,15,NA,15.8208355691198,23.9064016655029
2016-06-16 12:00:00,2016,6,16,NA,16.9292726380165,26.6040831623299
2016-06-17 12:00:00,2016,6,17,NA,17.6390791831683,26.813930070998
2016-06-18 12:00:00,2016,6,18,NA,14.7041514019106,33.7769642995539
2016-06-19 12:00:00,2016,6,19,NA,17.876080379857,34.0325126469022
2016-06-20 12:00:00,2016,6,20,NA,19.4087462210005,30.1733607154818
2016-06-21 12:00:00,2016,6,21,NA,19.1453661742039,32.2847367600091
2016-06-22 12:00:00,2016,6,22,NA,19.2918782819774,32.5541223835217
2016-06-23 12:00:00,2016,6,23,NA,22.8694270122338,34.1508263413268
2016-06-24 12:00:00,2016,6,24,NA,24.4743042595833,30.306470456721
2016-06-25 12:00:00,2016,6,25,NA,22.9438270860201,33.495346180188
2016-06-26 12:00:00,2016,6,26,NA,22.2605159843428,34.7542243488583
2016-06-27 12:00:00,2016,6,27,NA,22.3049814548478,32.7697679824267
2016-06-28 12:00:00,2016,6,28,NA,22.3775456933836,31.9052724427541
2016-06-29 12:00:00,2016,6,29,NA,21.3084739511841,32.3869032901968
2016-06-30 12:00:00,2016,6,30,NA,22.9807129095117,31.0306423603978
2016-07-01 12:00:00,2016,7,1,NA,24.6486761872027,27.5560653134258
2016-07-02 12:00:00,2016,7,2,NA,21.1044819948441,29.1784956374271
2016-07-03 12:00:00,2016,7,3,NA,20.9512352606154,31.1995772562407
2016-07-04 12:00:00,2016,7,4,NA,23.475442679149,33.4188157243074
2016-07-05 12:00:00,2016,7,5,NA,22.0785388768615,32.1038969038176
2016-07-06 12:00:00,2016,7,6,NA,23.2091524919287,29.5064975130516
2016-07-07 12:00:00,2016,7,7,NA,23.5146330799446,26.7970075753698
2016-07-08 12:00:00,2016,7,8,NA,22.675989500737,30.8110473288793
2016-07-09 12:00:00,2016,7,9,NA,20.4891397715364,25.6676185227702
2016-07-10 12:00:00,2016,7,10,NA,19.4892641841577,27.8265487658923
2016-07-11 12:00:00,2016,7,11,NA,19.9416150749532,27.4602713256817
2016-07-12 12:00:00,2016,7,12,NA,21.1515376874889,30.3558216565155
2016-07-13 12:00:00,2016,7,13,NA,24.2793947665249,31.946832304185
2016-07-14 12:00:00,2016,7,14,NA,23.8577216903495,34.5121406737031
2016-07-15 12:00:00,2016,7,15,NA,24.9170562471876,33.6921107006465
2016-07-16 12:00:00,2016,7,16,NA,25.1635275865632,32.0718819126318
2016-07-17 12:00:00,2016,7,17,NA,25.5561000898014,32.6440664297156
2016-07-18 12:00:00,2016,7,18,NA,24.4420573036329,34.3474172121097
2016-07-19 12:00:00,2016,7,19,NA,24.7006401024943,32.6970165279378
2016-07-20 12:00:00,2016,7,20,NA,25.1252054509867,34.2238499496131
2016-07-21 12:00:00,2016,7,21,NA,25.0385002228297,33.0848909398865
2016-07-22 12:00:00,2016,7,22,NA,21.6129940126211,23.92942939689
2016-07-23 12:00:00,2016,7,23,NA,22.2797539301004,28.6223070666346
2016-07-24 12:00:00,2016,7,24,NA,20.820929901186,31.3973490841849
2016-07-25 12:00:00,2016,7,25,NA,22.6233756509928,34.3398435476968
2016-07-26 12:00:00,2016,7,26,NA,23.3481533256912,32.9267801937456
2016-07-27 12:00:00,2016,7,27,NA,26.5441333906461,29.5130969403222
2016-07-28 12:00:00,2016,7,28,NA,23.8403196676713,27.6521365872391
2016-07-29 12:00:00,2016,7,29,NA,24.5163834558603,30.163496940697
2016-07-30 12:00:00,2016,7,30,NA,20.7110943092345,26.6790602461936
2016-07-31 12:00:00,2016,7,31,NA,21.22905518552,29.7400847471688
2016-08-01 12:00:00,2016,8,1,NA,22.3033439845658,33.067580489778
2016-08-02 12:00:00,2016,8,2,NA,22.7012013773797,32.7265594043358
2016-08-03 12:00:00,2016,8,3,NA,23.869811060465,34.8170923065795
2016-08-04 12:00:00,2016,8,4,NA,24.2304258364548,34.7884663532416
2016-08-05 12:00:00,2016,8,5,NA,25.07142311817,35.3893748409846
2016-08-06 12:00:00,2016,8,6,NA,26.6795677059486,36.096403036737
2016-08-07 12:00:00,2016,8,7,NA,26.0898853015097,34.733114577154
2016-08-08 12:00:00,2016,8,8,NA,25.290463305874,35.9638129614157
2016-08-09 12:00:00,2016,8,9,NA,27.5607313102096,35.2375133308486
2016-08-10 12:00:00,2016,8,10,NA,27.6486001900579,33.3228346013454
2016-08-11 12:00:00,2016,8,11,NA,25.5730410523874,32.3093327466025
2016-08-12 12:00:00,2016,8,12,NA,24.5152064419034,34.1413626770573
2016-08-13 12:00:00,2016,8,13,NA,24.4158444519288,34.8220287114708
2016-08-14 12:00:00,2016,8,14,NA,25.4179464502914,34.0914090768476
2016-08-15 12:00:00,2016,8,15,NA,27.2712021592355,33.3042785905388
2016-08-16 12:00:00,2016,8,16,NA,22.3582743211871,26.8448225568925
2016-08-17 12:00:00,2016,8,17,NA,20.9779032322081,24.8831278524328
2016-08-18 12:00:00,2016,8,18,NA,21.4559820290453,29.677225930087
2016-08-19 12:00:00,2016,8,19,NA,26.1040995883462,33.3707250477866
2016-08-20 12:00:00,2016,8,20,NA,26.8706679136848,32.2723764945455
2016-08-21 12:00:00,2016,8,21,NA,23.7615357084145,31.0281611678549
2016-08-22 12:00:00,2016,8,22,NA,23.8350332747836,31.8423469715449
2016-08-23 12:00:00,2016,8,23,NA,22.6852370242623,32.2843914251912
2016-08-24 12:00:00,2016,8,24,NA,22.6620015597864,32.2964651631607
2016-08-25 12:00:00,2016,8,25,NA,21.9437959941651,33.290385145643
2016-08-26 12:00:00,2016,8,26,NA,22.9904854942547,34.5297372102678
2016-08-27 12:00:00,2016,8,27,NA,24.3876190130029,36.2382152865442
2016-08-28 12:00:00,2016,8,28,NA,24.231923360204,34.4422812172892
2016-08-29 12:00:00,2016,8,29,NA,23.9361893048646,33.3986718956132
2016-08-30 12:00:00,2016,8,30,NA,23.150215347937,33.0540039597622
2016-08-31 12:00:00,2016,8,31,NA,23.6168686911478,33.5607745331048
2016-09-01 12:00:00,2016,9,1,NA,27.2598594031897,31.0059415289057
2016-09-02 12:00:00,2016,9,2,NA,22.8533366950325,30.8138730213572
2016-09-03 12:00:00,2016,9,3,NA,21.1791381398417,29.3004478244574
2016-09-04 12:00:00,2016,9,4,NA,20.7661168222461,31.3051120209985
2016-09-05 12:00:00,2016,9,5,NA,21.481584435571,30.8283120107444
2016-09-06 12:00:00,2016,9,6,NA,14.9748729097239,29.3658288372606
2016-09-07 12:00:00,2016,9,7,NA,16.4865067232695,29.910614377001
2016-09-08 12:00:00,2016,9,8,NA,15.9924081488691,30.3670904230998
2016-09-09 12:00:00,2016,9,9,NA,17.5685068429961,29.1297376955517
2016-09-10 12:00:00,2016,9,10,NA,19.128994163371,25.7581296172914
2016-09-11 12:00:00,2016,9,11,NA,17.9287432532061,28.8832683581706
2016-09-12 12:00:00,2016,9,12,NA,18.8256729106113,25.9305057672725
2016-09-13 12:00:00,2016,9,13,NA,20.4124666441837,27.1259752598438
2016-09-14 12:00:00,2016,9,14,NA,20.54127349822,27.2521061046997
2016-09-15 12:00:00,2016,9,15,NA,19.6262090604623,24.3260470874003
2016-09-16 12:00:00,2016,9,16,NA,19.2640528203584,31.2724652660447
2016-09-17 12:00:00,2016,9,17,NA,18.5287354715721,30.0378750867052
2016-09-18 12:00:00,2016,9,18,NA,20.3376351724093,25.0374731993473
2016-09-19 12:00:00,2016,9,19,NA,14.586236581935,26.9784181301229
2016-09-20 12:00:00,2016,9,20,NA,16.2735349927062,26.8170729228041
2016-09-21 12:00:00,2016,9,21,NA,18.3182927969997,28.6338902499887
2016-09-22 12:00:00,2016,9,22,NA,16.8755373973832,25.0370276077138
2016-09-23 12:00:00,2016,9,23,NA,17.2923944038788,27.8096689106158
2016-09-24 12:00:00,2016,9,24,NA,17.5346005292046,23.5145069544981
2016-09-25 12:00:00,2016,9,25,NA,15.3950701883371,23.2021381784977
2016-09-26 12:00:00,2016,9,26,NA,14.9461392418838,25.4851344406362
2016-09-27 12:00:00,2016,9,27,NA,17.3780760646483,20.7460246049947
2016-09-28 12:00:00,2016,9,28,NA,19.4206419970206,23.751346261381
2016-09-29 12:00:00,2016,9,29,NA,18.6398247167261,24.6229573576252
2016-09-30 12:00:00,2016,9,30,NA,17.8960158360047,23.9834826675893
2016-10-01 12:00:00,2016,10,1,NA,16.3297938626068,26.8926808719192
2016-10-02 12:00:00,2016,10,2,NA,17.5152111005823,27.0976521434659
2016-10-03 12:00:00,2016,10,3,NA,16.3766808315837,28.6137717688138
2016-10-04 12:00:00,2016,10,4,NA,18.026918162007,31.3020756156931
2016-10-05 12:00:00,2016,10,5,NA,18.5372626896788,28.3521688821833
2016-10-06 12:00:00,2016,10,6,NA,17.6118005755246,23.9178195639022
2016-10-07 12:00:00,2016,10,7,NA,14.8380162757433,21.4288478506385
2016-10-08 12:00:00,2016,10,8,NA,13.5680684117147,20.2742145212836
2016-10-09 12:00:00,2016,10,9,NA,11.0469102667943,23.4402108036231
2016-10-10 12:00:00,2016,10,10,NA,11.0440081665286,25.9216993384026
2016-10-11 12:00:00,2016,10,11,NA,12.2038044398166,24.4323967015972
2016-10-12 12:00:00,2016,10,12,NA,12.8722233920701,16.8775916186159
2016-10-13 12:00:00,2016,10,13,NA,8.65972238650249,13.435663557136
2016-10-14 12:00:00,2016,10,14,NA,7.24125504761392,16.6088070065397
2016-10-15 12:00:00,2016,10,15,NA,5.39135214839677,25.7354455405327
2016-10-16 12:00:00,2016,10,16,NA,9.82237790179937,22.948667390366
2016-10-17 12:00:00,2016,10,17,NA,8.53639184540506,23.4046962228216
2016-10-18 12:00:00,2016,10,18,NA,11.0822539104196,21.041037600872
2016-10-19 12:00:00,2016,10,19,NA,7.20501434516307,18.3952919530023
2016-10-20 12:00:00,2016,10,20,NA,9.29114610702258,17.2573450500104
2016-10-21 12:00:00,2016,10,21,NA,10.3373247814077,21.6764202332716
2016-10-22 12:00:00,2016,10,22,NA,11.3105207080168,18.0387223826372
2016-10-23 12:00:00,2016,10,23,NA,9.26455050654684,18.1680283713855
2016-10-24 12:00:00,2016,10,24,NA,8.20556650727109,16.7830883746628
2016-10-25 12:00:00,2016,10,25,NA,9.81238901265653,17.4508739382674
2016-10-26 12:00:00,2016,10,26,NA,9.40644477993157,22.2803980473392
2016-10-27 12:00:00,2016,10,27,NA,8.48601037440975,22.9088533731973
2016-10-28 12:00:00,2016,10,28,NA,8.2248789442938,20.3534982395932
2016-10-29 12:00:00,2016,10,29,NA,7.97700194395023,19.2986417096501
2016-10-30 12:00:00,2016,10,30,NA,9.32543831180984,16.0315844213788
2016-10-31 12:00:00,2016,10,31,NA,9.05964109605369,16.2504285662056
2016-11-01 12:00:00,2016,11,1,NA,6.23857147104928,17.0632167509313
2016-11-02 12:00:00,2016,11,2,NA,4.96444528911668,19.0508363824649
2016-11-03 12:00:00,2016,11,3,NA,7.79744281430641,19.200204170273
2016-11-04 12:00:00,2016,11,4,NA,5.74503749831837,23.0764124336921
2016-11-05 12:00:00,2016,11,5,NA,2.25822182843309,12.7778866253061
2016-11-06 12:00:00,2016,11,6,NA,2.80669186130536,16.5518851867127
2016-11-07 12:00:00,2016,11,7,NA,2.24690832861999,12.6094492823348
2016-11-08 12:00:00,2016,11,8,NA,1.55248633832064,14.4968809126988
2016-11-09 12:00:00,2016,11,9,NA,3.28657296541646,18.5365825923172
2016-11-10 12:00:00,2016,11,10,NA,3.18837400500783,19.7449620272304
2016-11-11 12:00:00,2016,11,11,NA,3.41795303656672,18.7210350569817
2016-11-12 12:00:00,2016,11,12,NA,5.24668448819103,21.6869517717195
2016-11-13 12:00:00,2016,11,13,NA,5.45631494340906,19.1398742458392
2016-11-14 12:00:00,2016,11,14,NA,1.35922365016489,10.2919800815442
2016-11-15 12:00:00,2016,11,15,NA,1.76050847066812,10.5495239287752
2016-11-16 12:00:00,2016,11,16,NA,1.02213073276897,9.44022691537666
2016-11-17 12:00:00,2016,11,17,NA,2.3672536465652,13.3437247349126
2016-11-18 12:00:00,2016,11,18,NA,1.87553178021569,5.32238175732157
2016-11-19 12:00:00,2016,11,19,NA,1.56727785713801,6.74215883229288
2016-11-20 12:00:00,2016,11,20,NA,0.0323488956285987,12.0452020305346
2016-11-21 12:00:00,2016,11,21,NA,3.37889264317201,12.0743230391709
2016-11-22 12:00:00,2016,11,22,NA,3.82302272174787,11.7722746831696
2016-11-23 12:00:00,2016,11,23,NA,2.94625437752812,10.695440391929
2016-11-24 12:00:00,2016,11,24,NA,-0.178778359012309,12.8671151422657
2016-11-25 12:00:00,2016,11,25,NA,2.58890834703811,18.2875600674881
2016-11-26 12:00:00,2016,11,26,NA,3.47389355364823,14.0850275583174
2016-11-27 12:00:00,2016,11,27,NA,2.08421377079686,12.1540942878523
2016-11-28 12:00:00,2016,11,28,NA,4.16850860013092,12.4318841365907
2016-11-29 12:00:00,2016,11,29,NA,4.233782905946,14.0144505506608
2016-11-30 12:00:00,2016,11,30,NA,5.91086532097514,20.0072814343726
2016-12-01 12:00:00,2016,12,1,NA,6.02955577001163,18.7198741561473
2016-12-02 12:00:00,2016,12,2,NA,8.83343660178206,13.7486901185411
2016-12-03 12:00:00,2016,12,3,NA,10.9472076206111,12.9707383238978
2016-12-04 12:00:00,2016,12,4,NA,7.94773662696025,12.2222871587577
2016-12-05 12:00:00,2016,12,5,NA,-0.270114767966255,11.9697232682954
2016-12-06 12:00:00,2016,12,6,NA,-1.38695981898442,15.0678849870777
2016-12-07 12:00:00,2016,12,7,NA,2.25105656775675,14.4505784248683
2016-12-08 12:00:00,2016,12,8,NA,2.24946361808097,17.6257749196461
2016-12-09 12:00:00,2016,12,9,NA,3.47553730115901,11.5647338039405
2016-12-10 12:00:00,2016,12,10,NA,2.49577235167188,6.01197373295964
2016-12-11 12:00:00,2016,12,11,NA,2.01355449733558,9.08384422193615
2016-12-12 12:00:00,2016,12,12,NA,0.224533154852981,5.28365796831728
2016-12-13 12:00:00,2016,12,13,NA,-2.75511443146658,8.60551852615006
2016-12-14 12:00:00,2016,12,14,NA,-2.41418373445715,9.71527408250949
2016-12-15 12:00:00,2016,12,15,NA,-3.87442169626193,10.1642565680647
2016-12-16 12:00:00,2016,12,16,NA,-3.95062187413628,7.96638294101401
2016-12-17 12:00:00,2016,12,17,NA,-3.31275258457496,11.2776623967794
2016-12-18 12:00:00,2016,12,18,NA,-3.10522402045504,10.6877425572661
2016-12-19 12:00:00,2016,12,19,NA,-3.34886448326365,9.9567588786889
2016-12-20 12:00:00,2016,12,20,NA,-0.726046518042301,9.9353521526619
2016-12-21 12:00:00,2016,12,21,NA,-1.81963099187957,12.4104548887578
2016-12-22 12:00:00,2016,12,22,NA,2.29359162704177,11.2175349982468
2016-12-23 12:00:00,2016,12,23,NA,-1.36213192975685,11.9983408481916
2016-12-24 12:00:00,2016,12,24,NA,1.50120931032723,14.6476116130463
2016-12-25 12:00:00,2016,12,25,NA,0.259284413917655,7.85465334067011
2016-12-26 12:00:00,2016,12,26,NA,0.667562528472873,10.9990464049304
2016-12-27 12:00:00,2016,12,27,NA,-1.1608631238439,8.98319642681561
2016-12-28 12:00:00,2016,12,28,NA,-5.79328152188171,3.40581306554845
2016-12-29 12:00:00,2016,12,29,NA,-3.55145496864101,6.88694827384934
2016-12-30 12:00:00,2016,12,30,NA,-4.52713178033169,4.72975407813039
2016-12-31 12:00:00,2016,12,31,NA,-6.27146685934803,5.77242693626107
2017-01-01 12:00:00,2017,1,1,NA,-5.35306203271239,4.50086302660304
2017-01-02 12:00:00,2017,1,2,NA,-4.10123275868337,1.34145668585835
2017-01-03 12:00:00,2017,1,3,NA,-2.82144603131093,5.24447970010198
2017-01-04 12:00:00,2017,1,4,NA,-3.60147010259731,2.94708644121748
2017-01-05 12:00:00,2017,1,5,NA,-3.72596925606294,4.21150635431203
2017-01-06 12:00:00,2017,1,6,NA,-0.815362378908895,6.01957891111003
2017-01-07 12:00:00,2017,1,7,NA,-6.35982548949322,2.7877962798996
2017-01-08 12:00:00,2017,1,8,NA,-6.67659118477495,4.1895716861791
2017-01-09 12:00:00,2017,1,9,NA,-3.94586390160041,1.17154116742674
2017-01-10 12:00:00,2017,1,10,NA,-4.1467423063509,5.78575338559157
2017-01-11 12:00:00,2017,1,11,NA,-6.58530761985243,-0.778057238353833
2017-01-12 12:00:00,2017,1,12,NA,-8.36777739776031,1.78587050095796
2017-01-13 12:00:00,2017,1,13,NA,-4.95528409120172,5.34750472223733
2017-01-14 12:00:00,2017,1,14,NA,-3.17233857780682,9.21273656140318
2017-01-15 12:00:00,2017,1,15,NA,-3.0540117907421,9.31263438232358
2017-01-16 12:00:00,2017,1,16,NA,-4.90300775296484,8.65398934287144
2017-01-17 12:00:00,2017,1,17,NA,-3.73376857631978,1.88903847436542
2017-01-18 12:00:00,2017,1,18,NA,-4.39968208777035,-0.642160361612074
2017-01-19 12:00:00,2017,1,19,NA,-6.09658173574359,1.73017703890734
2017-01-20 12:00:00,2017,1,20,NA,-7.8549715018239,4.42849467870131
2017-01-21 12:00:00,2017,1,21,NA,-8.58891398090374,3.25302254783592
2017-01-22 12:00:00,2017,1,22,NA,-8.2995377545634,8.16148240820089
2017-01-23 12:00:00,2017,1,23,NA,-2.62658253145656,9.43648211782231
2017-01-24 12:00:00,2017,1,24,NA,-1.34070291941867,3.95872765301055
2017-01-25 12:00:00,2017,1,25,NA,-0.131986381393054,9.1171722429219
2017-01-26 12:00:00,2017,1,26,NA,-3.6156484526969,4.43161684807409
2017-01-27 12:00:00,2017,1,27,NA,-3.71246395281156,5.82745167883805
2017-01-28 12:00:00,2017,1,28,NA,-3.74537279236411,0.739677224868807
2017-01-29 12:00:00,2017,1,29,NA,-4.73103677993112,1.35559569910105
2017-01-30 12:00:00,2017,1,30,NA,-5.35847232659812,5.71183827300849
2017-01-31 12:00:00,2017,1,31,NA,-1.34733188876462,7.42935536842216
2017-02-01 12:00:00,2017,2,1,NA,-7.77193204075297,-1.93831991623958
2017-02-02 12:00:00,2017,2,2,NA,-5.08753218335759,0.941489325751947
2017-02-03 12:00:00,2017,2,3,NA,-3.92765333082242,6.544343714155
2017-02-04 12:00:00,2017,2,4,NA,-0.662362782678219,5.21088019014302
2017-02-05 12:00:00,2017,2,5,NA,-2.77225283872438,6.89652184072514
2017-02-06 12:00:00,2017,2,6,NA,-1.94062404178764,9.50739882034527
2017-02-07 12:00:00,2017,2,7,NA,1.16597954783781,9.83390999745966
2017-02-08 12:00:00,2017,2,8,NA,-3.6203839880155,2.41689015078938
2017-02-09 12:00:00,2017,2,9,NA,-2.24027325776696,1.93995918284963
2017-02-10 12:00:00,2017,2,10,NA,-2.18812384835711,1.0448408060869
2017-02-11 12:00:00,2017,2,11,NA,-2.08307727705551,8.42108646143593
2017-02-12 12:00:00,2017,2,12,NA,-3.1924605288331,5.69469357764714
2017-02-13 12:00:00,2017,2,13,NA,-3.45446902714811,2.58280511165676
2017-02-14 12:00:00,2017,2,14,NA,-5.07722011009399,8.58938761028605
2017-02-15 12:00:00,2017,2,15,NA,-0.198560158483257,11.3817341765944
2017-02-16 12:00:00,2017,2,16,NA,-0.597966458538525,14.7754246291013
2017-02-17 12:00:00,2017,2,17,NA,0.814281634204873,15.3346725576889
2017-02-18 12:00:00,2017,2,18,NA,0.751458913520985,13.8167955287932
2017-02-19 12:00:00,2017,2,19,NA,0.655801190607671,14.2431201934559
2017-02-20 12:00:00,2017,2,20,NA,1.01143978703935,13.0280428863244
2017-02-21 12:00:00,2017,2,21,NA,-0.856613222732931,4.92518171601492
2017-02-22 12:00:00,2017,2,22,NA,-2.3700490011532,7.57770975168161
2017-02-23 12:00:00,2017,2,23,NA,-3.75976645406435,9.95177303666831
2017-02-24 12:00:00,2017,2,24,NA,-5.43605921684969,6.09625178240788
2017-02-25 12:00:00,2017,2,25,NA,-6.15093859544903,5.63464416672854
2017-02-26 12:00:00,2017,2,26,NA,-14.0964253394249,0.328764399578387
2017-02-27 12:00:00,2017,2,27,NA,-5.6766549005635,9.97908978633899
2017-02-28 12:00:00,2017,2,28,NA,-3.50534282197755,10.0863355244235
2017-03-01 12:00:00,2017,3,1,NA,-3.88916252733514,5.80040864016574
2017-03-02 12:00:00,2017,3,2,NA,-7.4111511644478,7.70259300161671
2017-03-03 12:00:00,2017,3,3,NA,-3.30353285179068,9.19052490109789
2017-03-04 12:00:00,2017,3,4,NA,-1.58767660892636,10.244407450181
2017-03-05 12:00:00,2017,3,5,NA,-2.53969518104024,7.86847235058858
2017-03-06 12:00:00,2017,3,6,NA,-3.4662701633843,9.64650357256058
2017-03-07 12:00:00,2017,3,7,NA,-3.6420525874183,14.1574608870758
2017-03-08 12:00:00,2017,3,8,NA,-0.504030003872927,2.4510758417778
2017-03-09 12:00:00,2017,3,9,NA,-0.882967118217191,9.03697049032469
2017-03-10 12:00:00,2017,3,10,NA,-0.0886395697583193,13.9576306314967
2017-03-11 12:00:00,2017,3,11,NA,0.44046908390812,18.2665736056273
2017-03-12 12:00:00,2017,3,12,NA,2.06877841586504,15.7599821270335
2017-03-13 12:00:00,2017,3,13,NA,2.28060336251536,17.6308305547956
2017-03-14 12:00:00,2017,3,14,NA,5.12751595638102,9.43596511969634
2017-03-15 12:00:00,2017,3,15,NA,1.58157920462119,9.29581910517522
2017-03-16 12:00:00,2017,3,16,NA,2.12319265003629,12.0937477083359
2017-03-17 12:00:00,2017,3,17,NA,2.18927583534658,14.9606267731787
2017-03-18 12:00:00,2017,3,18,NA,5.00257181653425,17.1582293016756
2017-03-19 12:00:00,2017,3,19,NA,6.23197173659176,14.7983000695111
2017-03-20 12:00:00,2017,3,20,NA,4.3188689003718,15.1607329667822
2017-03-21 12:00:00,2017,3,21,NA,4.15368799341718,15.7794524487144
2017-03-22 12:00:00,2017,3,22,NA,5.86214439942786,16.6745021440046
2017-03-23 12:00:00,2017,3,23,NA,5.32234144996134,21.5993364535854
2017-03-24 12:00:00,2017,3,24,NA,5.82049138975853,22.7403426627783
2017-03-25 12:00:00,2017,3,25,NA,6.39964836033644,16.6452860894589
2017-03-26 12:00:00,2017,3,26,NA,7.02368990999981,11.6381162235331
2017-03-27 12:00:00,2017,3,27,NA,4.75353432574234,12.7409803720291
2017-03-28 12:00:00,2017,3,28,NA,2.24873073400139,15.6135294626261
2017-03-29 12:00:00,2017,3,29,NA,3.56693575477349,11.2256171428191
2017-03-30 12:00:00,2017,3,30,NA,-2.3728562386668,13.5127270355464
2017-03-31 12:00:00,2017,3,31,NA,-1.19886248067964,11.7233258501791
2017-04-01 12:00:00,2017,4,1,NA,2.01385962586648,12.8262173704432
2017-04-02 12:00:00,2017,4,2,NA,2.76858996258855,17.9848758018018
2017-04-03 12:00:00,2017,4,3,NA,4.50386246283477,20.9336609622404
2017-04-04 12:00:00,2017,4,4,NA,5.00071591561005,20.7540273371381
2017-04-05 12:00:00,2017,4,5,NA,12.6263625133805,15.8840062646717
2017-04-06 12:00:00,2017,4,6,NA,8.63604560593472,17.3739646080425
2017-04-07 12:00:00,2017,4,7,NA,9.06206244993263,17.9910712436091
2017-04-08 12:00:00,2017,4,8,NA,5.52245731335957,16.3973646838674
2017-04-09 12:00:00,2017,4,9,NA,2.03021852285,16.9706388944336
2017-04-10 12:00:00,2017,4,10,NA,5.72058512783397,21.1855191511478
2017-04-11 12:00:00,2017,4,11,NA,6.52256762838395,25.2536607246006
2017-04-12 12:00:00,2017,4,12,NA,5.84112358263055,23.3194113956516
2017-04-13 12:00:00,2017,4,13,NA,7.73983110276698,23.9507687602928
2017-04-14 12:00:00,2017,4,14,NA,8.94759379700503,25.7208506060492
2017-04-15 12:00:00,2017,4,15,NA,12.2996057819783,26.5230017744416
2017-04-16 12:00:00,2017,4,16,NA,12.8538486637699,24.9474538439438
2017-04-17 12:00:00,2017,4,17,NA,14.9146585173511,22.8592259459125
2017-04-18 12:00:00,2017,4,18,NA,8.35144948544815,18.6668917332203
2017-04-19 12:00:00,2017,4,19,NA,9.76173418865344,21.0467404325498
2017-04-20 12:00:00,2017,4,20,NA,16.260202818661,18.3335962042395
2017-04-21 12:00:00,2017,4,21,NA,11.6479332303892,17.4568140703348
2017-04-22 12:00:00,2017,4,22,NA,9.78091276603871,17.5773828477004
2017-04-23 12:00:00,2017,4,23,NA,12.1522681315181,18.0899656116757
2017-04-24 12:00:00,2017,4,24,NA,10.4133374669763,21.7464150911172
2017-04-25 12:00:00,2017,4,25,NA,12.1867651798787,22.78718553971
2017-04-26 12:00:00,2017,4,26,NA,16.1455979184261,29.6436773845839
2017-04-27 12:00:00,2017,4,27,NA,15.1182303464964,24.9382600523535
2017-04-28 12:00:00,2017,4,28,NA,12.2625906282288,25.1758178892494
2017-04-29 12:00:00,2017,4,29,NA,9.85395850848184,24.3851916963947
2017-04-30 12:00:00,2017,4,30,NA,8.0728294355706,20.8518372696771
2017-05-01 12:00:00,2017,5,1,NA,9.81598921649756,19.1396813558584
2017-05-02 12:00:00,2017,5,2,NA,8.08878607798738,21.3368287055436
2017-05-03 12:00:00,2017,5,3,NA,9.68101560467717,20.9000230093292
2017-05-04 12:00:00,2017,5,4,NA,13.1411879940524,19.4918211379128
2017-05-05 12:00:00,2017,5,5,NA,13.5910865616035,20.4857202769932
2017-05-06 12:00:00,2017,5,6,NA,12.142577386159,20.4466245496783
2017-05-07 12:00:00,2017,5,7,NA,9.78408735567959,27.3382679824957
2017-05-08 12:00:00,2017,5,8,NA,9.47094297405821,26.1276932544557
2017-05-09 12:00:00,2017,5,9,NA,11.2786538995871,26.936203758765
2017-05-10 12:00:00,2017,5,10,NA,13.3141628006761,25.7552705536468
2017-05-11 12:00:00,2017,5,11,NA,12.338745326895,16.032816810431
2017-05-12 12:00:00,2017,5,12,NA,9.54225717833536,22.7488021343899
2017-05-13 12:00:00,2017,5,13,NA,8.57368892551135,25.245529917168
2017-05-14 12:00:00,2017,5,14,NA,11.6106989652329,26.3257855313398
2017-05-15 12:00:00,2017,5,15,NA,12.7440905632143,25.6440548146813
2017-05-16 12:00:00,2017,5,16,NA,12.7474456978099,26.9431582736538
2017-05-17 12:00:00,2017,5,17,NA,11.231442652269,26.5910941220907
2017-05-18 12:00:00,2017,5,18,NA,8.91323878712601,20.6832585416678
2017-05-19 12:00:00,2017,5,19,NA,10.233159157798,23.6195452801177
2017-05-20 12:00:00,2017,5,20,NA,10.8928263360065,24.362879693185
2017-05-21 12:00:00,2017,5,21,NA,15.3699158436534,19.0639873271894
2017-05-22 12:00:00,2017,5,22,NA,13.0176006337294,25.2574871682371
2017-05-23 12:00:00,2017,5,23,NA,12.7119116853819,24.4819314399236
2017-05-24 12:00:00,2017,5,24,NA,14.3287034647681,22.045188974688
2017-05-25 12:00:00,2017,5,25,NA,12.8092445375154,25.5639903066163
2017-05-26 12:00:00,2017,5,26,NA,15.7377278463783,28.3960671522233
2017-05-27 12:00:00,2017,5,27,NA,15.7297821327369,29.8903632651547
2017-05-28 12:00:00,2017,5,28,NA,17.1134006871819,28.6179332202247
2017-05-29 12:00:00,2017,5,29,NA,18.1209796623751,29.956713292669
2017-05-30 12:00:00,2017,5,30,NA,15.5821593482648,28.813710120913
2017-05-31 12:00:00,2017,5,31,NA,17.6626267285733,33.0494997150502
2017-06-01 12:00:00,2017,6,1,NA,15.1994241711032,26.9430423182663
2017-06-02 12:00:00,2017,6,2,NA,13.4144269881002,19.1723615651438
2017-06-03 12:00:00,2017,6,3,NA,16.388755115674,24.4327343965978
2017-06-04 12:00:00,2017,6,4,NA,15.9207046503901,25.848396425248
2017-06-05 12:00:00,2017,6,5,NA,18.3395506858073,23.9966910467948
2017-06-06 12:00:00,2017,6,6,NA,21.9253138078213,23.6023491824217
2017-06-07 12:00:00,2017,6,7,NA,16.8454024585611,26.1119269676038
2017-06-08 12:00:00,2017,6,8,NA,15.2969256688942,21.3600190203925
2017-06-09 12:00:00,2017,6,9,NA,12.8957871998862,25.2574441974294
2017-06-10 12:00:00,2017,6,10,NA,17.9077049961785,22.9431275937457
2017-06-11 12:00:00,2017,6,11,NA,13.8865616875558,25.5793657907821
2017-06-12 12:00:00,2017,6,12,NA,16.2797776231367,26.4426106318838
2017-06-13 12:00:00,2017,6,13,NA,16.5601918283884,25.0040338720149
2017-06-14 12:00:00,2017,6,14,NA,17.5443430702114,19.549406557243
2017-06-15 12:00:00,2017,6,15,NA,11.063058763105,25.6548994439773
2017-06-16 12:00:00,2017,6,16,NA,19.9738112525333,29.3978971428947
2017-06-17 12:00:00,2017,6,17,NA,18.8607260639835,24.0967559080977
2017-06-18 12:00:00,2017,6,18,NA,18.3685635710796,29.8623875288267
2017-06-19 12:00:00,2017,6,19,NA,18.3224538707971,32.4630181251715
2017-06-20 12:00:00,2017,6,20,NA,20.0429717496797,33.6026666489177
2017-06-21 12:00:00,2017,6,21,NA,19.8580720894085,34.7697051187955
2017-06-22 12:00:00,2017,6,22,NA,21.2509723926472,33.6064227733324
2017-06-23 12:00:00,2017,6,23,NA,23.5221105921916,28.526907182729
2017-06-24 12:00:00,2017,6,24,NA,23.3015497791315,26.5410576481748
2017-06-25 12:00:00,2017,6,25,NA,22.9286439530806,28.9925178905545
2017-06-26 12:00:00,2017,6,26,NA,22.8452778007715,34.5211642498342
2017-06-27 12:00:00,2017,6,27,NA,26.9186127386866,30.8358308515974
2017-06-28 12:00:00,2017,6,28,NA,22.3857351949389,33.1724247560191
2017-06-29 12:00:00,2017,6,29,NA,22.3983786800401,33.081189117315
2017-06-30 12:00:00,2017,6,30,NA,21.2083012876126,32.6720099649117
2017-07-01 12:00:00,2017,7,1,NA,20.5490094478556,26.7770753632008
2017-07-02 12:00:00,2017,7,2,NA,23.6428389483714,26.5270896057438
2017-07-03 12:00:00,2017,7,3,NA,21.8635102592138,29.9631619807697
2017-07-04 12:00:00,2017,7,4,NA,22.7965247032954,32.6439820621434
2017-07-05 12:00:00,2017,7,5,NA,21.9461273074837,30.8651950609565
2017-07-06 12:00:00,2017,7,6,NA,23.7082446523274,30.3108014099859
2017-07-07 12:00:00,2017,7,7,NA,21.5063565001381,27.0726307803103
2017-07-08 12:00:00,2017,7,8,NA,22.7160496440221,26.318408918121
2017-07-09 12:00:00,2017,7,9,NA,21.4117148106329,31.0792545832633
2017-07-10 12:00:00,2017,7,10,NA,23.9061539337967,32.2466289527836
2017-07-11 12:00:00,2017,7,11,NA,19.6982649642731,26.8668597966239
2017-07-12 12:00:00,2017,7,12,NA,21.6657477264311,32.6471916494739
2017-07-13 12:00:00,2017,7,13,NA,23.3587895177916,32.8105119906783
2017-07-14 12:00:00,2017,7,14,NA,24.5098753494386,32.6132427245091
2017-07-15 12:00:00,2017,7,15,NA,23.3888960389854,31.827117795337
2017-07-16 12:00:00,2017,7,16,NA,24.5471116099457,31.8783863803993
2017-07-17 12:00:00,2017,7,17,NA,24.0231740034909,31.8866433451619
2017-07-18 12:00:00,2017,7,18,NA,25.1309971441231,33.8863185573218
2017-07-19 12:00:00,2017,7,19,NA,24.8361336254932,30.3403903128863
2017-07-20 12:00:00,2017,7,20,NA,24.7495988625119,34.6546844494232
2017-07-21 12:00:00,2017,7,21,NA,25.5861609464274,31.533067653386
2017-07-22 12:00:00,2017,7,22,NA,25.0074743296273,34.7504030308192
2017-07-23 12:00:00,2017,7,23,NA,21.1268329518591,31.681028536406
2017-07-24 12:00:00,2017,7,24,NA,21.7622362809709,30.9665202499974
2017-07-25 12:00:00,2017,7,25,NA,25.8122781382458,33.1756825587706
2017-07-26 12:00:00,2017,7,26,NA,26.2233678268803,31.9661974499859
2017-07-27 12:00:00,2017,7,27,NA,25.1232130836584,27.8378234139785
2017-07-28 12:00:00,2017,7,28,NA,23.9434130952941,25.6220233523678
2017-07-29 12:00:00,2017,7,29,NA,21.5434034790623,23.535063710326
2017-07-30 12:00:00,2017,7,30,NA,22.9187760519603,29.3075086465846
2017-07-31 12:00:00,2017,7,31,NA,23.5045348928218,32.2583572943741
2017-08-01 12:00:00,2017,8,1,NA,25.803214450223,32.4345657177957
2017-08-02 12:00:00,2017,8,2,NA,24.4949066707735,28.25585303449
2017-08-03 12:00:00,2017,8,3,NA,23.4851106996588,32.1438342587069
2017-08-04 12:00:00,2017,8,4,NA,22.4658527303959,31.1393153569521
2017-08-05 12:00:00,2017,8,5,NA,22.2302488774611,32.6536424429871
2017-08-06 12:00:00,2017,8,6,NA,22.2332352829053,34.2516379731172
2017-08-07 12:00:00,2017,8,7,NA,24.7374222813048,36.0840114327827
2017-08-08 12:00:00,2017,8,8,NA,25.151723152708,35.0279110678059
2017-08-09 12:00:00,2017,8,9,NA,28.6278922221182,34.6632878824067
2017-08-10 12:00:00,2017,8,10,NA,27.7756733759932,34.3014355840658
2017-08-11 12:00:00,2017,8,11,NA,24.2761090204059,30.0339390731819
2017-08-12 12:00:00,2017,8,12,NA,22.5214980755535,30.6460882127131
2017-08-13 12:00:00,2017,8,13,NA,22.9392289220697,32.5448465450254
2017-08-14 12:00:00,2017,8,14,NA,22.6800236748634,31.8569372625571
2017-08-15 12:00:00,2017,8,15,NA,24.9889078820196,34.2368933108574
2017-08-16 12:00:00,2017,8,16,NA,26.5663417442165,34.2415170872927
2017-08-17 12:00:00,2017,8,17,NA,25.3239155295547,33.0032832666807
2017-08-18 12:00:00,2017,8,18,NA,26.5282130160333,33.3553069845468
2017-08-19 12:00:00,2017,8,19,NA,26.7414070167322,35.5700625934643
2017-08-20 12:00:00,2017,8,20,NA,23.1025061147599,33.6642416698471
2017-08-21 12:00:00,2017,8,21,NA,24.2811403713464,33.7789607661586
2017-08-22 12:00:00,2017,8,22,NA,22.2828545088965,35.7423205330726
2017-08-23 12:00:00,2017,8,23,NA,22.4879791366976,35.9474451608737
2017-08-24 12:00:00,2017,8,24,NA,22.3246686607889,32.8879319956988
2017-08-25 12:00:00,2017,8,25,NA,22.36344642022,31.1773943332615
2017-08-26 12:00:00,2017,8,26,NA,23.6377499505739,33.1598950524037
2017-08-27 12:00:00,2017,8,27,NA,23.9683024096658,29.6406884387234
2017-08-28 12:00:00,2017,8,28,NA,23.0580797313118,28.5657588623618
2017-08-29 12:00:00,2017,8,29,NA,22.1012402434168,29.9026169514439
2017-08-30 12:00:00,2017,8,30,NA,21.5827998339221,31.8929047543273
2017-08-31 12:00:00,2017,8,31,NA,21.7062477959801,33.096923489446
2017-09-01 12:00:00,2017,9,1,NA,21.0959856045475,31.1016603166549
2017-09-02 12:00:00,2017,9,2,NA,23.0832067421873,31.2803622791359
2017-09-03 12:00:00,2017,9,3,NA,19.8146214891596,31.3758523417153
2017-09-04 12:00:00,2017,9,4,NA,19.9006136827309,32.3529750924211
2017-09-05 12:00:00,2017,9,5,NA,21.2113077264749,31.2840432594764
2017-09-06 12:00:00,2017,9,6,NA,21.3181536013132,31.5208332441183
2017-09-07 12:00:00,2017,9,7,NA,22.3931072971233,27.7783834174914
2017-09-08 12:00:00,2017,9,8,NA,21.7119047539334,28.5918493367441
2017-09-09 12:00:00,2017,9,9,NA,19.581177589571,25.3492363490987
2017-09-10 12:00:00,2017,9,10,NA,19.8682470506073,26.2144388811427
2017-09-11 12:00:00,2017,9,11,NA,17.9504190014986,29.3658401524965
2017-09-12 12:00:00,2017,9,12,NA,19.2498093287738,29.067438319398
2017-09-13 12:00:00,2017,9,13,NA,18.4257078094878,29.9645556085261
2017-09-14 12:00:00,2017,9,14,NA,18.7782071476813,31.248469575357
2017-09-15 12:00:00,2017,9,15,NA,18.5157146735187,28.4871683590348
2017-09-16 12:00:00,2017,9,16,NA,16.2102777980834,29.5436645437088
2017-09-17 12:00:00,2017,9,17,NA,18.4802967058626,30.949705590372
2017-09-18 12:00:00,2017,9,18,NA,15.7312084840857,30.0323766147188
2017-09-19 12:00:00,2017,9,19,NA,17.873472066734,28.9803938512586
2017-09-20 12:00:00,2017,9,20,NA,20.1252122430732,28.2996971740257
2017-09-21 12:00:00,2017,9,21,NA,18.5909340287575,30.9557572839665
2017-09-22 12:00:00,2017,9,22,NA,18.2894767827678,27.8719178256513
2017-09-23 12:00:00,2017,9,23,NA,14.9803276688734,19.6801656958114
2017-09-24 12:00:00,2017,9,24,NA,12.9662560049188,22.5486970478023
2017-09-25 12:00:00,2017,9,25,NA,15.2636026290122,25.8118936803625
2017-09-26 12:00:00,2017,9,26,NA,14.7808827273204,25.2446455801817
2017-09-27 12:00:00,2017,9,27,NA,13.8441408299499,25.3529640249386
2017-09-28 12:00:00,2017,9,28,NA,12.9098165079405,23.7568521763382
2017-09-29 12:00:00,2017,9,29,NA,14.4001210853736,25.8380349880404
2017-09-30 12:00:00,2017,9,30,NA,19.3147382845721,23.6454425489325
2017-10-01 12:00:00,2017,10,1,NA,16.3350805733645,25.6163628770262
2017-10-02 12:00:00,2017,10,2,NA,18.026239298313,30.4965017259886
2017-10-03 12:00:00,2017,10,3,NA,15.1051531068234,31.875584021654
2017-10-04 12:00:00,2017,10,4,NA,16.273772700324,28.8301319209593
2017-10-05 12:00:00,2017,10,5,NA,17.6378596244653,26.2963109323614
2017-10-06 12:00:00,2017,10,6,NA,14.8717765020165,26.9909754285466
2017-10-07 12:00:00,2017,10,7,NA,14.1273371211234,25.3200177123464
2017-10-08 12:00:00,2017,10,8,NA,12.9390478225111,22.9415132439053
2017-10-09 12:00:00,2017,10,9,NA,13.1312494119081,24.0881814177209
2017-10-10 12:00:00,2017,10,10,NA,13.3762911509836,27.1741178399522
2017-10-11 12:00:00,2017,10,11,NA,13.528187042645,27.0277215709863
2017-10-12 12:00:00,2017,10,12,NA,13.792232568424,25.8536638707173
2017-10-13 12:00:00,2017,10,13,NA,13.3472355443309,27.1960965427061
2017-10-14 12:00:00,2017,10,14,NA,12.1985310928048,26.0344253920941
2017-10-15 12:00:00,2017,10,15,NA,13.3620735014792,26.500930705738
2017-10-16 12:00:00,2017,10,16,NA,15.4250748628501,23.9877532553247
2017-10-17 12:00:00,2017,10,17,NA,15.9051432719109,23.9079327490511
2017-10-18 12:00:00,2017,10,18,NA,14.8024791784976,24.2763283549208
2017-10-19 12:00:00,2017,10,19,NA,16.7114592142273,28.4157625055238
2017-10-20 12:00:00,2017,10,20,NA,12.8728075340637,26.9095898766438
2017-10-21 12:00:00,2017,10,21,NA,12.9274020825903,26.0715745862787
2017-10-22 12:00:00,2017,10,22,NA,10.2403376456514,24.1963315852233
2017-10-23 12:00:00,2017,10,23,NA,10.5127509094694,21.8757007829886
2017-10-24 12:00:00,2017,10,24,NA,11.1053462094744,23.0763807608365
2017-10-25 12:00:00,2017,10,25,NA,11.6330705061921,25.1718698243084
2017-10-26 12:00:00,2017,10,26,NA,11.3882597963524,25.5231419310938
2017-10-27 12:00:00,2017,10,27,NA,10.5651524489869,23.9443177838098
2017-10-28 12:00:00,2017,10,28,NA,10.1109347576567,25.4474405691409
2017-10-29 12:00:00,2017,10,29,NA,10.7027696358311,23.6333272013517
2017-10-30 12:00:00,2017,10,30,NA,11.4384480543228,24.3163595044214
2017-10-31 12:00:00,2017,10,31,NA,11.489144019929,24.0155757724688
2017-11-01 12:00:00,2017,11,1,NA,11.5471972225335,14.5716812500185
2017-11-02 12:00:00,2017,11,2,NA,9.18598845061181,17.7635103180035
2017-11-03 12:00:00,2017,11,3,NA,7.10670356773743,16.9315273168156
2017-11-04 12:00:00,2017,11,4,NA,14.0065953948186,17.0782995341858
2017-11-05 12:00:00,2017,11,5,NA,15.9513059547086,19.3981559318145
2017-11-06 12:00:00,2017,11,6,NA,10.2220201612413,14.6425234132593
2017-11-07 12:00:00,2017,11,7,NA,5.00440726519993,14.716942583469
2017-11-08 12:00:00,2017,11,8,NA,3.64048614125533,17.8438026573723
2017-11-09 12:00:00,2017,11,9,NA,4.46357804391632,16.9203242410039
2017-11-10 12:00:00,2017,11,10,NA,2.51862689810104,19.7143839117063
2017-11-11 12:00:00,2017,11,11,NA,4.63229383139292,21.836216127333
2017-11-12 12:00:00,2017,11,12,NA,5.13551575489038,21.5291078422983
2017-11-13 12:00:00,2017,11,13,NA,4.69395233351879,20.2193632747195
2017-11-14 12:00:00,2017,11,14,NA,5.87533483271465,20.8423452825801
2017-11-15 12:00:00,2017,11,15,NA,6.11362061221471,18.3727030766267
2017-11-16 12:00:00,2017,11,16,NA,5.26463309013866,18.4048566104957
2017-11-17 12:00:00,2017,11,17,NA,3.83694835595354,17.088397121021
2017-11-18 12:00:00,2017,11,18,NA,4.47795289016678,15.4485839249784
2017-11-19 12:00:00,2017,11,19,NA,4.75657987212228,11.687994437821
2017-11-20 12:00:00,2017,11,20,NA,4.64703113831608,7.75233216681854
2017-11-21 12:00:00,2017,11,21,NA,9.3129505167367,13.9619453727313
2017-11-22 12:00:00,2017,11,22,NA,4.63342550863232,17.6471405930921
2017-11-23 12:00:00,2017,11,23,NA,3.9181472191738,18.9120037684642
2017-11-24 12:00:00,2017,11,24,NA,3.30904175019519,16.5457292887171
2017-11-25 12:00:00,2017,11,25,NA,0.1673493220323,10.7030891625256
2017-11-26 12:00:00,2017,11,26,NA,0.301709259237653,15.6468835256367
2017-11-27 12:00:00,2017,11,27,NA,0.61177007954918,15.8046591799999
2017-11-28 12:00:00,2017,11,28,NA,0.341275885342041,10.8770157258353
2017-11-29 12:00:00,2017,11,29,NA,1.59116913604545,15.1589304182035
2017-11-30 12:00:00,2017,11,30,NA,0.690724111263261,17.5474917414511
2017-12-01 12:00:00,2017,12,1,NA,2.37350947234854,11.7945262280608
2017-12-02 12:00:00,2017,12,2,NA,2.8874576370587,14.2918721530061
2017-12-03 12:00:00,2017,12,3,NA,8.51950569874277,17.5114703074502
2017-12-04 12:00:00,2017,12,4,NA,3.00933314858427,14.9696600422568
2017-12-05 12:00:00,2017,12,5,NA,-1.44741061102825,16.1650008066222
2017-12-06 12:00:00,2017,12,6,NA,-0.543550676434349,13.9398194658076
2017-12-07 12:00:00,2017,12,7,NA,-1.29523980162118,2.97262957233067
2017-12-08 12:00:00,2017,12,8,NA,-3.31908888387853,2.74591278621889
2017-12-09 12:00:00,2017,12,9,NA,-4.77383798626494,6.16334735247229
2017-12-10 12:00:00,2017,12,10,NA,4.12207981372087,10.8379260389546
2017-12-11 12:00:00,2017,12,11,NA,3.29330144764027,10.2771757106687
2017-12-12 12:00:00,2017,12,12,NA,3.3945021554616,7.65926631174368
2017-12-13 12:00:00,2017,12,13,NA,3.31062348451277,6.03612249740485
2017-12-14 12:00:00,2017,12,14,NA,1.14071009607886,5.38065524407037
2017-12-15 12:00:00,2017,12,15,NA,0.426359671683187,5.50525688702647
2017-12-16 12:00:00,2017,12,16,NA,-0.198539825686332,4.93634608711979
2017-12-17 12:00:00,2017,12,17,NA,0.14743091572551,12.1785817254924
2017-12-18 12:00:00,2017,12,18,NA,0.728062555766255,7.29535232014284
2017-12-19 12:00:00,2017,12,19,NA,1.41498789903687,6.78370536064198
2017-12-20 12:00:00,2017,12,20,NA,-0.822120760046026,8.67488128550557
2017-12-21 12:00:00,2017,12,21,NA,-2.15129485787011,3.00824308432174
2017-12-22 12:00:00,2017,12,22,NA,1.00276853794868,11.8748787639693
2017-12-23 12:00:00,2017,12,23,NA,2.40413664920302,10.3219230284533
2017-12-24 12:00:00,2017,12,24,NA,2.85006864292103,10.5493618066829
2017-12-25 12:00:00,2017,12,25,NA,1.50648204080277,9.63352900345127
2017-12-26 12:00:00,2017,12,26,NA,-0.729038918565404,10.603059224971
2017-12-27 12:00:00,2017,12,27,NA,0.933856001694493,10.9380168526473
2017-12-28 12:00:00,2017,12,28,NA,-0.646784364021043,7.5011890376608
2017-12-29 12:00:00,2017,12,29,NA,-2.44951526013035,9.67980894969377
2017-12-30 12:00:00,2017,12,30,NA,-1.99416703557264,11.3114563263799
2017-12-31 12:00:00,2017,12,31,NA,-0.526313222817267,6.28639930725184
2018-01-01 12:00:00,2018,1,1,NA,-1.12659450464986,5.94548475614977
2018-01-02 12:00:00,2018,1,2,NA,-4.21798582985029,4.96238585750885
2018-01-03 12:00:00,2018,1,3,NA,-10.8522024778237,-1.46263948676258
2018-01-04 12:00:00,2018,1,4,NA,-9.36254262081328,0.0944628383131967
2018-01-05 12:00:00,2018,1,5,NA,-8.14160520016512,-3.31528444126357
2018-01-06 12:00:00,2018,1,6,NA,-7.80185609835524,2.39150561678853
2018-01-07 12:00:00,2018,1,7,NA,-5.64461336864576,5.87848338024737
2018-01-08 12:00:00,2018,1,8,NA,-3.15579972514482,11.9922167056631
2018-01-09 12:00:00,2018,1,9,NA,4.4553028838557,16.0712124190014
2018-01-10 12:00:00,2018,1,10,NA,1.13592073392517,5.20606175524755
2018-01-11 12:00:00,2018,1,11,NA,-3.79531190478724,0.238392845884167
2018-01-12 12:00:00,2018,1,12,NA,-5.02525542352601,0.33670702434073
2018-01-13 12:00:00,2018,1,13,NA,-5.60521953589949,2.40396447510481
2018-01-14 12:00:00,2018,1,14,NA,-4.86858904212404,0.268076645510101
2018-01-15 12:00:00,2018,1,15,NA,-7.09778054343305,0.000418252357025306
2018-01-16 12:00:00,2018,1,16,NA,-12.3288095002273,-0.473639235517401
2018-01-17 12:00:00,2018,1,17,NA,-8.46252051226073,3.06168598839843
2018-01-18 12:00:00,2018,1,18,NA,-10.4817931567129,10.2344023609955
2018-01-19 12:00:00,2018,1,19,NA,-4.17713572857469,7.719012328809
2018-01-20 12:00:00,2018,1,20,NA,-0.00725447176810423,8.16273718083893
2018-01-21 12:00:00,2018,1,21,NA,-3.07152160929082,9.57361222913336
2018-01-22 12:00:00,2018,1,22,NA,-3.94575118300152,7.71027463371456
2018-01-23 12:00:00,2018,1,23,NA,-1.57657442676359,8.96270363877233
2018-01-24 12:00:00,2018,1,24,NA,-1.01096587140619,7.54708747325779
2018-01-25 12:00:00,2018,1,25,NA,-1.89773713844591,8.76211533977006
2018-01-26 12:00:00,2018,1,26,NA,5.22561785905748,8.74087172499108
2018-01-27 12:00:00,2018,1,27,NA,2.00501490202288,7.13985988980237
2018-01-28 12:00:00,2018,1,28,NA,0.0458591830881936,5.47907639627134
2018-01-29 12:00:00,2018,1,29,NA,-1.89598806358986,9.24062705006899
2018-01-30 12:00:00,2018,1,30,NA,-1.33488057348524,3.48521851650015
2018-01-31 12:00:00,2018,1,31,NA,-5.75045656638162,0.0935559401552997
2018-02-01 12:00:00,2018,2,1,NA,-5.99003636622068,1.24162131829303
2018-02-02 12:00:00,2018,2,2,NA,-4.06976161191405,3.86475133757575
2018-02-03 12:00:00,2018,2,3,NA,-4.463871828421,9.70293777044892
2018-02-04 12:00:00,2018,2,4,NA,-2.1106490364935,4.92062628726861
2018-02-05 12:00:00,2018,2,5,NA,-0.0832249613248788,12.4776987457372
2018-02-06 12:00:00,2018,2,6,NA,-1.70026231620702,11.7868936130494
2018-02-07 12:00:00,2018,2,7,NA,-0.1425258417967,12.3686291760631
2018-02-08 12:00:00,2018,2,8,NA,0.0285407378650833,12.5877137423678
2018-02-09 12:00:00,2018,2,9,NA,0.924762292636256,11.808118362957
2018-02-10 12:00:00,2018,2,10,NA,-0.175414633800241,13.6813795903556
2018-02-11 12:00:00,2018,2,11,NA,-0.999474056288571,9.4580398660573
2018-02-12 12:00:00,2018,2,12,NA,-4.21207117658544,8.36360498733059
2018-02-13 12:00:00,2018,2,13,NA,-2.61809935987221,12.5288037912817
2018-02-14 12:00:00,2018,2,14,NA,-0.912762033980961,12.3464782858796
2018-02-15 12:00:00,2018,2,15,NA,1.87954230173049,13.340578347794
2018-02-16 12:00:00,2018,2,16,NA,0.719730394712191,13.2061206071443
2018-02-17 12:00:00,2018,2,17,NA,3.21767072285594,18.7060142736418
2018-02-18 12:00:00,2018,2,18,NA,0.686422283766277,14.9756894004903
2018-02-19 12:00:00,2018,2,19,NA,1.66174137887298,13.6667712929244
2018-02-20 12:00:00,2018,2,20,NA,-7.10700431921746,7.69985075951031
2018-02-21 12:00:00,2018,2,21,NA,-4.41409274372149,8.84514757613905
2018-02-22 12:00:00,2018,2,22,NA,-2.81175229669066,9.74742070781208
2018-02-23 12:00:00,2018,2,23,NA,2.9538018739159,14.4817160815438
2018-02-24 12:00:00,2018,2,24,NA,2.28419011049685,13.0997665116592
2018-02-25 12:00:00,2018,2,25,NA,1.0812422876396,12.4888429117612
2018-02-26 12:00:00,2018,2,26,NA,2.35018311047686,10.7085788686301
2018-02-27 12:00:00,2018,2,27,NA,0.291611945227142,10.627705487616
2018-02-28 12:00:00,2018,2,28,NA,-1.02069267433555,11.347126442828
2018-03-01 12:00:00,2018,3,1,NA,1.4243037868841,16.0651855736696
2018-03-02 12:00:00,2018,3,2,NA,0.436215083907904,10.1049897633574
2018-03-03 12:00:00,2018,3,3,NA,-1.46982222092538,11.9981895266024
2018-03-04 12:00:00,2018,3,4,NA,-3.74486967077551,3.29182692648399
2018-03-05 12:00:00,2018,3,5,NA,-5.14787071180979,8.14207629898464
2018-03-06 12:00:00,2018,3,6,NA,-3.0547019564751,11.2307165761286
2018-03-07 12:00:00,2018,3,7,NA,-3.65800525058889,8.78972170204375
2018-03-08 12:00:00,2018,3,8,NA,-3.11849025844261,12.1436256261965
2018-03-09 12:00:00,2018,3,9,NA,-2.39598302198555,9.54180210555472
2018-03-10 12:00:00,2018,3,10,NA,-1.04327420767381,8.73458772060064
2018-03-11 12:00:00,2018,3,11,NA,-0.83183146683453,10.0986280941027
2018-03-12 12:00:00,2018,3,12,NA,-1.32211969712927,11.118687891109
2018-03-13 12:00:00,2018,3,13,NA,1.84915094723518,14.0033522294646
2018-03-14 12:00:00,2018,3,14,NA,2.5562278780569,14.808222754873
2018-03-15 12:00:00,2018,3,15,NA,-1.54761875009942,12.6161528694815
2018-03-16 12:00:00,2018,3,16,NA,-0.608378939282826,12.5557260456096
2018-03-17 12:00:00,2018,3,17,NA,0.571798466738952,13.1447412299374
2018-03-18 12:00:00,2018,3,18,NA,0.214383619627341,15.1144460098845
2018-03-19 12:00:00,2018,3,19,NA,0.417526248153067,15.106863871632
2018-03-20 12:00:00,2018,3,20,NA,4.72781558615038,14.916872827393
2018-03-21 12:00:00,2018,3,21,NA,7.98263295702543,10.9377388026762
2018-03-22 12:00:00,2018,3,22,NA,10.2515760946924,13.6600986754492
2018-03-23 12:00:00,2018,3,23,NA,9.05255363819941,16.5115373496575
2018-03-24 12:00:00,2018,3,24,NA,6.6791228273089,18.1536612297099
2018-03-25 12:00:00,2018,3,25,NA,6.95660241231118,22.1728882515245
2018-03-26 12:00:00,2018,3,26,NA,6.64449261174672,20.8834403419031
2018-03-27 12:00:00,2018,3,27,NA,5.46510046332175,15.6541577045644
2018-03-28 12:00:00,2018,3,28,NA,2.53737169039837,6.51203101651026
2018-03-29 12:00:00,2018,3,29,NA,0.392734072395444,11.2685399457085
2018-03-30 12:00:00,2018,3,30,NA,1.15459804212304,17.089722591513
2018-03-31 12:00:00,2018,3,31,NA,1.37888966699938,14.2462589565163
2018-04-01 12:00:00,2018,4,1,NA,2.73109906882471,15.8919324685007
2018-04-02 12:00:00,2018,4,2,NA,3.82993792422231,18.7875931260399
2018-04-03 12:00:00,2018,4,3,NA,5.05046453767408,21.9499746232199
2018-04-04 12:00:00,2018,4,4,NA,6.94955178483146,22.5421045716641
2018-04-05 12:00:00,2018,4,5,NA,4.83454327742413,22.0349800734642
2018-04-06 12:00:00,2018,4,6,NA,4.88141882892195,22.6856153223662
2018-04-07 12:00:00,2018,4,7,NA,5.38069901082467,20.5845093961244
2018-04-08 12:00:00,2018,4,8,NA,9.51220105501902,19.1280596893597
2018-04-09 12:00:00,2018,4,9,NA,7.72417482840849,18.5389246467307
2018-04-10 12:00:00,2018,4,10,NA,7.95053996072445,17.212930849916
2018-04-11 12:00:00,2018,4,11,NA,6.51084104564505,17.8785007623046
2018-04-12 12:00:00,2018,4,12,NA,7.00194621665346,19.047217627068
2018-04-13 12:00:00,2018,4,13,NA,9.4526595196118,21.506604245854
2018-04-14 12:00:00,2018,4,14,NA,9.12721893223114,23.658452120144
2018-04-15 12:00:00,2018,4,15,NA,8.80704558798854,20.2646095628604
2018-04-16 12:00:00,2018,4,16,NA,8.64655808371668,19.9796357078576
2018-04-17 12:00:00,2018,4,17,NA,9.98700783370332,19.1715095567292
2018-04-18 12:00:00,2018,4,18,NA,7.99097156200537,11.2486153132966
2018-04-19 12:00:00,2018,4,19,NA,5.29128557967995,14.0385124462121
2018-04-20 12:00:00,2018,4,20,NA,6.37848810066891,22.0479753078562
2018-04-21 12:00:00,2018,4,21,NA,8.97042116158744,23.8620392825586
2018-04-22 12:00:00,2018,4,22,NA,5.94741265741897,21.1910910523854
2018-04-23 12:00:00,2018,4,23,NA,5.15358186002251,19.7840385659446
2018-04-24 12:00:00,2018,4,24,NA,4.51607027143009,22.3539047541339
2018-04-25 12:00:00,2018,4,25,NA,5.55966239765565,22.9696008749323
2018-04-26 12:00:00,2018,4,26,NA,5.12869784645333,23.8226276937845
2018-04-27 12:00:00,2018,4,27,NA,11.0907019956817,23.3617047439825
2018-04-28 12:00:00,2018,4,28,NA,12.6468905238825,27.1781237117953
2018-04-29 12:00:00,2018,4,29,NA,14.7022391098105,20.660522412613
2018-04-30 12:00:00,2018,4,30,NA,10.9457711606585,17.8756887537869
2018-05-01 12:00:00,2018,5,1,NA,8.92806966560745,18.8677251297872
2018-05-02 12:00:00,2018,5,2,NA,7.99371556878964,24.55046555209
2018-05-03 12:00:00,2018,5,3,NA,10.7396465946625,25.3049725948365
2018-05-04 12:00:00,2018,5,4,NA,13.3384994270259,24.7105805555056
2018-05-05 12:00:00,2018,5,5,NA,10.4796665923728,13.8863116368396
2018-05-06 12:00:00,2018,5,6,NA,5.7305903977355,20.7231888156367
2018-05-07 12:00:00,2018,5,7,NA,7.33456942462291,23.2410823108613
2018-05-08 12:00:00,2018,5,8,NA,8.70529906823294,22.4042277281258
2018-05-09 12:00:00,2018,5,9,NA,9.76606444505546,24.1559785330978
2018-05-10 12:00:00,2018,5,10,NA,10.7930270129807,25.5883940457264
2018-05-11 12:00:00,2018,5,11,NA,14.2006280673286,26.0333131315351
2018-05-12 12:00:00,2018,5,12,NA,14.5451990302944,31.2131237257674
2018-05-13 12:00:00,2018,5,13,NA,18.2456270461219,25.098868536671
2018-05-14 12:00:00,2018,5,14,NA,15.1447859683737,25.9773319207811
2018-05-15 12:00:00,2018,5,15,NA,13.0767189395521,20.5312387429958
2018-05-16 12:00:00,2018,5,16,NA,11.9373397928429,19.7784849690122
2018-05-17 12:00:00,2018,5,17,NA,11.4520443996597,23.2847294638662
2018-05-18 12:00:00,2018,5,18,NA,13.0772036017562,22.9338105034834
2018-05-19 12:00:00,2018,5,19,NA,13.5715909607914,28.4320392892759
2018-05-20 12:00:00,2018,5,20,NA,13.3192748251183,28.0055624731941
2018-05-21 12:00:00,2018,5,21,NA,8.69018051540979,23.3769184366499
2018-05-22 12:00:00,2018,5,22,NA,12.1916481349357,19.5325237830085
2018-05-23 12:00:00,2018,5,23,NA,12.7488799476745,19.1179779355532
2018-05-24 12:00:00,2018,5,24,NA,10.7015508256866,24.4913195537193
2018-05-25 12:00:00,2018,5,25,NA,9.95680110697448,24.9802478624381
2018-05-26 12:00:00,2018,5,26,NA,15.4539699463211,21.4014035895487
2018-05-27 12:00:00,2018,5,27,NA,12.9384259223354,24.6801378018772
2018-05-28 12:00:00,2018,5,28,NA,13.1820017100423,28.3190770669913
2018-05-29 12:00:00,2018,5,29,NA,13.0118941779779,29.7692779662915
2018-05-30 12:00:00,2018,5,30,NA,15.2324922826329,29.217020892953
2018-05-31 12:00:00,2018,5,31,NA,14.628479388761,26.743084098834
2018-06-01 12:00:00,2018,6,1,NA,14.2892198219524,25.0539362820489
2018-06-02 12:00:00,2018,6,2,NA,14.7941683844939,31.1880792256701
2018-06-03 12:00:00,2018,6,3,NA,16.3115768673716,32.8968446045474
2018-06-04 12:00:00,2018,6,4,NA,21.8334739203626,28.7237312165615
2018-06-05 12:00:00,2018,6,5,NA,19.6420170680045,29.5655600296328
2018-06-06 12:00:00,2018,6,6,NA,23.6331946657169,26.54058379194
2018-06-07 12:00:00,2018,6,7,NA,21.104700048519,27.770431698517
2018-06-08 12:00:00,2018,6,8,NA,24.7025374717673,26.5982442572649
2018-06-09 12:00:00,2018,6,9,NA,19.7574349600691,24.7670547272042
2018-06-10 12:00:00,2018,6,10,NA,20.0917578447209,27.162424089035
2018-06-11 12:00:00,2018,6,11,NA,20.4492121093237,24.9516380817398
2018-06-12 12:00:00,2018,6,12,NA,21.1145341270695,28.1304883911964
2018-06-13 12:00:00,2018,6,13,NA,20.9941641476332,28.3180362921344
2018-06-14 12:00:00,2018,6,14,NA,19.3750862158549,31.2354524074176
2018-06-15 12:00:00,2018,6,15,NA,18.6199651861794,33.7676706613991
2018-06-16 12:00:00,2018,6,16,NA,20.1486279184075,34.27280649879
2018-06-17 12:00:00,2018,6,17,NA,19.6190507817799,33.027393580225
2018-06-18 12:00:00,2018,6,18,NA,21.4763112728512,33.4369067913267
2018-06-19 12:00:00,2018,6,19,NA,20.8597842321177,34.2744268793807
2018-06-20 12:00:00,2018,6,20,NA,22.4981655831219,24.7316377084699
2018-06-21 12:00:00,2018,6,21,NA,17.8923730443334,31.7789573068144
2018-06-22 12:00:00,2018,6,22,NA,19.4103713083624,33.0555541774081
2018-06-23 12:00:00,2018,6,23,NA,20.3936524456563,29.4091535521756
2018-06-24 12:00:00,2018,6,24,NA,20.6827817073986,30.1279163696289
2018-06-25 12:00:00,2018,6,25,NA,20.2174626584171,32.1698149327753
2018-06-26 12:00:00,2018,6,26,NA,20.4015974093183,26.8543220485381
2018-06-27 12:00:00,2018,6,27,NA,16.3018567758429,25.3196336603936
2018-06-28 12:00:00,2018,6,28,NA,14.9641647281514,29.4709717231182
2018-06-29 12:00:00,2018,6,29,NA,14.5272641839813,30.5565728971717
2018-06-30 12:00:00,2018,6,30,NA,14.3262490761459,32.4118008849956
2018-07-01 12:00:00,2018,7,1,NA,18.6744002789144,30.7873033944228
2018-07-02 12:00:00,2018,7,2,NA,19.2787861648396,29.4416191735867
2018-07-03 12:00:00,2018,7,3,NA,21.1779620859248,28.0627273887232
2018-07-04 12:00:00,2018,7,4,NA,20.3898919903118,24.9804843447851
2018-07-05 12:00:00,2018,7,5,NA,20.1864639321987,29.4142748701403
2018-07-06 12:00:00,2018,7,6,NA,17.5181418509959,28.1625154054696
2018-07-07 12:00:00,2018,7,7,NA,15.3410812682644,30.201758726403
2018-07-08 12:00:00,2018,7,8,NA,20.1898892014074,26.3549438216791
2018-07-09 12:00:00,2018,7,9,NA,21.4989228404518,27.8414759769861
2018-07-10 12:00:00,2018,7,10,NA,23.2104164374153,26.29513239694
2018-07-11 12:00:00,2018,7,11,NA,23.1953899774519,30.1722077674509
2018-07-12 12:00:00,2018,7,12,NA,25.509584725674,32.386988651274
2018-07-13 12:00:00,2018,7,13,NA,24.7984770955147,34.5165763017864
2018-07-14 12:00:00,2018,7,14,NA,25.1489313759575,34.8918600771494
2018-07-15 12:00:00,2018,7,15,NA,24.3230844763075,32.899604309038
2018-07-16 12:00:00,2018,7,16,NA,21.0888430913975,25.9260837674256
2018-07-17 12:00:00,2018,7,17,NA,20.6303730071082,28.8620820283773
2018-07-18 12:00:00,2018,7,18,NA,23.424422784347,29.393785465672
2018-07-19 12:00:00,2018,7,19,NA,22.0092417965686,26.7943405256538
2018-07-20 12:00:00,2018,7,20,NA,21.4483184190261,30.2614184773206
2018-07-21 12:00:00,2018,7,21,NA,21.628327760441,33.3809801129978
2018-07-22 12:00:00,2018,7,22,NA,23.4218100600705,33.9477757719731
2018-07-23 12:00:00,2018,7,23,NA,23.6278287824312,34.3221589947302
2018-07-24 12:00:00,2018,7,24,NA,24.8705768610184,34.540965179683
2018-07-25 12:00:00,2018,7,25,NA,24.3542317850886,34.3795898120447
2018-07-26 12:00:00,2018,7,26,NA,25.7686351956905,34.9964461336322
2018-07-27 12:00:00,2018,7,27,NA,27.23535629292,34.1711240959574
2018-07-28 12:00:00,2018,7,28,NA,25.9401192095765,33.0498917381102
2018-07-29 12:00:00,2018,7,29,NA,28.070255606964,33.7994025458919
2018-07-30 12:00:00,2018,7,30,NA,26.9960439399834,33.007441361783
2018-07-31 12:00:00,2018,7,31,NA,24.9205283248809,29.8178560724709
2018-08-01 12:00:00,2018,8,1,NA,25.6737454219565,31.2625510517417
2018-08-02 12:00:00,2018,8,2,NA,24.4697094315384,31.7344700317486
2018-08-03 12:00:00,2018,8,3,NA,25.6655425940633,31.4267398131436
2018-08-04 12:00:00,2018,8,4,NA,25.0876544365525,33.2689429136628
2018-08-05 12:00:00,2018,8,5,NA,24.2545872153859,34.8219683610691
2018-08-06 12:00:00,2018,8,6,NA,24.9948948980194,35.1018115905514
2018-08-07 12:00:00,2018,8,7,NA,25.5864221915132,33.2683279712351
2018-08-08 12:00:00,2018,8,8,NA,25.0980265032439,33.8635879754401
2018-08-09 12:00:00,2018,8,9,NA,24.4663015844829,34.931181950252
2018-08-10 12:00:00,2018,8,10,NA,22.7368204091781,28.8790104236145
2018-08-11 12:00:00,2018,8,11,NA,23.4039994231814,30.5230471249302
2018-08-12 12:00:00,2018,8,12,NA,22.1849818615271,31.5995434958006
2018-08-13 12:00:00,2018,8,13,NA,22.6440421434166,30.3218529930138
2018-08-14 12:00:00,2018,8,14,NA,23.9731780337323,34.5491191501821
2018-08-15 12:00:00,2018,8,15,NA,25.46402669565,34.1072559712943
2018-08-16 12:00:00,2018,8,16,NA,24.328339930862,34.8921937315657
2018-08-17 12:00:00,2018,8,17,NA,25.8150084533416,29.6596718836199
2018-08-18 12:00:00,2018,8,18,NA,25.1548807294532,33.9052537188966
2018-08-19 12:00:00,2018,8,19,NA,25.9425161341012,35.2496004238551
2018-08-20 12:00:00,2018,8,20,NA,26.2306272780338,33.1253607291129
2018-08-21 12:00:00,2018,8,21,NA,25.7724535203725,29.5695122732739
2018-08-22 12:00:00,2018,8,22,NA,22.567033856089,25.6113833684473
2018-08-23 12:00:00,2018,8,23,NA,22.9120415609025,29.5275357282338
2018-08-24 12:00:00,2018,8,24,NA,22.4588680807944,31.513266160931
2018-08-25 12:00:00,2018,8,25,NA,24.1423231248154,31.6464490777592
2018-08-26 12:00:00,2018,8,26,NA,22.3315767965251,31.4761314191903
2018-08-27 12:00:00,2018,8,27,NA,23.1288213228579,31.6376988600086
2018-08-28 12:00:00,2018,8,28,NA,22.9547922125091,33.4823893898919
2018-08-29 12:00:00,2018,8,29,NA,21.231997584712,28.3345297018111
2018-08-30 12:00:00,2018,8,30,NA,20.9609749946512,29.9380414696961
2018-08-31 12:00:00,2018,8,31,NA,19.3772650480735,26.1150653082249
2018-09-01 12:00:00,2018,9,1,NA,20.7054769387283,27.5375922216231
2018-09-02 12:00:00,2018,9,2,NA,21.1217555856131,29.3429994866548
2018-09-03 12:00:00,2018,9,3,NA,20.4048454506014,28.7751047785634
2018-09-04 12:00:00,2018,9,4,NA,23.2078176028082,31.8387080524101
2018-09-05 12:00:00,2018,9,5,NA,21.5220499505852,31.8376474035742
2018-09-06 12:00:00,2018,9,6,NA,18.9839699816873,28.8742930722015
2018-09-07 12:00:00,2018,9,7,NA,20.3588970189091,26.9813181311796
2018-09-08 12:00:00,2018,9,8,NA,18.3538479654089,31.2109085161221
2018-09-09 12:00:00,2018,9,9,NA,21.3969905362373,29.6293164870404
2018-09-10 12:00:00,2018,9,10,NA,21.6359934281306,30.3909022065815
2018-09-11 12:00:00,2018,9,11,NA,23.5507336667627,29.3164490355555
2018-09-12 12:00:00,2018,9,12,NA,25.6115402926736,27.4255852442604
2018-09-13 12:00:00,2018,9,13,NA,19.2970775656057,21.9131132970599
2018-09-14 12:00:00,2018,9,14,NA,18.1221774737407,28.2149909679456
2018-09-15 12:00:00,2018,9,15,NA,16.8407265202599,29.9165093058381
2018-09-16 12:00:00,2018,9,16,NA,17.23100656604,32.6765744480824
2018-09-17 12:00:00,2018,9,17,NA,17.5786164760011,31.9699635168254
2018-09-18 12:00:00,2018,9,18,NA,19.8936018911008,30.4381193971861
2018-09-19 12:00:00,2018,9,19,NA,21.2047991012237,33.6991326018763
2018-09-20 12:00:00,2018,9,20,NA,21.9480821645011,31.573004429561
2018-09-21 12:00:00,2018,9,21,NA,22.1095161601661,26.5464286472276
2018-09-22 12:00:00,2018,9,22,NA,19.0663207512429,28.3476030549046
2018-09-23 12:00:00,2018,9,23,NA,19.4280579339211,24.0239658813375
2018-09-24 12:00:00,2018,9,24,NA,13.3474766794668,21.8925746767008
2018-09-25 12:00:00,2018,9,25,NA,12.5242124147906,23.6686909710606
2018-09-26 12:00:00,2018,9,26,NA,11.4201464793855,26.3121628502005
2018-09-27 12:00:00,2018,9,27,NA,12.9836965654309,23.0740117234639
2018-09-28 12:00:00,2018,9,28,NA,11.5277528899199,22.2587914589156
2018-09-29 12:00:00,2018,9,29,NA,12.0711900112914,24.2758990154346
2018-09-30 12:00:00,2018,9,30,NA,14.4358066272539,24.3261297177681
2018-10-01 12:00:00,2018,10,1,NA,15.3675278675443,26.1038919098444
2018-10-02 12:00:00,2018,10,2,NA,15.2767930569954,24.8590244397811
2018-10-03 12:00:00,2018,10,3,NA,12.5476383944067,27.7082802289042
2018-10-04 12:00:00,2018,10,4,NA,10.6821137718732,22.353849345368
2018-10-05 12:00:00,2018,10,5,NA,11.1125871735481,19.4507713253245
2018-10-06 12:00:00,2018,10,6,NA,11.0865482387387,19.7931845381057
2018-10-07 12:00:00,2018,10,7,NA,10.3286199494131,23.7616322453872
2018-10-08 12:00:00,2018,10,8,NA,12.7520020912664,26.8383931846146
2018-10-09 12:00:00,2018,10,9,NA,11.8508572743593,23.3480040030888
2018-10-10 12:00:00,2018,10,10,NA,15.6465027428938,27.2096200791138
2018-10-11 12:00:00,2018,10,11,NA,14.7261711353065,23.6296490001451
2018-10-12 12:00:00,2018,10,12,NA,13.8694838649128,25.5081660709804
2018-10-13 12:00:00,2018,10,13,NA,14.1714858393357,23.7495757471445
2018-10-14 12:00:00,2018,10,14,NA,12.9029718926943,20.5673674178553
2018-10-15 12:00:00,2018,10,15,NA,15.4674003637256,25.2502810627558
2018-10-16 12:00:00,2018,10,16,NA,16.0774166775428,21.2496636282683
2018-10-17 12:00:00,2018,10,17,NA,13.4014397061365,23.1325257576706
2018-10-18 12:00:00,2018,10,18,NA,13.0013797779397,25.3882032756076
2018-10-19 12:00:00,2018,10,19,NA,13.2843489812685,26.093569471735
2018-10-20 12:00:00,2018,10,20,NA,14.4817295827674,26.2195415249005
2018-10-21 12:00:00,2018,10,21,NA,12.060482782123,26.2761872903753
2018-10-22 12:00:00,2018,10,22,NA,13.922429260279,25.6696035910862
2018-10-23 12:00:00,2018,10,23,NA,14.5244118882159,25.9816470317744
2018-10-24 12:00:00,2018,10,24,NA,15.3953119874799,24.3823249243098
2018-10-25 12:00:00,2018,10,25,NA,12.7191757662647,25.2342524537394
2018-10-26 12:00:00,2018,10,26,NA,14.0410271281626,18.1271664533643
2018-10-27 12:00:00,2018,10,27,NA,10.6510070732287,19.4088733054434
2018-10-28 12:00:00,2018,10,28,NA,9.53352248050894,19.1797409290002
2018-10-29 12:00:00,2018,10,29,NA,8.83314116823894,20.754624002788
2018-10-30 12:00:00,2018,10,30,NA,10.882934680363,14.6128695885896
2018-10-31 12:00:00,2018,10,31,NA,6.95187712612894,18.689689068262
2018-11-01 12:00:00,2018,11,1,NA,7.06408706679781,16.3469455715533
2018-11-02 12:00:00,2018,11,2,NA,5.83472488803586,15.617605587066
2018-11-03 12:00:00,2018,11,3,NA,4.68387000032588,18.1033247855251
2018-11-04 12:00:00,2018,11,4,NA,8.93067301731887,14.7195980637237
2018-11-05 12:00:00,2018,11,5,NA,9.06740510279731,16.9248880586001
2018-11-06 12:00:00,2018,11,6,NA,8.99505452951242,20.5743632873907
2018-11-07 12:00:00,2018,11,7,NA,14.8549522820058,17.9525194866252
2018-11-08 12:00:00,2018,11,8,NA,14.4689067563451,20.8009165303332
2018-11-09 12:00:00,2018,11,9,NA,6.61751220688407,17.3525900392706
2018-11-10 12:00:00,2018,11,10,NA,4.66380301805366,18.839598267524
2018-11-11 12:00:00,2018,11,11,NA,6.66270153120681,22.597789842802
2018-11-12 12:00:00,2018,11,12,NA,6.97683575481095,18.7032810872382
2018-11-13 12:00:00,2018,11,13,NA,8.26160346692339,17.0632562308484
2018-11-14 12:00:00,2018,11,14,NA,8.11250915525665,16.6050519933591
2018-11-15 12:00:00,2018,11,15,NA,5.98762357139938,16.6399221739929
2018-11-16 12:00:00,2018,11,16,NA,4.14001614089122,18.7297496674826
2018-11-17 12:00:00,2018,11,17,NA,4.01489832966071,18.6170290159743
2018-11-18 12:00:00,2018,11,18,NA,3.70056024598671,12.3830677418488
2018-11-19 12:00:00,2018,11,19,NA,0.634373033525688,14.145123436379
2018-11-20 12:00:00,2018,11,20,NA,-2.13095143769235,15.2499581577212
2018-11-21 12:00:00,2018,11,21,NA,-1.47195792010866,17.2502648568337
2018-11-22 12:00:00,2018,11,22,NA,0.592184949004497,15.1646330700377
2018-11-23 12:00:00,2018,11,23,NA,0.466576574137535,9.5635222549682
2018-11-24 12:00:00,2018,11,24,NA,2.86877446599016,15.6372247280475
2018-11-25 12:00:00,2018,11,25,NA,2.39112513830782,16.736313994322
2018-11-26 12:00:00,2018,11,26,NA,3.41792974136533,15.8344162716694
2018-11-27 12:00:00,2018,11,27,NA,4.61322744530882,19.1265905801142
2018-11-28 12:00:00,2018,11,28,NA,6.60233320771684,19.0420883096109
2018-11-29 12:00:00,2018,11,29,NA,4.36298802924315,20.0569162174133
2018-11-30 12:00:00,2018,11,30,NA,0.810003224251949,17.5198976911423
2018-12-01 12:00:00,2018,12,1,NA,2.98462811349344,12.6885523915704
2018-12-02 12:00:00,2018,12,2,NA,1.39621455951047,12.7997883850656
2018-12-03 12:00:00,2018,12,3,NA,2.70888005823374,11.8243113134573
2018-12-04 12:00:00,2018,12,4,NA,7.75704593944876,11.2732473207365
2018-12-05 12:00:00,2018,12,5,NA,2.16380299989655,6.21936277226046
2018-12-06 12:00:00,2018,12,6,NA,2.4746891628133,9.26145589951178
2018-12-07 12:00:00,2018,12,7,NA,10.5107522385362,15.5641851366594
2018-12-08 12:00:00,2018,12,8,NA,4.41830611216246,10.5101582029972
2018-12-09 12:00:00,2018,12,9,NA,1.17424622296517,11.1487665704429
2018-12-10 12:00:00,2018,12,10,NA,-0.48983855924498,11.4043200884771
2018-12-11 12:00:00,2018,12,11,NA,3.48377224546638,15.4610366485378
2018-12-12 12:00:00,2018,12,12,NA,1.84258642358236,16.8767358800279
2018-12-13 12:00:00,2018,12,13,NA,2.99271768979517,14.2016915435009
2018-12-14 12:00:00,2018,12,14,NA,2.35818689283545,12.3209831477818
2018-12-15 12:00:00,2018,12,15,NA,1.51517400074422,8.92605458136699
2018-12-16 12:00:00,2018,12,16,NA,2.60837085997548,9.89946251204512
2018-12-17 12:00:00,2018,12,17,NA,2.50591094319826,11.6628071318406
2018-12-18 12:00:00,2018,12,18,NA,3.35867039302042,14.5918158204254
2018-12-19 12:00:00,2018,12,19,NA,0.879788650257041,11.7700845716659
2018-12-20 12:00:00,2018,12,20,NA,-0.340218510098974,11.7036752855101
2018-12-21 12:00:00,2018,12,21,NA,0.00586517601911529,7.92365155526939
2018-12-22 12:00:00,2018,12,22,NA,1.49216375179203,9.4099501310423
2018-12-23 12:00:00,2018,12,23,NA,3.7763185858654,10.9353904771702
2018-12-24 12:00:00,2018,12,24,NA,4.53460111432733,8.7404383850788
2018-12-25 12:00:00,2018,12,25,NA,10.9143364057321,14.6792366335376
2018-12-26 12:00:00,2018,12,26,NA,8.13753755681892,14.2199807624337
2018-12-27 12:00:00,2018,12,27,NA,4.63459846096663,12.5577794448252
2018-12-28 12:00:00,2018,12,28,NA,6.23766831465584,11.5315873196446
2018-12-29 12:00:00,2018,12,29,NA,-0.0244241324086527,9.09496570939078
2018-12-30 12:00:00,2018,12,30,NA,2.55726268890149,10.7052360905833
2018-12-31 12:00:00,2018,12,31,NA,0.458688167473677,7.27140069754279
2019-01-01 12:00:00,2019,1,1,NA,0.11893856771869,9.57867230593658
2019-01-02 12:00:00,2019,1,2,NA,-0.749764383668618,10.6582136619156
2019-01-03 12:00:00,2019,1,3,NA,-1.7243351679366,5.33599565945004
2019-01-04 12:00:00,2019,1,4,NA,-3.49059110093525,3.07342999103794
2019-01-05 12:00:00,2019,1,5,NA,-2.84777624284771,1.97232284713767
2019-01-06 12:00:00,2019,1,6,NA,-1.27674805938893,8.62741601992984
2019-01-07 12:00:00,2019,1,7,NA,-1.36760525390339,10.9294576232242
2019-01-08 12:00:00,2019,1,8,NA,-2.29848421736399,7.58647197413828
2019-01-09 12:00:00,2019,1,9,NA,4.47868352589387,12.3268861284784
2019-01-10 12:00:00,2019,1,10,NA,-3.69180751442829,3.83235950420711
2019-01-11 12:00:00,2019,1,11,NA,-5.04083912048732,7.2024915703861
2019-01-12 12:00:00,2019,1,12,NA,0.404250909084857,7.98379272538465
2019-01-13 12:00:00,2019,1,13,NA,-0.0327404079421756,10.1141831785587
2019-01-14 12:00:00,2019,1,14,NA,-0.125623411367754,9.67268032861059
2019-01-15 12:00:00,2019,1,15,NA,-1.02657260438129,6.50824153324316
2019-01-16 12:00:00,2019,1,16,NA,-2.18992256714043,4.99598988555256
2019-01-17 12:00:00,2019,1,17,NA,-1.21207514160383,6.84082596388851
2019-01-18 12:00:00,2019,1,18,NA,-1.93838521406578,7.91297592173601
2019-01-19 12:00:00,2019,1,19,NA,-3.37233537787449,8.91113080265071
2019-01-20 12:00:00,2019,1,20,NA,-4.56748831376441,2.63025231007762
2019-01-21 12:00:00,2019,1,21,NA,-4.81057467454066,5.51400896792869
2019-01-22 12:00:00,2019,1,22,NA,-2.52155954465839,3.31822302356929
2019-01-23 12:00:00,2019,1,23,NA,-2.84459636968555,3.7044042314628
2019-01-24 12:00:00,2019,1,24,NA,-5.30978644041713,4.84287330652272
2019-01-25 12:00:00,2019,1,25,NA,-3.6616275246481,5.23228515478425
2019-01-26 12:00:00,2019,1,26,NA,-0.148952337107407,5.92289149844843
2019-01-27 12:00:00,2019,1,27,NA,-0.458739260954288,6.1052818310189
2019-01-28 12:00:00,2019,1,28,NA,-0.688575081285517,6.33967718604403
2019-01-29 12:00:00,2019,1,29,NA,0.883970585558494,2.08290633955705
2019-01-30 12:00:00,2019,1,30,NA,-2.55653030902024,0.0926647996923682
2019-01-31 12:00:00,2019,1,31,NA,-4.62007100390007,0.543553510849196
2019-02-01 12:00:00,2019,2,1,NA,-4.73885135202156,4.67887742998157
2019-02-02 12:00:00,2019,2,2,NA,-5.94488030215777,5.87901717458992
2019-02-03 12:00:00,2019,2,3,NA,-3.17806594011534,7.2612698032003
2019-02-04 12:00:00,2019,2,4,NA,-2.32277462411086,8.11252465087801
2019-02-05 12:00:00,2019,2,5,NA,-0.976774386168488,8.71208844738935
2019-02-06 12:00:00,2019,2,6,NA,-1.20498792934628,14.0878714897444
2019-02-07 12:00:00,2019,2,7,NA,1.21501547471186,13.782744384879
2019-02-08 12:00:00,2019,2,8,NA,7.14145025537482,18.3782574949482
2019-02-09 12:00:00,2019,2,9,NA,6.59983879402489,16.1827066409629
2019-02-10 12:00:00,2019,2,10,NA,3.92646088027812,15.9164764902562
2019-02-11 12:00:00,2019,2,11,NA,2.27824812670541,12.6674336435063
2019-02-12 12:00:00,2019,2,12,NA,-0.84575272924527,6.58304984453092
2019-02-13 12:00:00,2019,2,13,NA,-5.67317653717364,9.30122416818642
2019-02-14 12:00:00,2019,2,14,NA,-4.47399591305201,7.32694803956578
2019-02-15 12:00:00,2019,2,15,NA,-4.56520905175137,6.68328139876559
2019-02-16 12:00:00,2019,2,16,NA,-1.18482922855205,8.14713236683099
2019-02-17 12:00:00,2019,2,17,NA,1.35605455495656,13.3726576542416
2019-02-18 12:00:00,2019,2,18,NA,0.854968671671195,13.4768497630909
2019-02-19 12:00:00,2019,2,19,NA,0.722900784030807,13.0907199011944
2019-02-20 12:00:00,2019,2,20,NA,0.729865510193606,14.5747047114791
2019-02-21 12:00:00,2019,2,21,NA,2.90072985463016,15.128629221317
2019-02-22 12:00:00,2019,2,22,NA,0.731791178474748,15.0120798476234
2019-02-23 12:00:00,2019,2,23,NA,4.02563962356882,10.4063438308733
2019-02-24 12:00:00,2019,2,24,NA,1.69264648423346,7.62829625470379
2019-02-25 12:00:00,2019,2,25,NA,-1.77673328764379,3.40332617814207
2019-02-26 12:00:00,2019,2,26,NA,-1.76321826239852,4.13854054502518
2019-02-27 12:00:00,2019,2,27,NA,1.16115795258233,5.99646291639221
2019-02-28 12:00:00,2019,2,28,NA,-2.6115511331228,4.70300730559716
2019-03-01 12:00:00,2019,3,1,NA,0.237579127000088,7.97902877349506
2019-03-02 12:00:00,2019,3,2,NA,1.72633878029317,14.130644241173
2019-03-03 12:00:00,2019,3,3,NA,6.04072507997526,11.6390714487487
2019-03-04 12:00:00,2019,3,4,NA,3.79000136913798,10.2011591111114
2019-03-05 12:00:00,2019,3,5,NA,0.562085224762747,7.73164063647855
2019-03-06 12:00:00,2019,3,6,NA,-0.0243173151715319,7.0481318831808
2019-03-07 12:00:00,2019,3,7,NA,-2.6163388125822,11.4481944476697
2019-03-08 12:00:00,2019,3,8,NA,-2.77247472276499,12.0943672023106
2019-03-09 12:00:00,2019,3,9,NA,-2.72260984227823,14.7670557517096
2019-03-10 12:00:00,2019,3,10,NA,0.11924817120993,13.8035081234426
2019-03-11 12:00:00,2019,3,11,NA,1.34388938443785,17.4939849557437
2019-03-12 12:00:00,2019,3,12,NA,4.08441992473993,18.7354452468448
2019-03-13 12:00:00,2019,3,13,NA,5.1370534290006,17.2927109141419
2019-03-14 12:00:00,2019,3,14,NA,7.54889885530394,18.4361656469975
2019-03-15 12:00:00,2019,3,15,NA,5.85656131241535,19.515485044304
2019-03-16 12:00:00,2019,3,16,NA,6.91553335206625,17.7913392253793
2019-03-17 12:00:00,2019,3,17,NA,13.5596680993245,23.6707536650466
2019-03-18 12:00:00,2019,3,18,NA,10.7979088469468,19.8112069731985
2019-03-19 12:00:00,2019,3,19,NA,7.34050319281324,20.8349994750835
2019-03-20 12:00:00,2019,3,20,NA,6.50925631597291,16.4197507512007
2019-03-21 12:00:00,2019,3,21,NA,5.66608781021632,14.6299518058475
2019-03-22 12:00:00,2019,3,22,NA,5.59026005723769,17.2654446875273
2019-03-23 12:00:00,2019,3,23,NA,4.08262462204813,17.7234915731277
2019-03-24 12:00:00,2019,3,24,NA,3.85771346721362,18.8785953973858
2019-03-25 12:00:00,2019,3,25,NA,5.22123252795324,19.1952208212281
2019-03-26 12:00:00,2019,3,26,NA,3.57073681011637,19.9887102281435
2019-03-27 12:00:00,2019,3,27,NA,6.43829356414519,19.5150886525411
2019-03-28 12:00:00,2019,3,28,NA,5.49309668225835,22.3921940543088
2019-03-29 12:00:00,2019,3,29,NA,11.0774879128365,24.7183548639161
2019-03-30 12:00:00,2019,3,30,NA,6.31436823546764,21.2898935681859
2019-03-31 12:00:00,2019,3,31,NA,9.04281798215251,16.6711791801124
2019-04-01 12:00:00,2019,4,1,NA,8.51066634643173,19.1956656452243
2019-04-02 12:00:00,2019,4,2,NA,11.939157231345,18.0639017858674
2019-04-03 12:00:00,2019,4,3,NA,13.2148834219705,21.5258935885673
2019-04-04 12:00:00,2019,4,4,NA,10.5900998369635,12.8347347860801
2019-04-05 12:00:00,2019,4,5,NA,6.83912333440505,10.4381956056169
2019-04-06 12:00:00,2019,4,6,NA,5.59484906868984,12.3707041793344
2019-04-07 12:00:00,2019,4,7,NA,4.10497687007033,16.0201080781313
2019-04-08 12:00:00,2019,4,8,NA,3.24671267157194,19.0081156405023
2019-04-09 12:00:00,2019,4,9,NA,8.07948832908792,14.0530679054386
2019-04-10 12:00:00,2019,4,10,NA,6.41822403428665,15.7777892863711
2019-04-11 12:00:00,2019,4,11,NA,2.8147234285464,10.7592908571078
2019-04-12 12:00:00,2019,4,12,NA,2.45437652323021,11.5603225349188
2019-04-13 12:00:00,2019,4,13,NA,2.12929890443547,16.3151848532027
2019-04-14 12:00:00,2019,4,14,NA,3.70638993040646,16.7551594240287
2019-04-15 12:00:00,2019,4,15,NA,4.09770278041429,18.2956059992682
2019-04-16 12:00:00,2019,4,16,NA,5.85328645386068,18.6387747902391
2019-04-17 12:00:00,2019,4,17,NA,9.28676955021824,12.8787650305412
2019-04-18 12:00:00,2019,4,18,NA,8.31008992280328,15.6786729617148
2019-04-19 12:00:00,2019,4,19,NA,11.4028833207589,15.3302244479248
2019-04-20 12:00:00,2019,4,20,NA,9.8047776035645,23.0528202311207
2019-04-21 12:00:00,2019,4,21,NA,9.56729414295919,27.5667045129151
2019-04-22 12:00:00,2019,4,22,NA,10.399384601089,27.9247948008017
2019-04-23 12:00:00,2019,4,23,NA,13.2444083199966,19.9107281396604
2019-04-24 12:00:00,2019,4,24,NA,14.4095573252591,19.3344380629349
2019-04-25 12:00:00,2019,4,25,NA,11.2438257428224,22.0585755611446
2019-04-26 12:00:00,2019,4,26,NA,10.9516289972454,22.7880732095157
2019-04-27 12:00:00,2019,4,27,NA,11.1994573355265,26.957154953335
2019-04-28 12:00:00,2019,4,28,NA,9.77335699340956,20.7804147209217
2019-04-29 12:00:00,2019,4,29,NA,9.67507769455016,22.478337763952
2019-04-30 12:00:00,2019,4,30,NA,9.39117307974058,21.674866065532
2019-05-01 12:00:00,2019,5,1,NA,10.0014119001947,23.0304993625947
2019-05-02 12:00:00,2019,5,2,NA,9.19127529444727,24.5015087478626
2019-05-03 12:00:00,2019,5,3,NA,9.72744089361441,25.4022102396526
2019-05-04 12:00:00,2019,5,4,NA,13.7637508190102,29.4591987345059
2019-05-05 12:00:00,2019,5,5,NA,13.5864244984476,27.2993742346706
2019-05-06 12:00:00,2019,5,6,NA,13.4699893488665,27.25054702653
2019-05-07 12:00:00,2019,5,7,NA,14.5873280659067,28.0234163589841
2019-05-08 12:00:00,2019,5,8,NA,13.8283161587881,29.2077319684767
2019-05-09 12:00:00,2019,5,9,NA,14.1705125660842,29.1791279924938
2019-05-10 12:00:00,2019,5,10,NA,12.7429274824811,28.4626763211405
2019-05-11 12:00:00,2019,5,11,NA,18.5778817859926,23.6872863892267
2019-05-12 12:00:00,2019,5,12,NA,15.4215015355789,26.2127556458053
2019-05-13 12:00:00,2019,5,13,NA,14.5319542325425,21.4860008252483
2019-05-14 12:00:00,2019,5,14,NA,15.4619762830036,29.8015026419156
2019-05-15 12:00:00,2019,5,15,NA,16.5094501924231,32.0856587472613
2019-05-16 12:00:00,2019,5,16,NA,13.3036719405646,23.8942098495246
2019-05-17 12:00:00,2019,5,17,NA,13.2582437945589,26.8532569039329
2019-05-18 12:00:00,2019,5,18,NA,17.20618409646,23.4542192930209
2019-05-19 12:00:00,2019,5,19,NA,17.9000799200945,21.4900987523982
2019-05-20 12:00:00,2019,5,20,NA,14.9872415135079,25.7528710274476
2019-05-21 12:00:00,2019,5,21,NA,14.8436433657427,28.640572587574
2019-05-22 12:00:00,2019,5,22,NA,15.840013596949,29.8245422072691
2019-05-23 12:00:00,2019,5,23,NA,15.6994988626497,30.3675442937401
2019-05-24 12:00:00,2019,5,24,NA,15.5637600185629,29.6955598358265
2019-05-25 12:00:00,2019,5,25,NA,15.8574938854018,29.3468289683828
2019-05-26 12:00:00,2019,5,26,NA,18.0852442305648,23.9678449768118
2019-05-27 12:00:00,2019,5,27,NA,16.1725322009194,21.0421099935741
2019-05-28 12:00:00,2019,5,28,NA,15.6458674182303,23.8484155220358
2019-05-29 12:00:00,2019,5,29,NA,16.5249106985069,23.8899141487567
2019-05-30 12:00:00,2019,5,30,NA,14.2952978540531,19.296881810427
2019-05-31 12:00:00,2019,5,31,NA,15.2234013394301,22.8361991696866
2019-06-01 12:00:00,2019,6,1,NA,14.4561259074309,27.356090158898
2019-06-02 12:00:00,2019,6,2,NA,13.4207424163169,29.1404912549763
2019-06-03 12:00:00,2019,6,3,NA,15.9282154168487,28.377506867489
2019-06-04 12:00:00,2019,6,4,NA,17.3600714837039,29.4689344810194
2019-06-05 12:00:00,2019,6,5,NA,16.9386899119455,30.2009340134899
2019-06-06 12:00:00,2019,6,6,NA,16.5983753074455,33.1810654053439
2019-06-07 12:00:00,2019,6,7,NA,20.9900502874473,28.0060045515742
2019-06-08 12:00:00,2019,6,8,NA,18.6821475885168,32.5457332412501
2019-06-09 12:00:00,2019,6,9,NA,20.4924225487883,30.4270477531677
2019-06-10 12:00:00,2019,6,10,NA,19.596997464058,29.1950595370141
2019-06-11 12:00:00,2019,6,11,NA,19.1426864882293,28.3945232323204
2019-06-12 12:00:00,2019,6,12,NA,19.5707241890793,31.5987257517486
2019-06-13 12:00:00,2019,6,13,NA,18.9170574516532,31.1337196248992
2019-06-14 12:00:00,2019,6,14,NA,18.1378385829188,33.3804270124051
2019-06-15 12:00:00,2019,6,15,NA,18.6208122422393,29.4067110542394
2019-06-16 12:00:00,2019,6,16,NA,18.8169870697863,33.4318248042182
2019-06-17 12:00:00,2019,6,17,NA,20.1003839076992,32.0999508595275
2019-06-18 12:00:00,2019,6,18,NA,21.1203818393954,30.5689969386487
2019-06-19 12:00:00,2019,6,19,NA,20.554581927285,33.6939525130902
2019-06-20 12:00:00,2019,6,20,NA,20.7202704197885,35.0316405176541
2019-06-21 12:00:00,2019,6,21,NA,22.9369010312679,33.2601017899529
2019-06-22 12:00:00,2019,6,22,NA,24.3927285332061,31.408682797333
2019-06-23 12:00:00,2019,6,23,NA,23.9579014952064,27.6218283128407
2019-06-24 12:00:00,2019,6,24,NA,23.6090161438969,25.842488269245
2019-06-25 12:00:00,2019,6,25,NA,21.4850997516347,24.7737972403332
2019-06-26 12:00:00,2019,6,26,NA,21.9741697821315,32.9733860574574
2019-06-27 12:00:00,2019,6,27,NA,21.7240533821206,36.6872299064717
2019-06-28 12:00:00,2019,6,28,NA,22.095361991199,35.6550568904369
2019-06-29 12:00:00,2019,6,29,NA,22.0025088141054,35.6395616636224
2019-06-30 12:00:00,2019,6,30,NA,23.2846141657671,32.4571655674129
2019-07-01 12:00:00,2019,7,1,NA,22.4490278727105,34.9592580808988
2019-07-02 12:00:00,2019,7,2,NA,23.3003680520438,32.2342504815428
2019-07-03 12:00:00,2019,7,3,NA,24.5004382881446,28.6136398439015
2019-07-04 12:00:00,2019,7,4,NA,22.4292056651982,31.8776769510218
2019-07-05 12:00:00,2019,7,5,NA,22.7339667434674,31.6718207244076
2019-07-06 12:00:00,2019,7,6,NA,25.1693211550252,31.5777165512484
2019-07-07 12:00:00,2019,7,7,NA,23.9268530939174,26.91476144176
2019-07-08 12:00:00,2019,7,8,NA,21.9453137772181,28.1923285535399
2019-07-09 12:00:00,2019,7,9,NA,22.3432506561012,29.9226565392132
2019-07-10 12:00:00,2019,7,10,NA,22.3100976387438,31.9296118283166
2019-07-11 12:00:00,2019,7,11,NA,22.5338480273935,31.2445007571123
2019-07-12 12:00:00,2019,7,12,NA,22.4233207100593,30.8729659510011
2019-07-13 12:00:00,2019,7,13,NA,22.3618689441238,32.3267183444976
2019-07-14 12:00:00,2019,7,14,NA,25.6030737509706,29.5561787655448
2019-07-15 12:00:00,2019,7,15,NA,23.2177401640345,28.1859113810022
2019-07-16 12:00:00,2019,7,16,NA,25.246762260409,30.0772825853952
2019-07-17 12:00:00,2019,7,17,NA,23.0790317797847,28.5956815546788
2019-07-18 12:00:00,2019,7,18,NA,23.3100268375279,31.8103053355279
2019-07-19 12:00:00,2019,7,19,NA,24.241829888426,35.6695062694793
2019-07-20 12:00:00,2019,7,20,NA,27.4487421257636,32.4178268929255
2019-07-21 12:00:00,2019,7,21,NA,27.080894030031,36.6384195079622
2019-07-22 12:00:00,2019,7,22,NA,26.0350195692041,32.5562849501675
2019-07-23 12:00:00,2019,7,23,NA,25.3379439890787,34.3366700950457
2019-07-24 12:00:00,2019,7,24,NA,24.9880412927805,32.8090152608328
2019-07-25 12:00:00,2019,7,25,NA,25.1028245132432,33.9643463091483
2019-07-26 12:00:00,2019,7,26,NA,23.4098900992657,33.574192847154
2019-07-27 12:00:00,2019,7,27,NA,25.2539673265682,32.7899135380815
2019-07-28 12:00:00,2019,7,28,NA,23.5972251718425,32.3306623403566
2019-07-29 12:00:00,2019,7,29,NA,26.6050655197681,35.6923403288225
2019-07-30 12:00:00,2019,7,30,NA,25.5220477514232,36.6307168275468
2019-07-31 12:00:00,2019,7,31,NA,26.0718540745838,35.7198750466463
2019-08-01 12:00:00,2019,8,1,NA,23.4708250625707,29.1773247065995
2019-08-02 12:00:00,2019,8,2,NA,23.4798873801289,33.3764199934022
2019-08-03 12:00:00,2019,8,3,NA,21.1435041634553,31.4567122049509
2019-08-04 12:00:00,2019,8,4,NA,24.7576114861719,31.1163446176967
2019-08-05 12:00:00,2019,8,5,NA,22.3029824210758,27.0056491547207
2019-08-06 12:00:00,2019,8,6,NA,22.1819129772339,28.9014821597856
2019-08-07 12:00:00,2019,8,7,NA,22.8812909376191,31.76781942542
2019-08-08 12:00:00,2019,8,8,NA,23.930645405639,33.5249369693904
2019-08-09 12:00:00,2019,8,9,NA,25.8103400113996,37.1775291639073
2019-08-10 12:00:00,2019,8,10,NA,26.0675193860076,34.2604918043171
2019-08-11 12:00:00,2019,8,11,NA,26.0562585001131,34.7178166862783
2019-08-12 12:00:00,2019,8,12,NA,24.6764214861631,29.3749759204987
2019-08-13 12:00:00,2019,8,13,NA,21.9058325067995,28.3164100766699
2019-08-14 12:00:00,2019,8,14,NA,21.4776771827071,32.0368384796406
2019-08-15 12:00:00,2019,8,15,NA,21.9487918985838,30.3817852304191
2019-08-16 12:00:00,2019,8,16,NA,21.6296144452713,32.0944948110403
2019-08-17 12:00:00,2019,8,17,NA,22.2429192901942,32.5551656663344
2019-08-18 12:00:00,2019,8,18,NA,23.5288121357279,34.1342865422359
2019-08-19 12:00:00,2019,8,19,NA,25.3596889732698,33.9949459796196
2019-08-20 12:00:00,2019,8,20,NA,24.0095179003551,34.0199535996608
2019-08-21 12:00:00,2019,8,21,NA,24.0598969202866,33.4729010411338
2019-08-22 12:00:00,2019,8,22,NA,23.2397191555247,33.801454710612
2019-08-23 12:00:00,2019,8,23,NA,24.0299466038121,35.5633850013869
2019-08-24 12:00:00,2019,8,24,NA,24.5557263845857,34.6920565514332
2019-08-25 12:00:00,2019,8,25,NA,26.8895443993932,30.7404701198546
2019-08-26 12:00:00,2019,8,26,NA,25.9001759390911,29.8587394169817
2019-08-27 12:00:00,2019,8,27,NA,25.2090930308431,28.5748392152878
2019-08-28 12:00:00,2019,8,28,NA,21.8325502116925,29.4388228630836
2019-08-29 12:00:00,2019,8,29,NA,20.9022854819149,32.4422298993197
2019-08-30 12:00:00,2019,8,30,NA,21.8734683268239,33.4134127442287
2019-08-31 12:00:00,2019,8,31,NA,21.0978157971575,34.5411554784539
2019-09-01 12:00:00,2019,9,1,NA,23.3463953143998,34.6092574626266
2019-09-02 12:00:00,2019,9,2,NA,24.0592547562202,35.1609202082825
2019-09-03 12:00:00,2019,9,3,NA,24.3063945860873,31.1510464979417
2019-09-04 12:00:00,2019,9,4,NA,21.0461914769007,32.9328600929609
2019-09-05 12:00:00,2019,9,5,NA,20.3394096544703,33.8879580672394
2019-09-06 12:00:00,2019,9,6,NA,21.8286709515452,30.7984481746304
2019-09-07 12:00:00,2019,9,7,NA,20.4717625298942,31.6750314811792
2019-09-08 12:00:00,2019,9,8,NA,19.9099577770509,31.0477129415226
2019-09-09 12:00:00,2019,9,9,NA,18.5073443546216,31.9185751059815
2019-09-10 12:00:00,2019,9,10,NA,19.8367477198713,31.2572820521387
2019-09-11 12:00:00,2019,9,11,NA,18.2123396348711,27.8022803780228
2019-09-12 12:00:00,2019,9,12,NA,18.5167451315295,30.6241629990589
2019-09-13 12:00:00,2019,9,13,NA,18.9521252095622,32.0699589108006
2019-09-14 12:00:00,2019,9,14,NA,21.3703676106702,29.2670965755733
2019-09-15 12:00:00,2019,9,15,NA,22.4670036262647,30.6356678780785
2019-09-16 12:00:00,2019,9,16,NA,20.1996506647408,29.7862650059208
2019-09-17 12:00:00,2019,9,17,NA,20.7156943246517,28.0892914473697
2019-09-18 12:00:00,2019,9,18,NA,20.0639747035733,31.4443714686065
2019-09-19 12:00:00,2019,9,19,NA,20.5628770443321,31.6171785736752
2019-09-20 12:00:00,2019,9,20,NA,20.6304561890357,31.4774918574335
2019-09-21 12:00:00,2019,9,21,NA,18.0314623313394,29.2958475060957
2019-09-22 12:00:00,2019,9,22,NA,17.5526947639561,29.0915425629944
2019-09-23 12:00:00,2019,9,23,NA,17.7751551181538,30.2326930650924
2019-09-24 12:00:00,2019,9,24,NA,19.0687808993092,28.6810666737479
2019-09-25 12:00:00,2019,9,25,NA,16.036816596694,26.1353540229417
2019-09-26 12:00:00,2019,9,26,NA,15.3143410859687,19.7378955723585
2019-09-27 12:00:00,2019,9,27,NA,16.2227323204738,23.6866609178589
2019-09-28 12:00:00,2019,9,28,NA,15.4621769758969,24.1085459162777
2019-09-29 12:00:00,2019,9,29,NA,10.4511267376681,20.2883817847773
2019-09-30 12:00:00,2019,9,30,NA,14.0312376916225,20.1187045232071
2019-10-01 12:00:00,2019,10,1,NA,13.8392983543273,19.7112866690093
2019-10-02 12:00:00,2019,10,2,NA,12.3386991939516,23.8452973839097
2019-10-03 12:00:00,2019,10,3,NA,12.4119533501678,25.0406102664281
2019-10-04 12:00:00,2019,10,4,NA,10.6133693263213,24.2386307637017
2019-10-05 12:00:00,2019,10,5,NA,11.0720285301963,23.4653290670251
2019-10-06 12:00:00,2019,10,6,NA,13.6554579213413,28.1493960889915
2019-10-07 12:00:00,2019,10,7,NA,14.0121651884976,27.1827719780861
2019-10-08 12:00:00,2019,10,8,NA,15.0637571654503,26.4450758164068
2019-10-09 12:00:00,2019,10,9,NA,16.0300854789019,26.1350113273567
2019-10-10 12:00:00,2019,10,10,NA,12.316477558831,23.4508286402703
2019-10-11 12:00:00,2019,10,11,NA,14.1532204181406,27.2973929218291
2019-10-12 12:00:00,2019,10,12,NA,14.51080170745,26.6064561031025
2019-10-13 12:00:00,2019,10,13,NA,13.2144641408522,27.7514600177277
2019-10-14 12:00:00,2019,10,14,NA,13.3202054323738,28.0562242766037
2019-10-15 12:00:00,2019,10,15,NA,15.1871582966633,29.6010295246964
2019-10-16 12:00:00,2019,10,16,NA,14.5571688718748,27.2467182948902
2019-10-17 12:00:00,2019,10,17,NA,15.7123114373012,22.6070088554048
2019-10-18 12:00:00,2019,10,18,NA,10.0386773702654,23.151365069115
2019-10-19 12:00:00,2019,10,19,NA,12.389051771412,23.952169107632
2019-10-20 12:00:00,2019,10,20,NA,7.84250307256538,22.282609310857
2019-10-21 12:00:00,2019,10,21,NA,11.2081798062607,22.4008603974837
2019-10-22 12:00:00,2019,10,22,NA,11.1445258214267,24.6253623058494
2019-10-23 12:00:00,2019,10,23,NA,11.4089843383924,24.983240138496
2019-10-24 12:00:00,2019,10,24,NA,11.9797082804956,28.9371842244799
2019-10-25 12:00:00,2019,10,25,NA,12.2042730861795,25.8400507577863
2019-10-26 12:00:00,2019,10,26,NA,12.0934995131767,25.9293938124661
2019-10-27 12:00:00,2019,10,27,NA,11.0629234628574,25.1762335680674
2019-10-28 12:00:00,2019,10,28,NA,10.190413990782,26.6772140923583
2019-10-29 12:00:00,2019,10,29,NA,9.14721927716522,24.9753437764719
2019-10-30 12:00:00,2019,10,30,NA,8.76899148910557,21.523672184915
2019-10-31 12:00:00,2019,10,31,NA,8.49186071024866,23.373248740965
2019-11-01 12:00:00,2019,11,1,NA,8.58493170591234,18.5292054442011
2019-11-02 12:00:00,2019,11,2,NA,8.22501313156091,20.0293835790791
2019-11-03 12:00:00,2019,11,3,NA,6.66775431230831,11.8422313204029
2019-11-04 12:00:00,2019,11,4,NA,6.52655467055013,19.0764574882019
2019-11-05 12:00:00,2019,11,5,NA,5.84610940893697,15.3482422717475
2019-11-06 12:00:00,2019,11,6,NA,4.07247499010014,16.5023988721981
2019-11-07 12:00:00,2019,11,7,NA,2.47379118217944,14.0982876401985
2019-11-08 12:00:00,2019,11,8,NA,3.27267782470965,18.2092312099768
2019-11-09 12:00:00,2019,11,9,NA,6.21038603353128,18.7602888511831
2019-11-10 12:00:00,2019,11,10,NA,7.01834507048885,19.104512557922
2019-11-11 12:00:00,2019,11,11,NA,6.48415521738902,21.9146351637112
2019-11-12 12:00:00,2019,11,12,NA,7.56402916767576,22.9375102065191
2019-11-13 12:00:00,2019,11,13,NA,5.73623500561286,18.0451860615942
2019-11-14 12:00:00,2019,11,14,NA,5.2243062388521,8.67115621595798
2019-11-15 12:00:00,2019,11,15,NA,1.05740374356915,10.3608456726562
2019-11-16 12:00:00,2019,11,16,NA,-3.55691222752238,5.13851816847652
2019-11-17 12:00:00,2019,11,17,NA,0.834324087752602,7.04838313144312
2019-11-18 12:00:00,2019,11,18,NA,4.034093531747,17.7176528341772
2019-11-19 12:00:00,2019,11,19,NA,8.33754911037137,12.9865439663659
2019-11-20 12:00:00,2019,11,20,NA,4.79180487251727,14.1045607726788
2019-11-21 12:00:00,2019,11,21,NA,2.81390514534955,12.2349219010619
2019-11-22 12:00:00,2019,11,22,NA,0.741426263609081,15.7152484828904
2019-11-23 12:00:00,2019,11,23,NA,1.75780500637519,16.7516615556656
2019-11-24 12:00:00,2019,11,24,NA,3.11708048347105,17.7942389589158
2019-11-25 12:00:00,2019,11,25,NA,6.99228314615805,17.3568027830843
2019-11-26 12:00:00,2019,11,26,NA,4.12546869844676,17.8706620238541
2019-11-27 12:00:00,2019,11,27,NA,1.94170918972384,14.0629013237907
2019-11-28 12:00:00,2019,11,28,NA,3.65878111614757,15.967732172129
2019-11-29 12:00:00,2019,11,29,NA,11.3407624683137,13.4086529615005
2019-11-30 12:00:00,2019,11,30,NA,6.37191726696486,15.6144494041249
2019-12-01 12:00:00,2019,12,1,NA,8.4742832711358,12.5891498469062
2019-12-02 12:00:00,2019,12,2,NA,4.55032743515278,14.3309950798676
2019-12-03 12:00:00,2019,12,3,NA,4.68436629906279,11.1415538414534
2019-12-04 12:00:00,2019,12,4,NA,6.71203909719611,11.2900047789688
2019-12-05 12:00:00,2019,12,5,NA,3.05837696661992,11.2063503683018
2019-12-06 12:00:00,2019,12,6,NA,0.589581957263421,14.7358855123102
2019-12-07 12:00:00,2019,12,7,NA,-0.47720551448052,10.6356136310513
2019-12-08 12:00:00,2019,12,8,NA,-3.17466916482236,11.1721064438196
2019-12-09 12:00:00,2019,12,9,NA,-2.63423076703128,11.5120727880155
2019-12-10 12:00:00,2019,12,10,NA,1.1326979217332,9.11003894855719
2019-12-11 12:00:00,2019,12,11,NA,1.4884812074407,7.33025124804127
2019-12-12 12:00:00,2019,12,12,NA,0.575741380959731,5.71062729376585
2019-12-13 12:00:00,2019,12,13,NA,-0.54201354330044,4.61752439889142
2019-12-14 12:00:00,2019,12,14,NA,-1.40894484654972,5.50346421132598
2019-12-15 12:00:00,2019,12,15,NA,-2.88612309502539,2.01763541656714
2019-12-16 12:00:00,2019,12,16,NA,-5.7229341400636,6.23739275360893
2019-12-17 12:00:00,2019,12,17,NA,-5.3616316988913,8.4166510022234
2019-12-18 12:00:00,2019,12,18,NA,-4.12688017151438,9.52016904301966
2019-12-19 12:00:00,2019,12,19,NA,-2.31705319340125,13.35947617255
2019-12-20 12:00:00,2019,12,20,NA,-2.95858674528546,8.57374474918643
2019-12-21 12:00:00,2019,12,21,NA,-2.8772452773678,6.0995972692469
2019-12-22 12:00:00,2019,12,22,NA,-5.08614257186765,8.95767346987182
2019-12-23 12:00:00,2019,12,23,NA,-4.18589360483538,7.99298715633516
2019-12-24 12:00:00,2019,12,24,NA,3.39354012978828,10.5074457815481
2019-12-25 12:00:00,2019,12,25,NA,-0.156993551493059,10.2814096909973
2019-12-26 12:00:00,2019,12,26,NA,-1.44866194634752,9.66999611263814
2019-12-27 12:00:00,2019,12,27,NA,-1.09758599873327,11.0346283033354
2019-12-28 12:00:00,2019,12,28,NA,-4.11234816372022,8.1274898725414
2019-12-29 12:00:00,2019,12,29,NA,-2.86280267147917,3.14689889975904
2019-12-30 12:00:00,2019,12,30,NA,-6.24262287637271,1.95626768896836
2019-12-31 12:00:00,2019,12,31,NA,-5.73720265654431,5.27169549960709
2020-01-01 12:00:00,2020,1,1,NA,-2.372285421813,2.28604490776235
2020-01-02 12:00:00,2020,1,2,NA,-3.04027182766279,3.35262044154501
2020-01-03 12:00:00,2020,1,3,NA,-6.23747822449744,0.434958790557048
2020-01-04 12:00:00,2020,1,4,NA,-7.649092299391,-3.12766170718346
2020-01-05 12:00:00,2020,1,5,NA,-5.24652096282936,2.40577870143683
2020-01-06 12:00:00,2020,1,6,NA,-9.18805987023816,3.20669768904856
2020-01-07 12:00:00,2020,1,7,NA,-9.19770775325783,3.50371317512189
2020-01-08 12:00:00,2020,1,8,NA,-2.4830583667187,7.66386521978218
2020-01-09 12:00:00,2020,1,9,NA,-5.15404665074272,3.18933857107422
2020-01-10 12:00:00,2020,1,10,NA,-4.62290331692509,6.68826576967045
2020-01-11 12:00:00,2020,1,11,NA,-8.0631478775172,3.0364158100623
2020-01-12 12:00:00,2020,1,12,NA,-1.72567925409872,2.89750070130567
2020-01-13 12:00:00,2020,1,13,NA,-2.06960253903936,6.5379578555827
2020-01-14 12:00:00,2020,1,14,NA,-2.77440689433389,2.0456921956515
2020-01-15 12:00:00,2020,1,15,NA,-2.32980719185969,3.57054352356809
2020-01-16 12:00:00,2020,1,16,NA,-5.04220775719926,6.2941082229887
2020-01-17 12:00:00,2020,1,17,NA,-4.64955549844014,7.95175035244296
2020-01-18 12:00:00,2020,1,18,NA,-2.1901018047105,10.4550320337137
2020-01-19 12:00:00,2020,1,19,NA,-5.95478558044245,8.46643895927751
2020-01-20 12:00:00,2020,1,20,NA,-3.75252947255029,9.20935777416739
2020-01-21 12:00:00,2020,1,21,NA,-3.27988646199587,11.4126915733644
2020-01-22 12:00:00,2020,1,22,NA,-2.92108855558475,9.74680975544113
2020-01-23 12:00:00,2020,1,23,NA,2.38714971584067,11.0331851165476
2020-01-24 12:00:00,2020,1,24,NA,1.59530749370612,8.80376137617319
2020-01-25 12:00:00,2020,1,25,NA,-0.253683836963116,7.42181003756128
2020-01-26 12:00:00,2020,1,26,NA,-1.9470658362014,10.1106698111751
2020-01-27 12:00:00,2020,1,27,NA,-3.87542377171161,7.21932570958202
2020-01-28 12:00:00,2020,1,28,NA,-4.52191173204578,7.72904004202794
2020-01-29 12:00:00,2020,1,29,NA,-3.48562734626474,5.76353127805022
2020-01-30 12:00:00,2020,1,30,NA,1.15485601477529,8.97838747701372
2020-01-31 12:00:00,2020,1,31,NA,0.624119901979703,5.3962484223043
2020-02-01 12:00:00,2020,2,1,NA,-0.208732674242912,9.74345139210987
2020-02-02 12:00:00,2020,2,2,NA,0.283374488870395,8.85343975336619
2020-02-03 12:00:00,2020,2,3,NA,-0.267951235996614,10.9083499434762
2020-02-04 12:00:00,2020,2,4,NA,-6.88567142591885,1.47612564847831
2020-02-05 12:00:00,2020,2,5,NA,-13.1746036267521,-2.69875941736227
2020-02-06 12:00:00,2020,2,6,NA,-12.6014655032362,-2.54778310241531
2020-02-07 12:00:00,2020,2,7,NA,-11.3087146468,-0.0719074072265631
2020-02-08 12:00:00,2020,2,8,NA,-8.22257736952544,0.137329279386437
2020-02-09 12:00:00,2020,2,9,NA,-5.62796497004864,10.1815443357204
2020-02-10 12:00:00,2020,2,10,NA,-7.06239901431223,6.42841418902304
2020-02-11 12:00:00,2020,2,11,NA,-5.78765472565297,5.7293082916103
2020-02-12 12:00:00,2020,2,12,NA,-3.44707640852107,11.228862528574
2020-02-13 12:00:00,2020,2,13,NA,-2.41627033541194,13.2394743514905
2020-02-14 12:00:00,2020,2,14,NA,3.06554429357319,11.1997773818719
2020-02-15 12:00:00,2020,2,15,NA,4.29102947404423,9.82663379680251
2020-02-16 12:00:00,2020,2,16,NA,4.41273538364966,14.5868932068348
2020-02-17 12:00:00,2020,2,17,NA,2.44174735742549,11.7737089528085
2020-02-18 12:00:00,2020,2,18,NA,0.361222721749781,8.66980571929875
2020-02-19 12:00:00,2020,2,19,NA,3.90254220616622,15.3505650682991
2020-02-20 12:00:00,2020,2,20,NA,3.51659117304488,11.2604335327854
2020-02-21 12:00:00,2020,2,21,NA,0.268650661209752,6.31691340878639
2020-02-22 12:00:00,2020,2,22,NA,-0.621296467116178,9.69138624676452
2020-02-23 12:00:00,2020,2,23,NA,-2.35238633170139,12.0130835415789
2020-02-24 12:00:00,2020,2,24,NA,-0.916154821966501,13.1112798582073
2020-02-25 12:00:00,2020,2,25,NA,-1.61173015312801,15.7945540113928
2020-02-26 12:00:00,2020,2,26,NA,-4.92451567246399,6.4500067542391
2020-02-27 12:00:00,2020,2,27,NA,-2.54650239305464,8.21461606302249
2020-02-28 12:00:00,2020,2,28,NA,-2.67310609048735,8.57538436002961
2020-02-29 12:00:00,2020,2,29,NA,-2.52936097994553,7.6424515684672
2020-03-01 12:00:00,2020,3,1,NA,3.23259676811596,14.6404626656819
2020-03-02 12:00:00,2020,3,2,NA,6.0433688638159,16.2023478004941
2020-03-03 12:00:00,2020,3,3,NA,4.71562515029699,18.0055721610914
2020-03-04 12:00:00,2020,3,4,NA,4.30556856193465,20.3396693510183
2020-03-05 12:00:00,2020,3,5,NA,6.31618056278195,15.358004871559
2020-03-06 12:00:00,2020,3,6,NA,5.6726405415509,21.3137013652093
2020-03-07 12:00:00,2020,3,7,NA,5.90072313484422,15.0710177337541
2020-03-08 12:00:00,2020,3,8,NA,7.93507460226902,13.9008674947351
2020-03-09 12:00:00,2020,3,9,NA,0.369709057318821,8.33243310061313
2020-03-10 12:00:00,2020,3,10,NA,-1.65776539442657,4.42757300619685
2020-03-11 12:00:00,2020,3,11,NA,-2.48238172286252,9.96534522977012
2020-03-12 12:00:00,2020,3,12,NA,-1.33017419763184,12.7572562394373
2020-03-13 12:00:00,2020,3,13,NA,0.304951080008478,15.6020419238955
2020-03-14 12:00:00,2020,3,14,NA,0.437418916247164,16.7839509918656
2020-03-15 12:00:00,2020,3,15,NA,6.428494112928,17.591998923862
2020-03-16 12:00:00,2020,3,16,NA,6.8783542247225,17.8136784851108
2020-03-17 12:00:00,2020,3,17,NA,3.03148019533001,16.5259764776003
2020-03-18 12:00:00,2020,3,18,NA,0.645902039975919,15.5910905507181
2020-03-19 12:00:00,2020,3,19,NA,2.89202975853605,18.1852043997332
2020-03-20 12:00:00,2020,3,20,NA,4.07628880572315,14.1059393278064
2020-03-21 12:00:00,2020,3,21,NA,-0.714527038004563,15.4355685333013
2020-03-22 12:00:00,2020,3,22,NA,1.24743372150697,15.4978972542518
2020-03-23 12:00:00,2020,3,23,NA,4.67771355595965,20.8278091272655
2020-03-24 12:00:00,2020,3,24,NA,9.11492010164855,15.6402938687138
2020-03-25 12:00:00,2020,3,25,NA,7.41759816267881,16.1562342981882
2020-03-26 12:00:00,2020,3,26,NA,8.44102639864815,19.9155648010492
2020-03-27 12:00:00,2020,3,27,NA,8.01012745896453,22.2521258008467
2020-03-28 12:00:00,2020,3,28,NA,9.76192609218985,17.4971751185276
2020-03-29 12:00:00,2020,3,29,NA,7.18477999134648,15.6206081670559
2020-03-30 12:00:00,2020,3,30,NA,7.7552011321559,21.4210143223972
2020-03-31 12:00:00,2020,3,31,NA,4.00991554446541,18.9849256820762
2020-04-01 12:00:00,2020,4,1,NA,4.99472262367255,19.9523778254901
2020-04-02 12:00:00,2020,4,2,NA,8.07842412056777,21.7195355067829
2020-04-03 12:00:00,2020,4,3,NA,10.7359184429245,25.9062009549367
2020-04-04 12:00:00,2020,4,4,NA,7.55102089402131,26.2449507413524
2020-04-05 12:00:00,2020,4,5,NA,8.18697637839835,26.0743941305451
2020-04-06 12:00:00,2020,4,6,NA,9.68520737935941,24.7571761231849
2020-04-07 12:00:00,2020,4,7,NA,10.1157365715457,22.1927285263119
2020-04-08 12:00:00,2020,4,8,NA,5.27442431031582,20.1404253525967
2020-04-09 12:00:00,2020,4,9,NA,6.1601126986815,23.7821422885601
2020-04-10 12:00:00,2020,4,10,NA,7.58046346314555,22.4720815841167
2020-04-11 12:00:00,2020,4,11,NA,7.4915882189345,23.3468056804252
2020-04-12 12:00:00,2020,4,12,NA,5.56764737560324,23.3231562209843
2020-04-13 12:00:00,2020,4,13,NA,7.54657886606736,22.4125799083482
2020-04-14 12:00:00,2020,4,14,NA,9.73077727874113,24.8612258067698
2020-04-15 12:00:00,2020,4,15,NA,10.8631116398176,21.2552657064579
2020-04-16 12:00:00,2020,4,16,NA,6.46140129594979,19.315759477675
2020-04-17 12:00:00,2020,4,17,NA,6.68608033196018,22.1353050433486
2020-04-18 12:00:00,2020,4,18,NA,5.66943183930984,20.7215805669419
2020-04-19 12:00:00,2020,4,19,NA,5.85779166987438,20.6125809242142
2020-04-20 12:00:00,2020,4,20,NA,3.83844946433396,19.5472963581173
2020-04-21 12:00:00,2020,4,21,NA,5.49737826508204,21.1996543766872
2020-04-22 12:00:00,2020,4,22,NA,6.52315802683335,15.7720791879788
2020-04-23 12:00:00,2020,4,23,NA,7.44252853975163,21.4508869974512
2020-04-24 12:00:00,2020,4,24,NA,8.73305535116587,23.7325063832118
2020-04-25 12:00:00,2020,4,25,NA,8.51059680929537,23.6720692952307
2020-04-26 12:00:00,2020,4,26,NA,14.5798898294552,19.511403298925
2020-04-27 12:00:00,2020,4,27,NA,11.4734966747727,22.3346362510615
2020-04-28 12:00:00,2020,4,28,NA,10.7987762731788,20.7224437948428
2020-04-29 12:00:00,2020,4,29,NA,9.93329532276672,17.6186449833462
2020-04-30 12:00:00,2020,4,30,NA,5.73365561962713,11.4288423418986
2020-05-01 12:00:00,2020,5,1,NA,5.96069745919287,19.843848105309
2020-05-02 12:00:00,2020,5,2,NA,8.18565362063319,24.852319031488
2020-05-03 12:00:00,2020,5,3,NA,11.8817458539027,24.316067839898
2020-05-04 12:00:00,2020,5,4,NA,14.1469127979604,23.0287846643888
2020-05-05 12:00:00,2020,5,5,NA,14.926877917664,26.9751639281171
2020-05-06 12:00:00,2020,5,6,NA,12.500584867922,25.5351979951423
2020-05-07 12:00:00,2020,5,7,NA,16.5170914011927,25.0473242947614
2020-05-08 12:00:00,2020,5,8,NA,12.0260024370906,25.4362008421644
2020-05-09 12:00:00,2020,5,9,NA,14.4625046233869,28.7594990518302
2020-05-10 12:00:00,2020,5,10,NA,13.8835447273397,23.8765928688044
2020-05-11 12:00:00,2020,5,11,NA,17.0937178740029,22.9646627601789
2020-05-12 12:00:00,2020,5,12,NA,18.8685326357541,26.4813304660106
2020-05-13 12:00:00,2020,5,13,NA,16.6338246298159,25.5604826753804
2020-05-14 12:00:00,2020,5,14,NA,17.058286857735,28.0188671352981
2020-05-15 12:00:00,2020,5,15,NA,16.1580694967882,20.6659845605083
2020-05-16 12:00:00,2020,5,16,NA,14.8308266160076,25.4213645249676
2020-05-17 12:00:00,2020,5,17,NA,14.8549581582071,27.8468342744476
2020-05-18 12:00:00,2020,5,18,NA,14.734434017511,28.6084976769885
2020-05-19 12:00:00,2020,5,19,NA,15.5993824472657,32.8622306275024
2020-05-20 12:00:00,2020,5,20,NA,13.2592336103913,30.8136014196257
2020-05-21 12:00:00,2020,5,21,NA,12.4929505946279,31.2544173081477
2020-05-22 12:00:00,2020,5,22,NA,13.5865241435496,30.5894357602253
2020-05-23 12:00:00,2020,5,23,NA,14.1640830050617,29.3011583620106
2020-05-24 12:00:00,2020,5,24,NA,13.3899916442977,30.1478152875823
2020-05-25 12:00:00,2020,5,25,NA,15.9400689604931,30.587392841343
2020-05-26 12:00:00,2020,5,26,NA,21.8011275677461,24.7344767289821
2020-05-27 12:00:00,2020,5,27,NA,18.8713386969425,27.6830430113406
2020-05-28 12:00:00,2020,5,28,NA,17.1466076934072,28.8322232267871
2020-05-29 12:00:00,2020,5,29,NA,16.3499269763227,27.18247292873
2020-05-30 12:00:00,2020,5,30,NA,15.1297417752258,23.2443471442529
2020-05-31 12:00:00,2020,5,31,NA,16.036141452243,19.5861431989804
2020-06-01 12:00:00,2020,6,1,NA,13.3695980084777,26.1492059636673
2020-06-02 12:00:00,2020,6,2,NA,13.3942990717447,28.399149582634
2020-06-03 12:00:00,2020,6,3,NA,16.9821025599454,32.2051319332768
2020-06-04 12:00:00,2020,6,4,NA,17.7529918953342,28.876199206561
2020-06-05 12:00:00,2020,6,5,NA,20.2503274260941,26.6932411657695
2020-06-06 12:00:00,2020,6,6,NA,18.3041953678933,32.3546733212765
2020-06-07 12:00:00,2020,6,7,NA,15.9554528548993,32.1118851219446
2020-06-08 12:00:00,2020,6,8,NA,18.1379510597084,28.4611518183934
2020-06-09 12:00:00,2020,6,9,NA,20.2483106938068,27.7436096041799
2020-06-10 12:00:00,2020,6,10,NA,19.6235305048842,31.892672205578
2020-06-11 12:00:00,2020,6,11,NA,20.1265115047909,33.2258579275829
2020-06-12 12:00:00,2020,6,12,NA,20.7624153402284,30.051604100023
2020-06-13 12:00:00,2020,6,13,NA,20.5184175164507,23.5515969291616
2020-06-14 12:00:00,2020,6,14,NA,17.9637468156687,24.0268401671671
2020-06-15 12:00:00,2020,6,15,NA,16.7420405385567,27.1968371073639
2020-06-16 12:00:00,2020,6,16,NA,17.8542690659183,28.4938963258183
2020-06-17 12:00:00,2020,6,17,NA,19.153467854341,30.7588882842344
2020-06-18 12:00:00,2020,6,18,NA,20.2898281410424,33.406582670286
2020-06-19 12:00:00,2020,6,19,NA,24.2156029496061,31.2946787588501
2020-06-20 12:00:00,2020,6,20,NA,24.130158818015,28.1548606935434
2020-06-21 12:00:00,2020,6,21,NA,21.3035583107883,30.321335195339
2020-06-22 12:00:00,2020,6,22,NA,22.7750225225156,29.8505199892209
2020-06-23 12:00:00,2020,6,23,NA,23.060274626012,26.0874062759983
2020-06-24 12:00:00,2020,6,24,NA,19.9944334215247,25.5166260024813
2020-06-25 12:00:00,2020,6,25,NA,21.7853493177289,28.5414911324937
2020-06-26 12:00:00,2020,6,26,NA,21.1615510872123,29.253376054248
2020-06-27 12:00:00,2020,6,27,NA,18.4750003112461,30.5838633085616
2020-06-28 12:00:00,2020,6,28,NA,19.6132187589098,33.1729136581478
2020-06-29 12:00:00,2020,6,29,NA,20.0609328937615,33.9280643859838
2020-06-30 12:00:00,2020,6,30,NA,21.9419554869902,31.8710684635323
2020-07-01 12:00:00,2020,7,1,NA,24.3681830120116,32.000329619613
2020-07-02 12:00:00,2020,7,2,NA,23.639079588333,33.2586177180611
2020-07-03 12:00:00,2020,7,3,NA,24.4295003475738,30.274843186244
2020-07-04 12:00:00,2020,7,4,NA,23.7328325413617,31.7667085414694
2020-07-05 12:00:00,2020,7,5,NA,23.6345934566196,32.4961152525247
2020-07-06 12:00:00,2020,7,6,NA,24.6975941472798,33.1422494519887
2020-07-07 12:00:00,2020,7,7,NA,22.3293701876042,35.3626100321945
2020-07-08 12:00:00,2020,7,8,NA,23.654831488123,34.1009579185043
2020-07-09 12:00:00,2020,7,9,NA,22.536620974343,32.8833294805572
2020-07-10 12:00:00,2020,7,10,NA,25.2699587034013,34.509018568549
2020-07-11 12:00:00,2020,7,11,NA,27.0243549001193,35.7885763387157
2020-07-12 12:00:00,2020,7,12,NA,23.9454174980918,28.1268950133724
2020-07-13 12:00:00,2020,7,13,NA,21.2830512342155,25.2674860742958
2020-07-14 12:00:00,2020,7,14,NA,21.8481638683296,30.6034852815283
2020-07-15 12:00:00,2020,7,15,NA,20.8037414380159,28.4579743412829
2020-07-16 12:00:00,2020,7,16,NA,19.163622435122,28.1014764160623
2020-07-17 12:00:00,2020,7,17,NA,20.4538520315345,31.8815284125879
2020-07-18 12:00:00,2020,7,18,NA,22.3844538202365,28.2515323256675
2020-07-19 12:00:00,2020,7,19,NA,18.7243544441209,25.6573994560704
2020-07-20 12:00:00,2020,7,20,NA,20.41611829383,28.1422796372943
2020-07-21 12:00:00,2020,7,21,NA,19.731504391287,32.2984098727357
2020-07-22 12:00:00,2020,7,22,NA,19.2638304974998,28.8813756962059
2020-07-23 12:00:00,2020,7,23,NA,25.5333701271414,34.2849095776493
2020-07-24 12:00:00,2020,7,24,NA,25.6337151443198,30.5740042132663
2020-07-25 12:00:00,2020,7,25,NA,23.759219688373,31.622689030044
2020-07-26 12:00:00,2020,7,26,NA,25.7532567224364,32.7300745124354
2020-07-27 12:00:00,2020,7,27,NA,26.3258236469484,34.4453747284414
2020-07-28 12:00:00,2020,7,28,NA,25.6581724013661,34.1593174391058
2020-07-29 12:00:00,2020,7,29,NA,25.20924580581,35.8409397096161
2020-07-30 12:00:00,2020,7,30,NA,24.8056594987339,37.4826039545311
2020-07-31 12:00:00,2020,7,31,NA,26.604557383462,36.4040949030579
2020-08-01 12:00:00,2020,8,1,NA,25.5927458345005,38.6461385668706
2020-08-02 12:00:00,2020,8,2,NA,28.4202505924463,34.9478565092257
2020-08-03 12:00:00,2020,8,3,NA,27.9942238842727,35.0078559887587
2020-08-04 12:00:00,2020,8,4,NA,25.7502539832737,34.6307014206278
2020-08-05 12:00:00,2020,8,5,NA,24.9778851159636,33.7443577519848
2020-08-06 12:00:00,2020,8,6,NA,27.5855923723405,34.8119225157034
2020-08-07 12:00:00,2020,8,7,NA,26.7293941078964,35.801627634227
2020-08-08 12:00:00,2020,8,8,NA,25.0430468161908,33.5658738149093
2020-08-09 12:00:00,2020,8,9,NA,25.8150130812237,30.888987457226
2020-08-10 12:00:00,2020,8,10,NA,25.3553244964542,32.3507096396603
2020-08-11 12:00:00,2020,8,11,NA,25.1890345368828,29.7784160456827
2020-08-12 12:00:00,2020,8,12,NA,24.0166402523278,27.9636856494272
2020-08-13 12:00:00,2020,8,13,NA,21.5552780646535,24.8193917341472
2020-08-14 12:00:00,2020,8,14,NA,20.8192803150416,28.1429970764056
2020-08-15 12:00:00,2020,8,15,NA,22.5263548628122,29.1454374092511
2020-08-16 12:00:00,2020,8,16,NA,20.0689529757587,28.7073352211248
2020-08-17 12:00:00,2020,8,17,NA,20.9902609369966,30.6343835044065
2020-08-18 12:00:00,2020,8,18,NA,21.6979383495054,28.1104269564252
2020-08-19 12:00:00,2020,8,19,NA,19.7757757124711,24.9574912945337
2020-08-20 12:00:00,2020,8,20,NA,22.6268294785908,31.9884468201891
2020-08-21 12:00:00,2020,8,21,NA,23.4839458545943,35.2426772557573
2020-08-22 12:00:00,2020,8,22,NA,23.8491032134335,33.9036299239158
2020-08-23 12:00:00,2020,8,23,NA,24.0963119785014,34.1893602529189
2020-08-24 12:00:00,2020,8,24,NA,22.6560149202237,32.7629316127556
2020-08-25 12:00:00,2020,8,25,NA,21.5392688555377,32.8014914960677
2020-08-26 12:00:00,2020,8,26,NA,22.7830784217608,34.3525409833779
2020-08-27 12:00:00,2020,8,27,NA,20.6382848963013,33.0248068860627
2020-08-28 12:00:00,2020,8,28,NA,21.5744431256415,31.3274297205748
2020-08-29 12:00:00,2020,8,29,NA,21.5050294435317,32.8378474258746
2020-08-30 12:00:00,2020,8,30,NA,19.2882101906044,28.825914964641
2020-08-31 12:00:00,2020,8,31,NA,19.2769817669353,27.4582702440456
2020-09-01 12:00:00,2020,9,1,NA,19.6753010622442,29.6809757743516
2020-09-02 12:00:00,2020,9,2,NA,20.4551265944038,34.8463931786625
2020-09-03 12:00:00,2020,9,3,NA,23.3682353056181,32.1849723976121
2020-09-04 12:00:00,2020,9,4,NA,24.2405052949746,25.6286420551081
2020-09-05 12:00:00,2020,9,5,NA,19.2939068479823,27.9207111715968
2020-09-06 12:00:00,2020,9,6,NA,21.234223058457,32.0605354993482
2020-09-07 12:00:00,2020,9,7,NA,22.7700775021535,29.4823490142593
2020-09-08 12:00:00,2020,9,8,NA,23.2954279320981,27.0291005362413
2020-09-09 12:00:00,2020,9,9,NA,20.1092072083435,23.4705514406081
2020-09-10 12:00:00,2020,9,10,NA,18.9682243078163,27.518224228913
2020-09-11 12:00:00,2020,9,11,NA,20.4396183642778,23.6463495104702
2020-09-12 12:00:00,2020,9,12,NA,16.5333816272765,29.1457319394425
2020-09-13 12:00:00,2020,9,13,NA,18.1395172136288,31.3188471942261
2020-09-14 12:00:00,2020,9,14,NA,21.1451012661544,33.402471752304
2020-09-15 12:00:00,2020,9,15,NA,22.4532061154939,32.8200755609814
2020-09-16 12:00:00,2020,9,16,NA,13.7543027982143,30.2350604686429
2020-09-17 12:00:00,2020,9,17,NA,15.2106446245761,31.5402544534098
2020-09-18 12:00:00,2020,9,18,NA,16.883687767852,30.3324492871294
2020-09-19 12:00:00,2020,9,19,NA,17.9053159209433,27.4991439696034
2020-09-20 12:00:00,2020,9,20,NA,19.8600221497065,24.9331265823103
2020-09-21 12:00:00,2020,9,21,NA,19.1764544779592,27.2465575610414
2020-09-22 12:00:00,2020,9,22,NA,15.9039792063457,21.4482292209373
2020-09-23 12:00:00,2020,9,23,NA,16.1732651622954,22.2013458936037
2020-09-24 12:00:00,2020,9,24,NA,16.2826793252444,18.2008078617453
2020-09-25 12:00:00,2020,9,25,NA,14.0492212469719,22.097848974092
2020-09-26 12:00:00,2020,9,26,NA,12.7408754092305,24.4788388561897
2020-09-27 12:00:00,2020,9,27,NA,11.5107673081863,22.4498011124204
2020-09-28 12:00:00,2020,9,28,NA,10.5410081077333,20.1659303727933
2020-09-29 12:00:00,2020,9,29,NA,9.50005892419439,23.1747814450911
2020-09-30 12:00:00,2020,9,30,NA,12.0158959547028,27.1530735902879
2020-10-01 12:00:00,2020,10,1,NA,12.6411933581318,27.0321492856686
2020-10-02 12:00:00,2020,10,2,NA,14.5142551521562,27.2043535963627
2020-10-03 12:00:00,2020,10,3,NA,13.5531290127654,21.2175245379265
2020-10-04 12:00:00,2020,10,4,NA,12.2548546632566,25.1176578471943
2020-10-05 12:00:00,2020,10,5,NA,13.820923444133,28.1022499793024
2020-10-06 12:00:00,2020,10,6,NA,13.3793850840856,30.5895318104722
2020-10-07 12:00:00,2020,10,7,NA,10.8085269491446,24.0765850725374
2020-10-08 12:00:00,2020,10,8,NA,15.983787629522,18.8519688600027
2020-10-09 12:00:00,2020,10,9,NA,14.4629247831096,21.3576222012132
2020-10-10 12:00:00,2020,10,10,NA,11.7952812688427,20.966871198251
2020-10-11 12:00:00,2020,10,11,NA,11.9560302794074,23.4132654229659
2020-10-12 12:00:00,2020,10,12,NA,8.67751877874553,20.4261409417776
2020-10-13 12:00:00,2020,10,13,NA,9.72333577623984,23.3591134478467
2020-10-14 12:00:00,2020,10,14,NA,11.5511787275073,22.8479379876205
2020-10-15 12:00:00,2020,10,15,NA,11.1592736817429,21.5329792815336
2020-10-16 12:00:00,2020,10,16,NA,9.10246496413938,21.5823153627106
2020-10-17 12:00:00,2020,10,17,NA,10.2598723953338,25.0316771856493
2020-10-18 12:00:00,2020,10,18,NA,9.54676987337808,24.8752355102844
2020-10-19 12:00:00,2020,10,19,NA,12.2730446584983,27.7035305174342
2020-10-20 12:00:00,2020,10,20,NA,13.4467665141072,28.4826684407594
2020-10-21 12:00:00,2020,10,21,NA,13.8278523857757,24.1255241946345
2020-10-22 12:00:00,2020,10,22,NA,11.1614501770896,24.5363925475762
2020-10-23 12:00:00,2020,10,23,NA,10.6415962990412,25.7378632695695
2020-10-24 12:00:00,2020,10,24,NA,10.7747701394228,24.274304667764
2020-10-25 12:00:00,2020,10,25,NA,10.1675101682274,23.4463169472809
2020-10-26 12:00:00,2020,10,26,NA,8.07837965931326,21.346437782706
2020-10-27 12:00:00,2020,10,27,NA,11.2663948650802,23.0458895644325
2020-10-28 12:00:00,2020,10,28,NA,14.7871966472809,23.3498750397554
2020-10-29 12:00:00,2020,10,29,NA,11.027462360803,20.8528659434567
2020-10-30 12:00:00,2020,10,30,NA,10.0055286689003,23.4385409648744
2020-10-31 12:00:00,2020,10,31,NA,10.1934202295674,22.1030471590769
2020-11-01 12:00:00,2020,11,1,NA,10.8380335787187,20.7823073170075
2020-11-02 12:00:00,2020,11,2,NA,10.111645529944,24.2272830745262
2020-11-03 12:00:00,2020,11,3,NA,10.149499713371,21.5849273789881
2020-11-04 12:00:00,2020,11,4,NA,12.0995438095044,21.4695135291327
2020-11-05 12:00:00,2020,11,5,NA,7.27044114909915,23.3261858967831
2020-11-06 12:00:00,2020,11,6,NA,8.43709623912837,22.7582445072305
2020-11-07 12:00:00,2020,11,7,NA,6.11087926164125,23.3148015575813
2020-11-08 12:00:00,2020,11,8,NA,8.36929615244399,21.1388074538803
2020-11-09 12:00:00,2020,11,9,NA,9.27261559940575,19.9249142019993
2020-11-10 12:00:00,2020,11,10,NA,9.06156548443913,15.9780210164111
2020-11-11 12:00:00,2020,11,11,NA,8.75018094533523,13.8638065446886
2020-11-12 12:00:00,2020,11,12,NA,7.07066558720883,10.1199585997534
2020-11-13 12:00:00,2020,11,13,NA,8.32028949166577,10.2146229928481
2020-11-14 12:00:00,2020,11,14,NA,6.3633046559387,11.3947977346992
2020-11-15 12:00:00,2020,11,15,NA,3.46266359101164,12.1256025983933
2020-11-16 12:00:00,2020,11,16,NA,0.394253143796501,14.9022607687888
2020-11-17 12:00:00,2020,11,17,NA,0.821730514484373,7.04128208713678
2020-11-18 12:00:00,2020,11,18,NA,-1.85464319918247,8.61252195902228
2020-11-19 12:00:00,2020,11,19,NA,-1.10030384950044,13.6927547369959
2020-11-20 12:00:00,2020,11,20,NA,2.32680186649966,18.005788929839
2020-11-21 12:00:00,2020,11,21,NA,0.314560609304899,16.0791067176512
2020-11-22 12:00:00,2020,11,22,NA,-3.40969549046998,5.6831563945357
2020-11-23 12:00:00,2020,11,23,NA,-2.9191915445058,10.5051760659422
2020-11-24 12:00:00,2020,11,24,NA,0.387008168288099,13.6220089081264
2020-11-25 12:00:00,2020,11,25,NA,7.48146922304214,17.8269552385269
2020-11-26 12:00:00,2020,11,26,NA,4.58088313208761,18.0535655665314
2020-11-27 12:00:00,2020,11,27,NA,8.49370343983625,15.8001439136194
2020-11-28 12:00:00,2020,11,28,NA,7.75682066318847,10.3418206602293
2020-11-29 12:00:00,2020,11,29,NA,4.19091527185014,13.5209448121021
2020-11-30 12:00:00,2020,11,30,NA,-0.0873779513572397,8.07589442473897
2020-12-01 12:00:00,2020,12,1,NA,-1.57634127991267,2.43428730853864
2020-12-02 12:00:00,2020,12,2,NA,-2.00233169610745,8.74803646931819
2020-12-03 12:00:00,2020,12,3,NA,-0.581200944883355,10.6965816278959
2020-12-04 12:00:00,2020,12,4,NA,0.393910274768867,9.09491450636285
2020-12-05 12:00:00,2020,12,5,NA,-1.94118922867421,3.19369668413191
2020-12-06 12:00:00,2020,12,6,NA,-2.14896813078973,7.5950495651494
2020-12-07 12:00:00,2020,12,7,NA,-3.9539013495775,5.25209723318536
2020-12-08 12:00:00,2020,12,8,NA,-2.73720500445013,9.50263303181149
2020-12-09 12:00:00,2020,12,9,NA,-4.31586582609251,5.54234945867441
2020-12-10 12:00:00,2020,12,10,NA,-3.8468470960087,4.6512741122184
2020-12-11 12:00:00,2020,12,11,NA,-3.31753680175931,11.9610382593048
2020-12-12 12:00:00,2020,12,12,NA,-1.53164829496975,8.67927911866012
2020-12-13 12:00:00,2020,12,13,NA,-3.96645067867789,8.1644929776519
2020-12-14 12:00:00,2020,12,14,NA,-0.977076912625695,12.3922985216928
2020-12-15 12:00:00,2020,12,15,NA,0.397810315047083,14.4557512761034
2020-12-16 12:00:00,2020,12,16,NA,2.57472277248845,15.6593550241235
2020-12-17 12:00:00,2020,12,17,NA,2.1563846565917,10.1842565993972
2020-12-18 12:00:00,2020,12,18,NA,3.43004538910129,12.8615418936734
2020-12-19 12:00:00,2020,12,19,NA,2.85380811679007,14.1422981333438
2020-12-20 12:00:00,2020,12,20,NA,5.75295501169321,14.9653507063346
2020-12-21 12:00:00,2020,12,21,NA,3.20806572118144,14.1911632548898
2020-12-22 12:00:00,2020,12,22,NA,0.461698468964503,13.7348871185693
2020-12-23 12:00:00,2020,12,23,NA,-0.0571965308568201,8.30194005548928
2020-12-24 12:00:00,2020,12,24,NA,0.91228906042641,6.85998912872505
2020-12-25 12:00:00,2020,12,25,NA,-0.370257977594292,12.8754773859767
2020-12-26 12:00:00,2020,12,26,NA,0.923226558341344,12.1465409781591
2020-12-27 12:00:00,2020,12,27,NA,0.0809175558193047,11.2029961079207
2020-12-28 12:00:00,2020,12,28,NA,-0.472673270757885,5.80433216361838
2020-12-29 12:00:00,2020,12,29,NA,-1.48636059976933,7.67053558887297
2020-12-30 12:00:00,2020,12,30,NA,-3.85862029783399,7.23501509888443
2020-12-31 12:00:00,2020,12,31,NA,-3.26079398313331,8.58742349647509
2021-01-01 12:00:00,2021,1,1,NA,-4.05577409714624,5.94838675380658
2021-01-02 12:00:00,2021,1,2,NA,-3.24535148499468,8.06563312425943
2021-01-03 12:00:00,2021,1,3,NA,-1.96612908073434,7.31783931496103
2021-01-04 12:00:00,2021,1,4,NA,-5.31525231351418,-0.377963368365313
2021-01-05 12:00:00,2021,1,5,NA,-3.00586827208582,9.77791594133043
2021-01-06 12:00:00,2021,1,6,NA,-2.25754696378382,8.01191554403943
2021-01-07 12:00:00,2021,1,7,NA,0.551671850643408,8.15341847804824
2021-01-08 12:00:00,2021,1,8,NA,0.434806724734287,8.48207202550528
2021-01-09 12:00:00,2021,1,9,NA,7.94690936056809,13.3801265737512
2021-01-10 12:00:00,2021,1,10,NA,1.73160584965685,10.9587991437666
2021-01-11 12:00:00,2021,1,11,NA,-2.05948530786521,11.4426117898737
2021-01-12 12:00:00,2021,1,12,NA,-6.91956708452986,2.88322383171457
2021-01-13 12:00:00,2021,1,13,NA,-6.93780231294909,5.43719998992336
2021-01-14 12:00:00,2021,1,14,NA,-9.69981614362055,7.55166797320399
2021-01-15 12:00:00,2021,1,15,NA,-10.5076866175807,-2.05844345844941
2021-01-16 12:00:00,2021,1,16,NA,-11.6597703731895,0.77593911194325
2021-01-17 12:00:00,2021,1,17,NA,-19.9766202292599,0.73957528844845
2021-01-18 12:00:00,2021,1,18,NA,-9.41889300379037,3.02711887995898
2021-01-19 12:00:00,2021,1,19,NA,-4.05986896757212,8.0741495934437
2021-01-20 12:00:00,2021,1,20,NA,-4.18295160410456,8.99910438820474
2021-01-21 12:00:00,2021,1,21,NA,-0.76635392561155,11.3095073940571
2021-01-22 12:00:00,2021,1,22,NA,-0.732366539053898,5.44120592348194
2021-01-23 12:00:00,2021,1,23,NA,-7.14428979692797,3.01078376198479
2021-01-24 12:00:00,2021,1,24,NA,-5.85727790237278,0.706743189600418
2021-01-25 12:00:00,2021,1,25,NA,-4.04098904752913,5.04711570069928
2021-01-26 12:00:00,2021,1,26,NA,-6.15241614993923,2.82674695101894
2021-01-27 12:00:00,2021,1,27,NA,-6.06843026534357,3.60192478143727
2021-01-28 12:00:00,2021,1,28,NA,-8.34641356437744,4.08929592075535
2021-01-29 12:00:00,2021,1,29,NA,-4.72415839039466,6.84670456814074
2021-01-30 12:00:00,2021,1,30,NA,-3.35243730148074,6.91469991526881
2021-01-31 12:00:00,2021,1,31,NA,-1.24277482784393,12.1338410120963
2021-02-01 12:00:00,2021,2,1,NA,-3.63907772835629,8.01694808835979
2021-02-02 12:00:00,2021,2,2,NA,-1.2105654514783,1.81243926108942
2021-02-03 12:00:00,2021,2,3,NA,-6.74723152241571,-2.20317799475427
2021-02-04 12:00:00,2021,2,4,NA,-6.803851945499,0.540601128871532
2021-02-05 12:00:00,2021,2,5,NA,-7.83353898812839,1.19602922898712
2021-02-06 12:00:00,2021,2,6,NA,-8.59791517725353,-0.652763781906759
2021-02-07 12:00:00,2021,2,7,NA,-7.67956038593363,4.54833898075322
2021-02-08 12:00:00,2021,2,8,NA,-8.45644190744174,10.0525830657497
2021-02-09 12:00:00,2021,2,9,NA,-3.22153922755602,9.44022266913764
2021-02-10 12:00:00,2021,2,10,NA,-1.30377662466906,11.9554636951915
2021-02-11 12:00:00,2021,2,11,NA,0.248370226503266,12.8836330115177
2021-02-12 12:00:00,2021,2,12,NA,3.3180043094633,7.27817381846955
2021-02-13 12:00:00,2021,2,13,NA,-0.132452049393639,7.91275451970697
2021-02-14 12:00:00,2021,2,14,NA,-3.25124210544221,12.8710822243227
2021-02-15 12:00:00,2021,2,15,NA,-1.32441470256209,14.0712224693245
2021-02-16 12:00:00,2021,2,16,NA,5.62504201637275,11.588406174228
2021-02-17 12:00:00,2021,2,17,NA,2.718096416596,13.4392847905883
2021-02-18 12:00:00,2021,2,18,NA,1.40067119968324,14.8638779731412
2021-02-19 12:00:00,2021,2,19,NA,1.46737896360504,12.0642639381507
2021-02-20 12:00:00,2021,2,20,NA,-4.94296816523725,9.56432546572785
2021-02-21 12:00:00,2021,2,21,NA,-2.77994016981028,6.61472400259488
2021-02-22 12:00:00,2021,2,22,NA,-6.58658957153182,8.80904760035473
2021-02-23 12:00:00,2021,2,23,NA,-6.46711669482705,6.48001033140136
2021-02-24 12:00:00,2021,2,24,NA,-5.13716484191931,2.72334442138881
2021-02-25 12:00:00,2021,2,25,NA,-1.08562119870259,8.85568956549787
2021-02-26 12:00:00,2021,2,26,NA,-3.26250033543809,12.3701103010977
2021-02-27 12:00:00,2021,2,27,NA,-4.62570113927377,14.1237058691885
2021-02-28 12:00:00,2021,2,28,NA,-1.49247218273119,10.7354271839557
2021-03-01 12:00:00,2021,3,1,NA,1.36747307575567,10.9503409226937
2021-03-02 12:00:00,2021,3,2,NA,0.0803498577737356,8.85608404883574
2021-03-03 12:00:00,2021,3,3,NA,1.95851531710544,18.1086108884113
2021-03-04 12:00:00,2021,3,4,NA,9.37538713742013,19.0621741635481
2021-03-05 12:00:00,2021,3,5,NA,9.62471087099292,18.6980294764498
2021-03-06 12:00:00,2021,3,6,NA,10.8983368279461,17.4237105950113
2021-03-07 12:00:00,2021,3,7,NA,5.52933750588532,13.7352990279852
2021-03-08 12:00:00,2021,3,8,NA,7.77861917178333,18.5084953297069
2021-03-09 12:00:00,2021,3,9,NA,11.3346160005931,17.8402095778475
2021-03-10 12:00:00,2021,3,10,NA,7.74637653784784,14.6998230732777
2021-03-11 12:00:00,2021,3,11,NA,4.21828658900739,11.4879473749847
2021-03-12 12:00:00,2021,3,12,NA,4.72828575891272,12.7119550839227
2021-03-13 12:00:00,2021,3,13,NA,1.57311383280238,13.736661237505
2021-03-14 12:00:00,2021,3,14,NA,0.178245327936687,8.2137152616346
2021-03-15 12:00:00,2021,3,15,NA,0.429854190208753,6.80839969167912
2021-03-16 12:00:00,2021,3,16,NA,0.983406796952791,12.428585521823
2021-03-17 12:00:00,2021,3,17,NA,7.37331975559167,13.4781908128567
2021-03-18 12:00:00,2021,3,18,NA,3.7460808035527,12.6914573082929
2021-03-19 12:00:00,2021,3,19,NA,2.08961311722653,14.7975290151818
2021-03-20 12:00:00,2021,3,20,NA,1.85129769581268,7.10307274160044
2021-03-21 12:00:00,2021,3,21,NA,0.483402922031187,11.2957606666079
2021-03-22 12:00:00,2021,3,22,NA,0.991232295998966,10.762041157226
2021-03-23 12:00:00,2021,3,23,NA,0.737230788327264,16.6828875500315
2021-03-24 12:00:00,2021,3,24,NA,-0.0372258556854099,13.8766088941847
2021-03-25 12:00:00,2021,3,25,NA,-3.04286027588379,8.04063452825158
2021-03-26 12:00:00,2021,3,26,NA,0.815864868770946,13.696950392639
2021-03-27 12:00:00,2021,3,27,NA,-0.179498718978799,16.4865402743353
2021-03-28 12:00:00,2021,3,28,NA,2.99647683409466,11.562805167014
2021-03-29 12:00:00,2021,3,29,NA,3.28758272939534,12.2353899633754
2021-03-30 12:00:00,2021,3,30,NA,3.8005044758162,18.7005668660733
2021-03-31 12:00:00,2021,3,31,NA,3.67352576822852,20.1755917892621
2021-04-01 12:00:00,2021,4,1,NA,4.13765057504362,20.9673506005006
2021-04-02 12:00:00,2021,4,2,NA,4.45308182879843,21.0673325744445
2021-04-03 12:00:00,2021,4,3,NA,4.39988462828351,23.2190852098283
2021-04-04 12:00:00,2021,4,4,NA,6.40765892446896,23.29118595055
2021-04-05 12:00:00,2021,4,5,NA,11.8135131927607,26.9681546120604
2021-04-06 12:00:00,2021,4,6,NA,16.8811289009745,26.0195913672069
2021-04-07 12:00:00,2021,4,7,NA,18.1448901392915,26.1442791870063
2021-04-08 12:00:00,2021,4,8,NA,19.8586430059328,23.9610534777551
2021-04-09 12:00:00,2021,4,9,NA,14.9645964812522,26.3923218837814
2021-04-10 12:00:00,2021,4,10,NA,12.1566022871071,28.0118197485977
2021-04-11 12:00:00,2021,4,11,NA,8.36600026230677,26.6889253407195
2021-04-12 12:00:00,2021,4,12,NA,11.4035619225146,24.5446573761386
2021-04-13 12:00:00,2021,4,13,NA,10.015393343193,24.00274214489
2021-04-14 12:00:00,2021,4,14,NA,12.8807033238264,24.7325683184825
2021-04-15 12:00:00,2021,4,15,NA,12.0743656245854,22.9560594582724
2021-04-16 12:00:00,2021,4,16,NA,7.69447722609433,21.7096968162023
2021-04-17 12:00:00,2021,4,17,NA,7.59175934912807,20.8018936166517
2021-04-18 12:00:00,2021,4,18,NA,8.69861845409162,26.2489447717156
2021-04-19 12:00:00,2021,4,19,NA,9.44887499395786,20.0270452112662
2021-04-20 12:00:00,2021,4,20,NA,10.526719911088,25.3998318751699
2021-04-21 12:00:00,2021,4,21,NA,5.7219880243561,14.5729325954527
2021-04-22 12:00:00,2021,4,22,NA,5.47412559216483,20.2899879701957
2021-04-23 12:00:00,2021,4,23,NA,4.28174500938274,15.5480262135489
2021-04-24 12:00:00,2021,4,24,NA,4.31529733814226,14.7914115314138
2021-04-25 12:00:00,2021,4,25,NA,3.74388475461379,18.9209550805566
2021-04-26 12:00:00,2021,4,26,NA,-1.62983282347834,21.8637981303735
2021-04-27 12:00:00,2021,4,27,NA,6.56572752069451,25.4276523837164
2021-04-28 12:00:00,2021,4,28,NA,8.67438723736132,15.7815464993694
2021-04-29 12:00:00,2021,4,29,NA,8.54914241965981,22.4020301952096
2021-04-30 12:00:00,2021,4,30,NA,7.40633182040826,23.1640294382168
2021-05-01 12:00:00,2021,5,1,NA,10.246968854096,25.4542660560978
2021-05-02 12:00:00,2021,5,2,NA,8.81277565204647,19.6105215322355
2021-05-03 12:00:00,2021,5,3,NA,8.69901287064773,21.1281059723905
2021-05-04 12:00:00,2021,5,4,NA,8.56367439581153,24.2591223113073
2021-05-05 12:00:00,2021,5,5,NA,9.22602879250595,23.8940742235964
2021-05-06 12:00:00,2021,5,6,NA,10.3890515844743,21.3897422558735
2021-05-07 12:00:00,2021,5,7,NA,12.9409017837586,25.2933637697308
2021-05-08 12:00:00,2021,5,8,NA,17.0385990487367,20.2666461456589
2021-05-09 12:00:00,2021,5,9,NA,12.0115636707867,23.6971792041666
2021-05-10 12:00:00,2021,5,10,NA,13.872589408013,23.6471389252713
2021-05-11 12:00:00,2021,5,11,NA,12.5059368337911,23.0789345603916
2021-05-12 12:00:00,2021,5,12,NA,10.9212254661714,23.3555474521666
2021-05-13 12:00:00,2021,5,13,NA,10.2464735037435,21.9900916509065
2021-05-14 12:00:00,2021,5,14,NA,13.2494971484936,26.8445102578677
2021-05-15 12:00:00,2021,5,15,NA,13.4842217152171,30.1271321283835
2021-05-16 12:00:00,2021,5,16,NA,12.7426022502962,22.6652326869649
2021-05-17 12:00:00,2021,5,17,NA,13.1534929890114,27.8215384201019
2021-05-18 12:00:00,2021,5,18,NA,11.5036825344946,30.0990116312396
2021-05-19 12:00:00,2021,5,19,NA,15.6876147439234,32.3186538036098
2021-05-20 12:00:00,2021,5,20,NA,15.8405369033942,32.4863215163149
2021-05-21 12:00:00,2021,5,21,NA,22.5196692707689,28.5345954573611
2021-05-22 12:00:00,2021,5,22,NA,17.252505588114,29.0017061921945
2021-05-23 12:00:00,2021,5,23,NA,15.9414931463142,30.7072845456779
2021-05-24 12:00:00,2021,5,24,NA,21.0152425597035,23.8932791763216
2021-05-25 12:00:00,2021,5,25,NA,18.1984755145374,25.0572543204204
2021-05-26 12:00:00,2021,5,26,NA,18.5434965759267,24.0609257421875
2021-05-27 12:00:00,2021,5,27,NA,14.3644345435415,27.5569774518301
2021-05-28 12:00:00,2021,5,28,NA,14.9245029048763,24.7986199586794
2021-05-29 12:00:00,2021,5,29,NA,15.4122636777409,29.8163603076448
2021-05-30 12:00:00,2021,5,30,NA,16.5123276083944,27.4560067552368
2021-05-31 12:00:00,2021,5,31,NA,16.9515519591932,25.8334238256216
2021-06-01 12:00:00,2021,6,1,NA,16.0981759556164,28.1511482204484
2021-06-02 12:00:00,2021,6,2,NA,13.6332615441898,23.6767008808505
2021-06-03 12:00:00,2021,6,3,NA,14.8077851274871,25.5723996219685
2021-06-04 12:00:00,2021,6,4,NA,15.0717915980179,28.0078886741256
2021-06-05 12:00:00,2021,6,5,NA,16.7227762227214,27.8499308385701
2021-06-06 12:00:00,2021,6,6,NA,16.2001963309767,23.8675619714392
2021-06-07 12:00:00,2021,6,7,NA,17.2493147876922,27.5709989490013
2021-06-08 12:00:00,2021,6,8,NA,16.7385305357321,29.2385879108864
2021-06-09 12:00:00,2021,6,9,NA,17.3838251570574,29.4731152022336
2021-06-10 12:00:00,2021,6,10,NA,19.3434493137816,32.9031442130196
2021-06-11 12:00:00,2021,6,11,NA,19.7107848209318,24.9381792704255
2021-06-12 12:00:00,2021,6,12,NA,18.429701076756,30.4121547370317
2021-06-13 12:00:00,2021,6,13,NA,18.0279167043275,25.542644168363
2021-06-14 12:00:00,2021,6,14,NA,16.8073170197058,25.9062604104137
2021-06-15 12:00:00,2021,6,15,NA,16.446689531986,27.5111782751448
2021-06-16 12:00:00,2021,6,16,NA,17.862593237879,29.8231887563545
2021-06-17 12:00:00,2021,6,17,NA,19.8558280198609,30.692876735436
2021-06-18 12:00:00,2021,6,18,NA,15.8962196651777,30.0380155189325
2021-06-19 12:00:00,2021,6,19,NA,17.5429756898304,32.7442672244962
2021-06-20 12:00:00,2021,6,20,NA,18.7218168413978,33.2286238363646
2021-06-21 12:00:00,2021,6,21,NA,20.6208206251894,27.6571406496184
2021-06-22 12:00:00,2021,6,22,NA,19.1639706270357,31.219505507866
2021-06-23 12:00:00,2021,6,23,NA,20.1432182763069,31.4159854628636
2021-06-24 12:00:00,2021,6,24,NA,19.0575928410099,30.1808001522367
2021-06-25 12:00:00,2021,6,25,NA,19.397037819742,32.4874616883468
2021-06-26 12:00:00,2021,6,26,NA,19.4384030730364,34.0532408074682
2021-06-27 12:00:00,2021,6,27,NA,19.311263491959,33.6067212384299
2021-06-28 12:00:00,2021,6,28,NA,18.7071149955998,32.2262778072506
2021-06-29 12:00:00,2021,6,29,NA,20.8588660694052,30.9615362764257
2021-06-30 12:00:00,2021,6,30,NA,20.6358306589445,30.6906763651382
2021-07-01 12:00:00,2021,7,1,NA,20.8290110687386,31.3534477268734
2021-07-02 12:00:00,2021,7,2,NA,21.1115851635949,30.7096472365509
2021-07-03 12:00:00,2021,7,3,NA,25.4928657362886,28.0282444845654
2021-07-04 12:00:00,2021,7,4,NA,24.3103247795906,25.8966815941143
2021-07-05 12:00:00,2021,7,5,NA,23.628947682332,27.9928945683078
2021-07-06 12:00:00,2021,7,6,NA,23.9792401765607,26.9482037262368
2021-07-07 12:00:00,2021,7,7,NA,23.4421947262883,30.2113405856983
2021-07-08 12:00:00,2021,7,8,NA,20.9213541686369,29.6732216344909
2021-07-09 12:00:00,2021,7,9,NA,20.3819799275278,28.9435098929933
2021-07-10 12:00:00,2021,7,10,NA,19.876668590723,26.1617120254185
2021-07-11 12:00:00,2021,7,11,NA,18.958436131344,21.656123447087
2021-07-12 12:00:00,2021,7,12,NA,19.5086457855989,25.3155745648436
2021-07-13 12:00:00,2021,7,13,NA,20.3482861415137,23.8046350595482
2021-07-14 12:00:00,2021,7,14,NA,21.1748608428956,25.8922252112239
2021-07-15 12:00:00,2021,7,15,NA,20.3394161269813,24.9164809038611
2021-07-16 12:00:00,2021,7,16,NA,20.5309372973741,26.4989032343332
2021-07-17 12:00:00,2021,7,17,NA,20.2123986862421,26.9371129839724
2021-07-18 12:00:00,2021,7,18,NA,22.5075425564453,30.4405070908121
2021-07-19 12:00:00,2021,7,19,NA,20.4694051175818,28.4012481858489
2021-07-20 12:00:00,2021,7,20,NA,21.9039201077217,27.0632130715691
2021-07-21 12:00:00,2021,7,21,NA,19.2441244458723,25.8723077100468
2021-07-22 12:00:00,2021,7,22,NA,21.7610989865712,28.5446735984803
2021-07-23 12:00:00,2021,7,23,NA,25.1557750946159,31.055845922925
2021-07-24 12:00:00,2021,7,24,NA,24.3320745445567,27.4089017732072
2021-07-25 12:00:00,2021,7,25,NA,26.0290695958019,27.6154264103256
2021-07-26 12:00:00,2021,7,26,NA,24.0961558818922,28.0482517933184
2021-07-27 12:00:00,2021,7,27,NA,23.1188853804266,28.5623189145977
2021-07-28 12:00:00,2021,7,28,NA,22.3531073208801,27.0069427404275
2021-07-29 12:00:00,2021,7,29,NA,21.0798564521494,29.8336788537018
2021-07-30 12:00:00,2021,7,30,NA,22.5854597459861,32.1766018524129
2021-07-31 12:00:00,2021,7,31,NA,26.100943611255,28.5523170356362
2021-08-01 12:00:00,2021,8,1,NA,25.035460676742,26.6562881217188
2021-08-02 12:00:00,2021,8,2,NA,25.5417250795055,33.4746896138723
2021-08-03 12:00:00,2021,8,3,NA,26.3693461719937,34.2345873536467
2021-08-04 12:00:00,2021,8,4,NA,26.5513100962649,36.1583856042495
2021-08-05 12:00:00,2021,8,5,NA,27.5163027695059,33.824160766337
2021-08-06 12:00:00,2021,8,6,NA,27.2314605598128,32.9873254801998
2021-08-07 12:00:00,2021,8,7,NA,25.0971030723758,30.3797304253555
2021-08-08 12:00:00,2021,8,8,NA,23.3754281662317,30.6420536256721
2021-08-09 12:00:00,2021,8,9,NA,24.4583494341202,33.8751847649085
2021-08-10 12:00:00,2021,8,10,NA,24.9571937176652,34.8609823294903
2021-08-11 12:00:00,2021,8,11,NA,24.8790471769543,34.055960764648
2021-08-12 12:00:00,2021,8,12,NA,21.3264401375298,32.8663845549345
2021-08-13 12:00:00,2021,8,13,NA,23.6238475675755,31.6428776591685
2021-08-14 12:00:00,2021,8,14,NA,24.8563665216022,33.407714558169
2021-08-15 12:00:00,2021,8,15,NA,26.0335961754545,35.864345989736
2021-08-16 12:00:00,2021,8,16,NA,26.8480281273821,35.496173008846
2021-08-17 12:00:00,2021,8,17,NA,26.0642396638981,34.0715533606594
2021-08-18 12:00:00,2021,8,18,NA,26.1281569675893,28.8015473443345
2021-08-19 12:00:00,2021,8,19,NA,25.3581234670858,29.0395249293583
2021-08-20 12:00:00,2021,8,20,NA,24.0166485321159,34.5721413912673
2021-08-21 12:00:00,2021,8,21,NA,25.9732122378929,33.9922423294858
2021-08-22 12:00:00,2021,8,22,NA,24.7225218016288,33.1691615057737
2021-08-23 12:00:00,2021,8,23,NA,25.1178716461821,35.6727868061974
2021-08-24 12:00:00,2021,8,24,NA,24.8685996585101,36.1314618067369
2021-08-25 12:00:00,2021,8,25,NA,25.6912985370579,34.8411167465236
2021-08-26 12:00:00,2021,8,26,NA,26.1088508540301,33.7893105571337
2021-08-27 12:00:00,2021,8,27,NA,22.3789594314222,27.188380057483
2021-08-28 12:00:00,2021,8,28,NA,22.5692116312564,27.1108006353537
2021-08-29 12:00:00,2021,8,29,NA,20.3905933588183,28.0820248918174
2021-08-30 12:00:00,2021,8,30,NA,21.274652208413,29.97256797036
2021-08-31 12:00:00,2021,8,31,NA,20.8920891362772,31.625942321054
2021-09-01 12:00:00,2021,9,1,NA,20.682764430843,31.0635630717196
2021-09-02 12:00:00,2021,9,2,NA,20.9763262881971,30.8309970390037
2021-09-03 12:00:00,2021,9,3,NA,20.5946890275547,31.4381027729732
2021-09-04 12:00:00,2021,9,4,NA,20.5331052018858,33.6871368063379
2021-09-05 12:00:00,2021,9,5,NA,20.704081017522,28.2814724193486
2021-09-06 12:00:00,2021,9,6,NA,18.5220344683756,22.8382920602599
2021-09-07 12:00:00,2021,9,7,NA,16.1236852359236,28.7043448952953
2021-09-08 12:00:00,2021,9,8,NA,17.2494792475337,27.5058324570137
2021-09-09 12:00:00,2021,9,9,NA,17.5881642224973,29.8743557057181
2021-09-10 12:00:00,2021,9,10,NA,18.9531741344815,29.2687715874705
2021-09-11 12:00:00,2021,9,11,NA,21.0318114298334,27.9794691126543
2021-09-12 12:00:00,2021,9,12,NA,20.0663155410379,29.0210349010405
2021-09-13 12:00:00,2021,9,13,NA,19.7438622529798,25.7321801427812
2021-09-14 12:00:00,2021,9,14,NA,19.2088874553286,26.5137581821362
2021-09-15 12:00:00,2021,9,15,NA,16.9934660934186,23.5111844268667
2021-09-16 12:00:00,2021,9,16,NA,15.6030087908977,22.4350116290812
2021-09-17 12:00:00,2021,9,17,NA,15.0447017478749,22.3648206546943
2021-09-18 12:00:00,2021,9,18,NA,13.5808172596958,26.9142040053212
2021-09-19 12:00:00,2021,9,19,NA,15.5870102209105,23.8575661092752
2021-09-20 12:00:00,2021,9,20,NA,15.4184790979423,25.1244782516266
2021-09-21 12:00:00,2021,9,21,NA,16.6505561384519,26.6350891601587
2021-09-22 12:00:00,2021,9,22,NA,17.3056233847374,28.7262792268102
2021-09-23 12:00:00,2021,9,23,NA,17.6138368035512,25.2844161982227
2021-09-24 12:00:00,2021,9,24,NA,18.7309697121413,24.3237540686254
2021-09-25 12:00:00,2021,9,25,NA,21.0860734443777,22.046871336445
2021-09-26 12:00:00,2021,9,26,NA,18.3186692249728,20.9309099267918
2021-09-27 12:00:00,2021,9,27,NA,13.373790533288,19.9919506214111
2021-09-28 12:00:00,2021,9,28,NA,11.4285648951672,17.675530990136
2021-09-29 12:00:00,2021,9,29,NA,10.9412650815369,16.2285579508658
2021-09-30 12:00:00,2021,9,30,NA,8.59445513633664,18.2105309339268
2021-10-01 12:00:00,2021,10,1,NA,4.97869273450355,21.4594504049322
2021-10-02 12:00:00,2021,10,2,NA,4.41099127705517,21.6579105450358
2021-10-03 12:00:00,2021,10,3,NA,7.3158473843563,18.6549428362202
2021-10-04 12:00:00,2021,10,4,NA,6.09676896214773,22.1761024096491
2021-10-05 12:00:00,2021,10,5,NA,8.41054600693552,19.1617354626976
2021-10-06 12:00:00,2021,10,6,NA,12.5216641976422,26.2088082684891
2021-10-07 12:00:00,2021,10,7,NA,16.1942279048963,20.0357886768215
2021-10-08 12:00:00,2021,10,8,NA,13.2659716334731,19.357087162004
2021-10-09 12:00:00,2021,10,9,NA,10.9861908135712,19.0714199393869
2021-10-10 12:00:00,2021,10,10,NA,10.9540799177786,18.6027819319927
2021-10-11 12:00:00,2021,10,11,NA,11.3805532209344,24.493240919784
2021-10-12 12:00:00,2021,10,12,NA,11.4344377687172,24.6050445583057
2021-10-13 12:00:00,2021,10,13,NA,12.6768045596555,27.5978347005006
2021-10-14 12:00:00,2021,10,14,NA,14.0756960829641,27.4845071323614
2021-10-15 12:00:00,2021,10,15,NA,13.2686473907682,26.3964519887912
2021-10-16 12:00:00,2021,10,16,NA,15.5604570176704,26.0887714758371
2021-10-17 12:00:00,2021,10,17,NA,19.3875710106234,26.4518424763119
2021-10-18 12:00:00,2021,10,18,NA,17.3246059886888,23.0635688513952
2021-10-19 12:00:00,2021,10,19,NA,15.2389220448634,24.9700080963975
2021-10-20 12:00:00,2021,10,20,NA,12.9890671976464,21.8680559290636
2021-10-21 12:00:00,2021,10,21,NA,9.62978783794532,18.207309705337
2021-10-22 12:00:00,2021,10,22,NA,9.60637408303065,20.7846870551289
2021-10-23 12:00:00,2021,10,23,NA,9.31625445988475,22.0227838633856
2021-10-24 12:00:00,2021,10,24,NA,9.3972904561752,21.4757179361272
2021-10-25 12:00:00,2021,10,25,NA,8.83834225258938,21.4681090057971
2021-10-26 12:00:00,2021,10,26,NA,8.94088242856795,16.6956029315847
2021-10-27 12:00:00,2021,10,27,NA,9.79868098795669,18.5565472201714
2021-10-28 12:00:00,2021,10,28,NA,9.82816588680805,21.8243587813512
2021-10-29 12:00:00,2021,10,29,NA,6.30391336851038,18.0486155810449
2021-10-30 12:00:00,2021,10,30,NA,6.72257072108792,20.6889857200292
2021-10-31 12:00:00,2021,10,31,NA,6.88551121643257,19.5141681326929
2021-11-01 12:00:00,2021,11,1,NA,5.78440211286801,15.1152955843708
2021-11-02 12:00:00,2021,11,2,NA,5.06963135127717,17.1785962970033
2021-11-03 12:00:00,2021,11,3,NA,5.47502724001131,18.5261583365497
2021-11-04 12:00:00,2021,11,4,NA,6.79300648579522,23.3874778464948
2021-11-05 12:00:00,2021,11,5,NA,8.68685155213342,15.8246678535655
2021-11-06 12:00:00,2021,11,6,NA,6.07820106533165,17.7179890046241
2021-11-07 12:00:00,2021,11,7,NA,3.9397907604531,16.7082410225105
2021-11-08 12:00:00,2021,11,8,NA,3.27693752383481,13.507463686395
2021-11-09 12:00:00,2021,11,9,NA,4.28711646003538,17.7906940644616
2021-11-10 12:00:00,2021,11,10,NA,6.1431930450166,22.3561539370115
2021-11-11 12:00:00,2021,11,11,NA,6.79418904138499,14.0393374997634
2021-11-12 12:00:00,2021,11,12,NA,5.45977112994097,14.7234444745185
2021-11-13 12:00:00,2021,11,13,NA,2.24765684624408,12.6031017004247
2021-11-14 12:00:00,2021,11,14,NA,1.05982666799223,4.13153080735941
2021-11-15 12:00:00,2021,11,15,NA,0.939106264848748,6.33365963118087
2021-11-16 12:00:00,2021,11,16,NA,-6.81921807662387,1.86328941923823
2021-11-17 12:00:00,2021,11,17,NA,-4.20505516531222,5.0888076409686
2021-11-18 12:00:00,2021,11,18,NA,-2.69009807766503,3.52953305588142
2021-11-19 12:00:00,2021,11,19,NA,-0.0712270480464543,9.99031631872503
2021-11-20 12:00:00,2021,11,20,NA,-0.441229455016163,5.89078031897193
2021-11-21 12:00:00,2021,11,21,NA,-1.37611329316983,7.80258421216891
2021-11-22 12:00:00,2021,11,22,NA,-0.201561711919771,6.51404198794608
2021-11-23 12:00:00,2021,11,23,NA,-1.07032447810893,9.26637382004334
2021-11-24 12:00:00,2021,11,24,NA,-1.17270516232343,7.39122980470498
2021-11-25 12:00:00,2021,11,25,NA,1.31256255525413,15.70087512081
2021-11-26 12:00:00,2021,11,26,NA,-1.02008506161592,11.1508479967696
2021-11-27 12:00:00,2021,11,27,NA,-0.534452546525609,13.1082142536677
2021-11-28 12:00:00,2021,11,28,NA,3.47861916031593,14.9139164747021
2021-11-29 12:00:00,2021,11,29,NA,2.14429747108529,12.3155278028301
2021-11-30 12:00:00,2021,11,30,NA,1.36888376820305,9.63960432510947
2021-12-01 12:00:00,2021,12,1,NA,-3.45194529161443,7.51127048854737
2021-12-02 12:00:00,2021,12,2,NA,-3.51292397611472,6.00912138926578
2021-12-03 12:00:00,2021,12,3,NA,-3.37838870855788,6.29669048790715
2021-12-04 12:00:00,2021,12,4,NA,-1.73726702223288,8.00675067370625
2021-12-05 12:00:00,2021,12,5,NA,-3.03183753645376,10.6037781120435
2021-12-06 12:00:00,2021,12,6,NA,-1.46315279101395,5.62522391538211
2021-12-07 12:00:00,2021,12,7,NA,-0.976282108696674,11.5040488571944
2021-12-08 12:00:00,2021,12,8,NA,1.28172312605718,15.9404321479983
2021-12-09 12:00:00,2021,12,9,NA,1.93252367822338,14.163653690845
2021-12-10 12:00:00,2021,12,10,NA,-0.0859916912061944,12.487888255836
2021-12-11 12:00:00,2021,12,11,NA,6.28122762355063,12.0566544057271
2021-12-12 12:00:00,2021,12,12,NA,2.95098371050549,9.06046231809339
2021-12-13 12:00:00,2021,12,13,NA,2.25361060623557,8.33777181915143
2021-12-14 12:00:00,2021,12,14,NA,5.58695991510145,10.490718426694
2021-12-15 12:00:00,2021,12,15,NA,2.57703079007955,14.1927104259297
2021-12-16 12:00:00,2021,12,16,NA,2.72731402181437,11.823128831636
2021-12-17 12:00:00,2021,12,17,NA,1.95881443805378,9.93615546487777
2021-12-18 12:00:00,2021,12,18,NA,3.37379737162747,10.9691662983799
2021-12-19 12:00:00,2021,12,19,NA,1.60772371783574,8.29747833846636
2021-12-20 12:00:00,2021,12,20,NA,-1.22536775002141,9.73369724670755
2021-12-21 12:00:00,2021,12,21,NA,1.00384593202057,10.4472606728443
2021-12-22 12:00:00,2021,12,22,NA,-0.529592820105112,9.62074887850158
2021-12-23 12:00:00,2021,12,23,NA,-1.89678340713988,9.99737524058224
2021-12-24 12:00:00,2021,12,24,NA,-1.8719303629338,9.28713295534495
2021-12-25 12:00:00,2021,12,25,NA,-2.02551464472194,8.08120394457232
2021-12-26 12:00:00,2021,12,26,NA,-0.758951448377796,9.51034126082662
2021-12-27 12:00:00,2021,12,27,NA,-3.05563088222052,8.10873487418833
2021-12-28 12:00:00,2021,12,28,NA,-4.38517368281,9.36202877516329
2021-12-29 12:00:00,2021,12,29,NA,-4.2981203376423,10.0486552709997
2021-12-30 12:00:00,2021,12,30,NA,-2.01871086288866,9.43446259245081
2021-12-31 12:00:00,2021,12,31,NA,-3.28491000670061,8.91461185041094
2022-01-01 12:00:00,2022,1,1,NA,0.823318296599516,15.9743558760439
2022-01-02 12:00:00,2022,1,2,NA,3.53986072463991,17.5785389889665
2022-01-03 12:00:00,2022,1,3,NA,7.27327691672921,11.7381874626366
2022-01-04 12:00:00,2022,1,4,NA,4.83717040711063,9.87763854119937
2022-01-05 12:00:00,2022,1,5,NA,-1.59483450238886,2.16268722376941
2022-01-06 12:00:00,2022,1,6,NA,-3.27575768838909,2.5578544361243
2022-01-07 12:00:00,2022,1,7,NA,-5.16111748306657,3.26864091914399
2022-01-08 12:00:00,2022,1,8,NA,0.785850900684772,6.68620161611255
2022-01-09 12:00:00,2022,1,9,NA,4.10961126239937,10.1386327715089
2022-01-10 12:00:00,2022,1,10,NA,2.59362235352787,8.45572667417728
2022-01-11 12:00:00,2022,1,11,NA,-2.44920738836506,4.73178661775425
2022-01-12 12:00:00,2022,1,12,NA,0.239249365860815,5.06557335997577
2022-01-13 12:00:00,2022,1,13,NA,-1.55744597316891,9.02383380183257
2022-01-14 12:00:00,2022,1,14,NA,-0.698637264714176,9.35264837814709
2022-01-15 12:00:00,2022,1,15,NA,-1.19865292983831,9.84974860777147
2022-01-16 12:00:00,2022,1,16,NA,2.99770947974842,8.03347986574265
2022-01-17 12:00:00,2022,1,17,NA,2.36743596336748,4.40375419223656
2022-01-18 12:00:00,2022,1,18,NA,-2.77346032145068,0.80796437759187
2022-01-19 12:00:00,2022,1,19,NA,-4.56860053943931,1.36622841170066
2022-01-20 12:00:00,2022,1,20,NA,-4.09964173380831,1.20039844475017
2022-01-21 12:00:00,2022,1,21,NA,-4.2387190817504,1.92035409991483
2022-01-22 12:00:00,2022,1,22,NA,-2.91114498048898,3.14776350723995
2022-01-23 12:00:00,2022,1,23,NA,-4.01875082637581,4.13236686054252
2022-01-24 12:00:00,2022,1,24,NA,-4.23909743232739,6.79433587190363
2022-01-25 12:00:00,2022,1,25,NA,-2.96738878894367,5.07987651182732
2022-01-26 12:00:00,2022,1,26,NA,-2.75373452067824,7.41735075329116
2022-01-27 12:00:00,2022,1,27,NA,-0.680353505442108,9.13674199614893
2022-01-28 12:00:00,2022,1,28,NA,-0.42175479863572,11.5197706729823
2022-01-29 12:00:00,2022,1,29,NA,2.7776596234236,12.7643326021289
2022-01-30 12:00:00,2022,1,30,NA,0.722632314824887,7.92319065062118
2022-01-31 12:00:00,2022,1,31,NA,0.562797210010022,8.26339179144581
2022-02-01 12:00:00,2022,2,1,NA,-0.73359753132305,8.68413125068008
2022-02-02 12:00:00,2022,2,2,NA,-0.315254599347814,7.819507044475
2022-02-03 12:00:00,2022,2,3,NA,-0.88267002397589,11.951600930725
2022-02-04 12:00:00,2022,2,4,NA,0.737508268611318,13.296681273114
2022-02-05 12:00:00,2022,2,5,NA,4.02914147390868,15.2956140840053
2022-02-06 12:00:00,2022,2,6,NA,2.44916466089664,11.5146254920194
2022-02-07 12:00:00,2022,2,7,NA,3.64790627336784,8.87421862544094
2022-02-08 12:00:00,2022,2,8,NA,1.08191512092827,9.57699758692249
2022-02-09 12:00:00,2022,2,9,NA,1.4157907897291,7.92241865599306
2022-02-10 12:00:00,2022,2,10,NA,1.29333376836508,11.0203788609013
2022-02-11 12:00:00,2022,2,11,NA,0.027007777617384,12.0170233875955
2022-02-12 12:00:00,2022,2,12,NA,-2.29040597685939,8.45176968332387
2022-02-13 12:00:00,2022,2,13,NA,-2.52054914045861,4.5345893623096
2022-02-14 12:00:00,2022,2,14,NA,0.436740921994221,8.40656979553928
2022-02-15 12:00:00,2022,2,15,NA,0.365491454601208,12.3555070645793
2022-02-16 12:00:00,2022,2,16,NA,0.577662143626099,15.9732993155126
2022-02-17 12:00:00,2022,2,17,NA,0.397843555381586,15.0387253421671
2022-02-18 12:00:00,2022,2,18,NA,-2.42043494889799,11.8063877729748
2022-02-19 12:00:00,2022,2,19,NA,-4.86624761124028,5.30293458142463
2022-02-20 12:00:00,2022,2,20,NA,-3.48795667367039,11.3883652595492
2022-02-21 12:00:00,2022,2,21,NA,1.63483624322436,6.97159984536819
2022-02-22 12:00:00,2022,2,22,NA,0.946630942262848,10.3846772299623
2022-02-23 12:00:00,2022,2,23,NA,2.13900502430586,10.5025470992397
2022-02-24 12:00:00,2022,2,24,NA,0.389947372658873,7.69699333921723
2022-02-25 12:00:00,2022,2,25,NA,-2.59284650660806,2.65061008159565
2022-02-26 12:00:00,2022,2,26,NA,-4.7433463308773,4.32667811578249
2022-02-27 12:00:00,2022,2,27,NA,-3.09127314574712,1.03732436842444
2022-02-28 12:00:00,2022,2,28,NA,-5.6428828787658,1.0268045876083
2022-03-01 12:00:00,2022,3,1,NA,-5.80522390390927,4.95589455216786
2022-03-02 12:00:00,2022,3,2,NA,-4.87436171806844,8.87540132542638
2022-03-03 12:00:00,2022,3,3,NA,-3.0585593421792,9.64935655577606
2022-03-04 12:00:00,2022,3,4,NA,-1.95028087055191,5.47833971662163
2022-03-05 12:00:00,2022,3,5,NA,-1.77442661730238,7.78390771176605
2022-03-06 12:00:00,2022,3,6,NA,-2.05647792590259,9.42339296491008
2022-03-07 12:00:00,2022,3,7,NA,-6.36528598302358,14.6349113735092
2022-03-08 12:00:00,2022,3,8,NA,-0.0979486610880622,7.92936292147209
2022-03-09 12:00:00,2022,3,9,NA,7.13482973938123,14.0693401587876
2022-03-10 12:00:00,2022,3,10,NA,3.13415600663023,9.05126849205345
2022-03-11 12:00:00,2022,3,11,NA,-2.18253508886106,5.94241338069582
2022-03-12 12:00:00,2022,3,12,NA,-3.16259329807582,12.2523515313736
2022-03-13 12:00:00,2022,3,13,NA,-0.433499163145107,14.8635916807419
2022-03-14 12:00:00,2022,3,14,NA,0.423567598363083,13.5955395418358
2022-03-15 12:00:00,2022,3,15,NA,0.360975278120829,17.2600726501713
2022-03-16 12:00:00,2022,3,16,NA,1.65590763046912,19.8694361816454
2022-03-17 12:00:00,2022,3,17,NA,-2.28121619149515,14.5484838339618
2022-03-18 12:00:00,2022,3,18,NA,2.22692669466887,15.1320880842403
2022-03-19 12:00:00,2022,3,19,NA,9.57601391069397,11.5655077555489
2022-03-20 12:00:00,2022,3,20,NA,5.85356024604837,9.40487480944135
2022-03-21 12:00:00,2022,3,21,NA,3.87343098845704,8.75800572866636
2022-03-22 12:00:00,2022,3,22,NA,0.494107990940479,7.19150543933119
2022-03-23 12:00:00,2022,3,23,NA,-1.40129890486023,16.6500911276407
2022-03-24 12:00:00,2022,3,24,NA,1.3440938636021,20.2242211749514
2022-03-25 12:00:00,2022,3,25,NA,0.00319877073070796,14.0575006989487
2022-03-26 12:00:00,2022,3,26,NA,1.96143366881405,17.0529376113991
2022-03-27 12:00:00,2022,3,27,NA,1.10456170378853,16.9461172684814
2022-03-28 12:00:00,2022,3,28,NA,2.01450608999075,18.9736841705771
2022-03-29 12:00:00,2022,3,29,NA,3.7188545036034,16.8740456626313
2022-03-30 12:00:00,2022,3,30,NA,9.13400053858825,19.3230577798309
2022-03-31 12:00:00,2022,3,31,NA,8.26267584670951,14.6200600782209
2022-04-01 12:00:00,2022,4,1,NA,6.34372448546931,18.3958127054337
2022-04-02 12:00:00,2022,4,2,NA,3.02488742516975,21.2208819516621
2022-04-03 12:00:00,2022,4,3,NA,5.57855825007157,25.1839284573046
2022-04-04 12:00:00,2022,4,4,NA,8.05066034129357,26.8292557417298
2022-04-05 12:00:00,2022,4,5,NA,9.93227452664054,27.8196922787873
2022-04-06 12:00:00,2022,4,6,NA,7.57770336037812,23.4329208218688
2022-04-07 12:00:00,2022,4,7,NA,8.31283524405401,22.2114023277338
2022-04-08 12:00:00,2022,4,8,NA,8.33882316117017,22.1439654081946
2022-04-09 12:00:00,2022,4,9,NA,9.47735560439875,25.3091807350027
2022-04-10 12:00:00,2022,4,10,NA,10.2371515539888,25.2366025860347
2022-04-11 12:00:00,2022,4,11,NA,9.4720595037833,24.0405857789773
2022-04-12 12:00:00,2022,4,12,NA,8.74730346941512,19.6365242718345
2022-04-13 12:00:00,2022,4,13,NA,7.21238140795519,22.6459883964708
2022-04-14 12:00:00,2022,4,14,NA,9.03571298660482,24.4693199751204
2022-04-15 12:00:00,2022,4,15,NA,7.25893660241599,17.4483153205707
2022-04-16 12:00:00,2022,4,16,NA,5.03433962200951,20.7804907299624
2022-04-17 12:00:00,2022,4,17,NA,5.42212978170685,22.9724560993309
2022-04-18 12:00:00,2022,4,18,NA,7.64268792282297,24.6487005706499
2022-04-19 12:00:00,2022,4,19,NA,6.76913458957265,23.4970298772819
2022-04-20 12:00:00,2022,4,20,NA,10.6735074583988,23.9693392301789
2022-04-21 12:00:00,2022,4,21,NA,10.1707435282816,23.5327707439278
2022-04-22 12:00:00,2022,4,22,NA,12.0463764158413,17.0057794879658
2022-04-23 12:00:00,2022,4,23,NA,10.66243365549,21.2628540153213
2022-04-24 12:00:00,2022,4,24,NA,10.3006740818579,26.9891633438819
2022-04-25 12:00:00,2022,4,25,NA,10.6246936693997,30.4759368396259
2022-04-26 12:00:00,2022,4,26,NA,11.110477304169,24.2630914618971
2022-04-27 12:00:00,2022,4,27,NA,12.0158864278794,24.9367674448707
2022-04-28 12:00:00,2022,4,28,NA,11.7278883520045,20.6468507881456
2022-04-29 12:00:00,2022,4,29,NA,11.5360551558285,23.3645092762877
2022-04-30 12:00:00,2022,4,30,NA,14.0376646621656,26.8166724962721
2022-05-01 12:00:00,2022,5,1,NA,10.2967426088312,26.4665359344392
2022-05-02 12:00:00,2022,5,2,NA,17.6033423305709,26.9208213853561
2022-05-03 12:00:00,2022,5,3,NA,11.8931828944252,16.7984552983912
2022-05-04 12:00:00,2022,5,4,NA,13.8144607280465,18.7131052678547
2022-05-05 12:00:00,2022,5,5,NA,11.5054835016977,17.3741248410467
2022-05-06 12:00:00,2022,5,6,NA,9.36537660051316,21.9452721871358
2022-05-07 12:00:00,2022,5,7,NA,11.2644688795546,22.1601699724592
2022-05-08 12:00:00,2022,5,8,NA,9.70929700887535,20.7273894355644
2022-05-09 12:00:00,2022,5,9,NA,11.3563748427647,21.5287915735433
2022-05-10 12:00:00,2022,5,10,NA,10.9604841017985,22.259597415827
2022-05-11 12:00:00,2022,5,11,NA,11.9422579295891,24.3833656825597
2022-05-12 12:00:00,2022,5,12,NA,10.3668889993081,21.2495784749237
2022-05-13 12:00:00,2022,5,13,NA,9.75495284455714,23.8096263378588
2022-05-14 12:00:00,2022,5,14,NA,13.5476652973701,26.7402082056588
2022-05-15 12:00:00,2022,5,15,NA,13.0800310263811,24.183992238547
2022-05-16 12:00:00,2022,5,16,NA,11.1411437712067,27.8090684666797
2022-05-17 12:00:00,2022,5,17,NA,14.1263898889132,28.4241950511445
2022-05-18 12:00:00,2022,5,18,NA,14.8339232663667,28.5490212974873
2022-05-19 12:00:00,2022,5,19,NA,16.7560411906803,30.1662395957541
2022-05-20 12:00:00,2022,5,20,NA,16.717112353724,29.3869877633463
2022-05-21 12:00:00,2022,5,21,NA,14.0107791033011,27.7913367809647
2022-05-22 12:00:00,2022,5,22,NA,15.4270420367384,24.8214151681655
2022-05-23 12:00:00,2022,5,23,NA,15.5952975366984,24.0249978799424
2022-05-24 12:00:00,2022,5,24,NA,14.9786946307394,26.3736161062716
2022-05-25 12:00:00,2022,5,25,NA,20.5249930285466,24.4426446254554
2022-05-26 12:00:00,2022,5,26,NA,17.0763863211197,23.022126256252
2022-05-27 12:00:00,2022,5,27,NA,13.3003212449062,25.7266272109598
2022-05-28 12:00:00,2022,5,28,NA,12.7853948139604,28.6180833424495
2022-05-29 12:00:00,2022,5,29,NA,11.4840021624354,24.2453982529901
2022-05-30 12:00:00,2022,5,30,NA,14.1064202719389,24.8625477132674
2022-05-31 12:00:00,2022,5,31,NA,14.2477124258327,26.0044919684978
2022-06-01 12:00:00,2022,6,1,NA,12.703323376554,27.3713688076444
2022-06-02 12:00:00,2022,6,2,NA,14.6076107531072,24.9809232279007
2022-06-03 12:00:00,2022,6,3,NA,14.8679632685218,24.7956550433797
2022-06-04 12:00:00,2022,6,4,NA,14.054418850441,28.1992553289957
2022-06-05 12:00:00,2022,6,5,NA,15.1541814666294,29.7250313571889
2022-06-06 12:00:00,2022,6,6,NA,20.7475972779617,26.3726206310056
2022-06-07 12:00:00,2022,6,7,NA,17.7228618595621,30.8855976939404
2022-06-08 12:00:00,2022,6,8,NA,19.425184172133,29.1698618502438
2022-06-09 12:00:00,2022,6,9,NA,20.0508384864251,29.149781877133
2022-06-10 12:00:00,2022,6,10,NA,19.2682696924955,30.3692039058248
2022-06-11 12:00:00,2022,6,11,NA,18.3484939422524,25.4262654582383
2022-06-12 12:00:00,2022,6,12,NA,21.273494693766,25.5206434094671
2022-06-13 12:00:00,2022,6,13,NA,17.8638032999416,25.0688480326573
2022-06-14 12:00:00,2022,6,14,NA,15.35371105543,27.4430011006062
2022-06-15 12:00:00,2022,6,15,NA,17.1132203280207,29.6461630406408
2022-06-16 12:00:00,2022,6,16,NA,18.6695202669072,24.8290048739003
2022-06-17 12:00:00,2022,6,17,NA,17.4962852452685,25.3148417677049
2022-06-18 12:00:00,2022,6,18,NA,17.9258287701157,28.0886617788628
2022-06-19 12:00:00,2022,6,19,NA,17.8893501100893,29.6821940814944
2022-06-20 12:00:00,2022,6,20,NA,18.7707055267867,33.4033592348141
2022-06-21 12:00:00,2022,6,21,NA,22.3821057861513,28.2935200402231
2022-06-22 12:00:00,2022,6,22,NA,20.6261425578587,29.7240923310845
2022-06-23 12:00:00,2022,6,23,NA,21.4400401713645,26.3061842964297
2022-06-24 12:00:00,2022,6,24,NA,23.1015106693072,24.9972174548048
2022-06-25 12:00:00,2022,6,25,NA,20.8809176291675,30.7275606914668
2022-06-26 12:00:00,2022,6,26,NA,20.6407615364414,32.3143157989718
2022-06-27 12:00:00,2022,6,27,NA,23.1004750996946,30.4600049846753
2022-06-28 12:00:00,2022,6,28,NA,21.1896615817414,31.6105192196994
2022-06-29 12:00:00,2022,6,29,NA,18.7121725778452,31.1576218491532
2022-06-30 12:00:00,2022,6,30,NA,21.8077931136636,33.4836795627263
2022-07-01 12:00:00,2022,7,1,NA,25.7632601730964,30.8879568936605
2022-07-02 12:00:00,2022,7,2,NA,23.0909032313096,32.1297723927228
2022-07-03 12:00:00,2022,7,3,NA,25.2065227160909,32.321764729647
2022-07-04 12:00:00,2022,7,4,NA,24.3333054978893,35.41399572836
2022-07-05 12:00:00,2022,7,5,NA,26.3134783026946,34.8862191028226
2022-07-06 12:00:00,2022,7,6,NA,26.2387293997506,32.0568290795653
2022-07-07 12:00:00,2022,7,7,NA,24.5295012953022,32.586321250844
2022-07-08 12:00:00,2022,7,8,NA,25.2466406766266,33.8193814767545
2022-07-09 12:00:00,2022,7,9,NA,26.2211516379338,33.0673555573462
2022-07-10 12:00:00,2022,7,10,NA,24.3817599885183,28.1973282213255
2022-07-11 12:00:00,2022,7,11,NA,21.1247327947231,29.3892622462995
2022-07-12 12:00:00,2022,7,12,NA,21.8612481425044,27.0205411063518
2022-07-13 12:00:00,2022,7,13,NA,21.5415718675198,29.5754478676276
2022-07-14 12:00:00,2022,7,14,NA,21.8461766675674,29.6915730301885
2022-07-15 12:00:00,2022,7,15,NA,23.685106978822,35.2908260449618
2022-07-16 12:00:00,2022,7,16,NA,23.867731433935,30.6842847743736
2022-07-17 12:00:00,2022,7,17,NA,23.4703375944126,32.2076915047047
2022-07-18 12:00:00,2022,7,18,NA,25.8542690535873,33.9539207751432
2022-07-19 12:00:00,2022,7,19,NA,25.712503465013,31.6594101719717
2022-07-20 12:00:00,2022,7,20,NA,24.2246407664161,31.9736124637283
2022-07-21 12:00:00,2022,7,21,NA,26.3037090860008,30.0824375449481
2022-07-22 12:00:00,2022,7,22,NA,24.7656348872779,33.6827868774405
2022-07-23 12:00:00,2022,7,23,NA,24.3915497155203,33.9495830727083
2022-07-24 12:00:00,2022,7,24,NA,23.4184583339692,34.7555478671331
2022-07-25 12:00:00,2022,7,25,NA,23.686309750939,32.7735845599934
2022-07-26 12:00:00,2022,7,26,NA,24.1566016936611,35.1380456167039
2022-07-27 12:00:00,2022,7,27,NA,26.0528439540893,32.4640479776501
2022-07-28 12:00:00,2022,7,28,NA,24.899095456363,34.2900269756261
2022-07-29 12:00:00,2022,7,29,NA,23.9471343753449,36.6240788311421
2022-07-30 12:00:00,2022,7,30,NA,25.9837515472827,29.8944698897478
2022-07-31 12:00:00,2022,7,31,NA,25.8425818393182,31.7894885462768
2022-08-01 12:00:00,2022,8,1,NA,26.5725036985798,35.6784195036492
2022-08-02 12:00:00,2022,8,2,NA,26.9296802358963,34.2930846564211
2022-08-03 12:00:00,2022,8,3,NA,24.664730236328,31.4918242048414
2022-08-04 12:00:00,2022,8,4,NA,24.0034409002775,27.5879218352087
2022-08-05 12:00:00,2022,8,5,NA,21.3924906971693,30.6404761260072
2022-08-06 12:00:00,2022,8,6,NA,22.4858837712574,32.2732078241303
2022-08-07 12:00:00,2022,8,7,NA,23.7620455472414,30.4791384072285
2022-08-08 12:00:00,2022,8,8,NA,24.141908546675,34.4541549228153
2022-08-09 12:00:00,2022,8,9,NA,27.9882878052453,33.3757861795114
2022-08-10 12:00:00,2022,8,10,NA,27.3176985592841,33.7849838736821
2022-08-11 12:00:00,2022,8,11,NA,25.3109178789059,34.4739299783286
2022-08-12 12:00:00,2022,8,12,NA,25.0208550581515,36.067715696927
2022-08-13 12:00:00,2022,8,13,NA,27.8675573769318,33.5243877377879
2022-08-14 12:00:00,2022,8,14,NA,27.6185750625271,35.2953570831661
2022-08-15 12:00:00,2022,8,15,NA,25.1925959737077,34.7876639243274
2022-08-16 12:00:00,2022,8,16,NA,27.3662780267502,33.2374352859796
2022-08-17 12:00:00,2022,8,17,NA,24.5366131989637,34.5264582602803
2022-08-18 12:00:00,2022,8,18,NA,24.7197284643381,35.6770853484063
2022-08-19 12:00:00,2022,8,19,NA,25.3518024009344,36.9997760462184
2022-08-20 12:00:00,2022,8,20,NA,25.8579977341578,37.4420102209152
2022-08-21 12:00:00,2022,8,21,NA,26.1391862171107,32.8587553996624
2022-08-22 12:00:00,2022,8,22,NA,25.8359447726497,34.4744901737476
2022-08-23 12:00:00,2022,8,23,NA,25.2669416429464,34.1756952972728
2022-08-24 12:00:00,2022,8,24,NA,25.5991136081284,32.5516775232831
2022-08-25 12:00:00,2022,8,25,NA,25.9331834546306,28.3374759417855
2022-08-26 12:00:00,2022,8,26,NA,26.6097111172078,29.5995505584346
2022-08-27 12:00:00,2022,8,27,NA,23.6335918591615,24.5933959289212
2022-08-28 12:00:00,2022,8,28,NA,22.0450456804856,29.7290696779977
2022-08-29 12:00:00,2022,8,29,NA,21.5634948400044,31.4672834518295
2022-08-30 12:00:00,2022,8,30,NA,22.5003534525482,24.4200405536666
2022-08-31 12:00:00,2022,8,31,NA,20.98886351017,21.9486675799298
2022-09-01 12:00:00,2022,9,1,NA,20.4346030902681,23.476933233752
2022-09-02 12:00:00,2022,9,2,NA,18.5756723343643,21.8342421411559
2022-09-03 12:00:00,2022,9,3,NA,18.5911190355369,28.766426215546
2022-09-04 12:00:00,2022,9,4,NA,16.1284182511625,26.4751622152771
2022-09-05 12:00:00,2022,9,5,NA,16.4823648863717,26.0701473993782
2022-09-06 12:00:00,2022,9,6,NA,16.7653641543137,28.2693596340433
2022-09-07 12:00:00,2022,9,7,NA,20.0648916008677,32.2696006050109
2022-09-08 12:00:00,2022,9,8,NA,20.2631295408607,32.419904355406
2022-09-09 12:00:00,2022,9,9,NA,21.1393450685646,31.7022320778769
2022-09-10 12:00:00,2022,9,10,NA,23.3901031206838,33.9513711104875
2022-09-11 12:00:00,2022,9,11,NA,22.8117573149788,34.9200759698552
2022-09-12 12:00:00,2022,9,12,NA,21.7087371277438,33.3619398082346
2022-09-13 12:00:00,2022,9,13,NA,21.0068975831563,30.6229733807465
2022-09-14 12:00:00,2022,9,14,NA,20.6932965832432,33.1635590109188
2022-09-15 12:00:00,2022,9,15,NA,20.784901682718,30.371200192167
2022-09-16 12:00:00,2022,9,16,NA,19.6741591748757,29.2604576843247
2022-09-17 12:00:00,2022,9,17,NA,21.6897907169956,30.3505162278325
2022-09-18 12:00:00,2022,9,18,NA,19.9651991505797,33.3808337775883
2022-09-19 12:00:00,2022,9,19,NA,21.3653831487614,26.4384875813653
2022-09-20 12:00:00,2022,9,20,NA,17.3884096939368,27.4812231881417
2022-09-21 12:00:00,2022,9,21,NA,14.8147532742537,26.07913844901
2022-09-22 12:00:00,2022,9,22,NA,15.6471379109274,25.2720601759873
2022-09-23 12:00:00,2022,9,23,NA,15.7721210875194,28.4560496605882
2022-09-24 12:00:00,2022,9,24,NA,17.8003136566103,27.513259784781
2022-09-25 12:00:00,2022,9,25,NA,17.6184739805991,28.2284017268781
2022-09-26 12:00:00,2022,9,26,NA,18.121431386885,24.2088982184696
2022-09-27 12:00:00,2022,9,27,NA,16.3073524504557,26.8246269571927
2022-09-28 12:00:00,2022,9,28,NA,17.0754591464862,29.0441667820185
2022-09-29 12:00:00,2022,9,29,NA,17.6931788982914,27.7963553478576
2022-09-30 12:00:00,2022,9,30,NA,14.1149287769825,23.1286745219498
2022-10-01 12:00:00,2022,10,1,NA,15.9437992426762,26.5076804642961
2022-10-02 12:00:00,2022,10,2,NA,16.219311371586,26.3095115820518
2022-10-03 12:00:00,2022,10,3,NA,14.4694867338438,26.2141889463783
2022-10-04 12:00:00,2022,10,4,NA,13.0849142885529,25.3220052257829
2022-10-05 12:00:00,2022,10,5,NA,16.2394979028144,22.9396311293807
2022-10-06 12:00:00,2022,10,6,NA,13.5707086580252,21.4324303982326
2022-10-07 12:00:00,2022,10,7,NA,8.89823608351936,19.4185453117676
2022-10-08 12:00:00,2022,10,8,NA,10.2256814426928,23.6989996689378
2022-10-09 12:00:00,2022,10,9,NA,11.6343609618211,30.0720429213082
2022-10-10 12:00:00,2022,10,10,NA,12.3006703453374,23.9813739242388
2022-10-11 12:00:00,2022,10,11,NA,12.7031990852083,26.358880119942
2022-10-12 12:00:00,2022,10,12,NA,14.6155212704566,23.2152947857668
2022-10-13 12:00:00,2022,10,13,NA,13.9161581272653,22.8610489494698
2022-10-14 12:00:00,2022,10,14,NA,14.6240050689816,27.2996178006644
2022-10-15 12:00:00,2022,10,15,NA,14.5790260294119,25.7181146836125
2022-10-16 12:00:00,2022,10,16,NA,16.1718380001107,22.8635837661747
2022-10-17 12:00:00,2022,10,17,NA,14.3994263975042,21.2941238156078
2022-10-18 12:00:00,2022,10,18,NA,11.0732618048078,22.6996897298104
2022-10-19 12:00:00,2022,10,19,NA,11.6002537934257,25.0057763830926
2022-10-20 12:00:00,2022,10,20,NA,10.9497718275172,25.2472951715569
2022-10-21 12:00:00,2022,10,21,NA,12.1188605640077,26.4666738841658
2022-10-22 12:00:00,2022,10,22,NA,10.8296276075276,27.7723297255929
2022-10-23 12:00:00,2022,10,23,NA,13.1357246616654,26.0704516917786
2022-10-24 12:00:00,2022,10,24,NA,15.1106090309401,23.6035976446689
2022-10-25 12:00:00,2022,10,25,NA,11.9330987092338,26.4752390171469
2022-10-26 12:00:00,2022,10,26,NA,12.0232296478822,22.3337665241439
2022-10-27 12:00:00,2022,10,27,NA,9.59045628065005,23.2011435993267
2022-10-28 12:00:00,2022,10,28,NA,6.03415309621767,16.5550180483746
2022-10-29 12:00:00,2022,10,29,NA,6.96700090253438,19.537293591063
2022-10-30 12:00:00,2022,10,30,NA,7.623460119332,21.5452897760787
2022-10-31 12:00:00,2022,10,31,NA,9.44011928117016,15.070334853271
2022-11-01 12:00:00,2022,11,1,NA,8.97461028606745,11.9307985715225
2022-11-02 12:00:00,2022,11,2,NA,7.7282157587535,18.5043297046337
2022-11-03 12:00:00,2022,11,3,NA,5.03174359622887,14.4017133158572
2022-11-04 12:00:00,2022,11,4,NA,3.95655751482023,17.6623603078046
2022-11-05 12:00:00,2022,11,5,NA,3.1167204171336,20.8543706720098
2022-11-06 12:00:00,2022,11,6,NA,6.36670025463137,18.7914104959354
2022-11-07 12:00:00,2022,11,7,NA,8.9999311107607,23.8908699749709
2022-11-08 12:00:00,2022,11,8,NA,6.66003934135076,29.1810961633778
2022-11-09 12:00:00,2022,11,9,NA,10.5729608232453,24.816097634339
2022-11-10 12:00:00,2022,11,10,NA,11.2468845375473,21.7771511719439
2022-11-11 12:00:00,2022,11,11,NA,10.9288684127869,24.1824027496652
2022-11-12 12:00:00,2022,11,12,NA,9.17307735561102,23.5810198013637
2022-11-13 12:00:00,2022,11,13,NA,11.1428944464425,22.5488391202966
2022-11-14 12:00:00,2022,11,14,NA,7.17350601728625,19.7304862370631
2022-11-15 12:00:00,2022,11,15,NA,5.74618261082351,17.8244477363301
2022-11-16 12:00:00,2022,11,16,NA,5.33795390663576,20.1310124931321
2022-11-17 12:00:00,2022,11,17,NA,4.0853878903556,18.598751025161
2022-11-18 12:00:00,2022,11,18,NA,5.2599750614514,16.7685878390557
2022-11-19 12:00:00,2022,11,19,NA,4.13161956763714,16.4489560264121
2022-11-20 12:00:00,2022,11,20,NA,3.90444638822781,15.3073901250777
2022-11-21 12:00:00,2022,11,21,NA,5.5453650460299,17.7265630538772
2022-11-22 12:00:00,2022,11,22,NA,8.38950355127818,15.920697634347
2022-11-23 12:00:00,2022,11,23,NA,10.2871899270643,16.6191997010524
2022-11-24 12:00:00,2022,11,24,NA,5.39932356886919,15.4692040859246
2022-11-25 12:00:00,2022,11,25,NA,8.56639817634701,12.9280227117125
2022-11-26 12:00:00,2022,11,26,NA,3.60838990238561,14.8684863631188
2022-11-27 12:00:00,2022,11,27,NA,-1.09490145903236,6.29564078306909
2022-11-28 12:00:00,2022,11,28,NA,-0.867202150690831,9.58337599295635
2022-11-29 12:00:00,2022,11,29,NA,-1.78189849255891,11.7493143582882
2022-11-30 12:00:00,2022,11,30,NA,1.43677008798009,16.866562204389
2022-12-01 12:00:00,2022,12,1,NA,0.968376876132741,13.2856823956331
2022-12-02 12:00:00,2022,12,2,NA,2.55698109848776,17.5244402837126
2022-12-03 12:00:00,2022,12,3,NA,3.21748269245903,11.6847904139546
2022-12-04 12:00:00,2022,12,4,NA,1.68182643892854,10.8824480174334
2022-12-05 12:00:00,2022,12,5,NA,2.32847255048521,13.9503287676613
2022-12-06 12:00:00,2022,12,6,NA,-0.302557493557511,15.6991913222089
2022-12-07 12:00:00,2022,12,7,NA,-0.0949940129499707,13.2654787649985
2022-12-08 12:00:00,2022,12,8,NA,0.446826525501212,8.02401657491488
2022-12-09 12:00:00,2022,12,9,NA,0.129111578423986,8.10911482682003
2022-12-10 12:00:00,2022,12,10,NA,-2.27546160231294,3.45043675711171
2022-12-11 12:00:00,2022,12,11,NA,-4.66465904707183,4.63895202428836
2022-12-12 12:00:00,2022,12,12,NA,-4.19184309790539,3.94515149216111
2022-12-13 12:00:00,2022,12,13,NA,-4.03676703992458,9.29768863815352
2022-12-14 12:00:00,2022,12,14,NA,-4.37260369755873,9.39199177765008
2022-12-15 12:00:00,2022,12,15,NA,-2.05884979830411,8.37035796334352
2022-12-16 12:00:00,2022,12,16,NA,-2.26985527118065,9.64714954396965
2022-12-17 12:00:00,2022,12,17,NA,-1.50651662352731,9.47658091018108
2022-12-18 12:00:00,2022,12,18,NA,1.86878963656513,6.0757270421644
2022-12-19 12:00:00,2022,12,19,NA,-0.472981031661432,3.80156950013605
2022-12-20 12:00:00,2022,12,20,NA,1.55168585972443,3.881846259443
2022-12-21 12:00:00,2022,12,21,NA,-0.793957127598263,5.69451144175784
2022-12-22 12:00:00,2022,12,22,NA,0.724471108667429,10.8748128072741
2022-12-23 12:00:00,2022,12,23,NA,1.41686397392993,12.8131083647991
2022-12-24 12:00:00,2022,12,24,NA,4.94621880867338,11.403406351064
2022-12-25 12:00:00,2022,12,25,NA,4.27811888870264,14.0504731507556
2022-12-26 12:00:00,2022,12,26,NA,-0.702532200289222,6.28134206273925
2022-12-27 12:00:00,2022,12,27,NA,-3.40874673725322,8.65109175446967
2022-12-28 12:00:00,2022,12,28,NA,-2.17603838828435,7.969656554538
2022-12-29 12:00:00,2022,12,29,NA,-1.37021566387077,10.0500462518297
2022-12-30 12:00:00,2022,12,30,NA,-0.962899223016514,4.09622559044778
2022-12-31 12:00:00,2022,12,31,NA,0.867064354018331,11.1456153394818
2023-01-01 12:00:00,2023,1,1,NA,0.107814727521998,13.9605521093799
2023-01-02 12:00:00,2023,1,2,NA,0.172026194823235,8.35093248453328
2023-01-03 12:00:00,2023,1,3,NA,-0.0626267145946011,8.18280669290894
2023-01-04 12:00:00,2023,1,4,NA,-0.212693491544109,10.0544437252054
2023-01-05 12:00:00,2023,1,5,NA,0.531475617802185,11.0305352211533
2023-01-06 12:00:00,2023,1,6,NA,2.58106755949541,12.1141535291863
2023-01-07 12:00:00,2023,1,7,NA,1.14368542826265,9.93928088016855
2023-01-08 12:00:00,2023,1,8,NA,0.86502665374233,9.14908434016947
2023-01-09 12:00:00,2023,1,9,NA,1.15956449141815,10.6949136992683
2023-01-10 12:00:00,2023,1,10,NA,3.09449504313767,13.6337731086736
2023-01-11 12:00:00,2023,1,11,NA,6.14765958051158,14.7936949812185
2023-01-12 12:00:00,2023,1,12,NA,3.51100855731573,14.8161059544989
2023-01-13 12:00:00,2023,1,13,NA,3.40124245539805,13.0814697713063
2023-01-14 12:00:00,2023,1,14,NA,5.90113435466246,21.4797062953876
2023-01-15 12:00:00,2023,1,15,NA,8.23640013282674,17.5025393511467
2023-01-16 12:00:00,2023,1,16,NA,9.92237395502525,15.8331971226885
2023-01-17 12:00:00,2023,1,17,NA,5.69206559862192,12.5224219907567
2023-01-18 12:00:00,2023,1,18,NA,3.32052636701836,10.1129004172934
2023-01-19 12:00:00,2023,1,19,NA,1.1407132471746,8.79301291144078
2023-01-20 12:00:00,2023,1,20,NA,-0.229684410504992,7.1731417725405
2023-01-21 12:00:00,2023,1,21,NA,-0.796634045910638,5.2752097896452
2023-01-22 12:00:00,2023,1,22,NA,-4.31904052013794,6.78980331946338
2023-01-23 12:00:00,2023,1,23,NA,-5.30940418522885,2.1182705715718
2023-01-24 12:00:00,2023,1,24,NA,-7.32484515792548,1.83851362924473
2023-01-25 12:00:00,2023,1,25,NA,-6.82747071160242,-0.927119996174641
2023-01-26 12:00:00,2023,1,26,NA,-7.96071935821187,-2.1209367899842
2023-01-27 12:00:00,2023,1,27,NA,-8.87448736098461,-0.777761693678671
2023-01-28 12:00:00,2023,1,28,NA,-7.21492748333712,1.07806272391898
2023-01-29 12:00:00,2023,1,29,NA,-5.55654472865178,5.253559327477
2023-01-30 12:00:00,2023,1,30,NA,-4.24225338203779,6.06053543140126
2023-01-31 12:00:00,2023,1,31,NA,-7.31606231707638,7.42727956391969
2023-02-01 12:00:00,2023,2,1,NA,-3.49429078637466,3.70626754942163
2023-02-02 12:00:00,2023,2,2,NA,-3.31084420748605,6.03277120055094
2023-02-03 12:00:00,2023,2,3,NA,-2.253156128162,11.9136534707079
2023-02-04 12:00:00,2023,2,4,NA,-1.02617655666261,11.4196884690061
2023-02-05 12:00:00,2023,2,5,NA,-2.68237118844957,3.51014081227946
2023-02-06 12:00:00,2023,2,6,NA,-3.80026579414186,3.3634112590661
2023-02-07 12:00:00,2023,2,7,NA,-1.97889968330207,7.33577696066412
2023-02-08 12:00:00,2023,2,8,NA,-4.84434972870532,7.26824176513072
2023-02-09 12:00:00,2023,2,9,NA,-4.56729456155484,4.44522117893924
2023-02-10 12:00:00,2023,2,10,NA,-1.07594505605848,5.62451944787125
2023-02-11 12:00:00,2023,2,11,NA,0.950561955409401,12.1697616091707
2023-02-12 12:00:00,2023,2,12,NA,1.57258552980435,12.3337039858815
2023-02-13 12:00:00,2023,2,13,NA,1.82031730792406,10.1564060448806
2023-02-14 12:00:00,2023,2,14,NA,0.859098081786125,11.5802864557784
2023-02-15 12:00:00,2023,2,15,NA,0.138689416341769,5.77937880926725
2023-02-16 12:00:00,2023,2,16,NA,2.82233880762076,7.3663923352822
2023-02-17 12:00:00,2023,2,17,NA,1.37002271384166,6.90562703659994
2023-02-18 12:00:00,2023,2,18,NA,1.13452288542061,14.741825450134
2023-02-19 12:00:00,2023,2,19,NA,2.15868849581691,12.53150230706
2023-02-20 12:00:00,2023,2,20,NA,1.6484065069388,10.6779747240543
2023-02-21 12:00:00,2023,2,21,NA,-1.66400409077322,12.0857589527216
2023-02-22 12:00:00,2023,2,22,NA,-2.84817714819231,2.33815860989159
2023-02-23 12:00:00,2023,2,23,NA,-7.40816025749476,-3.90130207994199
2023-02-24 12:00:00,2023,2,24,NA,-5.90364659557122,1.43073260393613
2023-02-25 12:00:00,2023,2,25,NA,-7.11167043741107,6.72031185464238
2023-02-26 12:00:00,2023,2,26,NA,-5.23247871463245,9.7419219907276
2023-02-27 12:00:00,2023,2,27,NA,-3.49808987409498,14.2821641466548
2023-02-28 12:00:00,2023,2,28,NA,0.0295028921485265,13.7028005306668
2023-03-01 12:00:00,2023,3,1,NA,1.45395300452359,12.1751413785159
2023-03-02 12:00:00,2023,3,2,NA,1.2184339837455,10.8840755533655
2023-03-03 12:00:00,2023,3,3,NA,4.34171571297733,11.4871110754547
2023-03-04 12:00:00,2023,3,4,NA,-0.064828866103884,15.6853353674985
2023-03-05 12:00:00,2023,3,5,NA,4.7974942575567,17.675236714896
2023-03-06 12:00:00,2023,3,6,NA,2.93454101462286,18.814609759937
2023-03-07 12:00:00,2023,3,7,NA,0.401536690099147,13.869548437627
2023-03-08 12:00:00,2023,3,8,NA,-0.88277814820995,16.3182692345318
2023-03-09 12:00:00,2023,3,9,NA,0.615646991324578,6.61371412353097
2023-03-10 12:00:00,2023,3,10,NA,0.431250953213382,10.1727325775392
2023-03-11 12:00:00,2023,3,11,NA,3.42017405320889,10.3054714451346
2023-03-12 12:00:00,2023,3,12,NA,-1.0760154736775,6.5787302786206
2023-03-13 12:00:00,2023,3,13,NA,-0.428027794122459,8.11263048251298
2023-03-14 12:00:00,2023,3,14,NA,-2.70013042870376,15.1983266587341
2023-03-15 12:00:00,2023,3,15,NA,1.90491723726951,12.9884120414049
2023-03-16 12:00:00,2023,3,16,NA,-2.67907395972677,7.20343968028067
2023-03-17 12:00:00,2023,3,17,NA,1.57443214037264,7.6446653204843
2023-03-18 12:00:00,2023,3,18,NA,0.942767618942234,14.6270275711749
2023-03-19 12:00:00,2023,3,19,NA,0.534559356339083,12.6451255832604
2023-03-20 12:00:00,2023,3,20,NA,1.68634583110717,13.9607650913649
2023-03-21 12:00:00,2023,3,21,NA,-1.14179090913972,12.2544649699939
2023-03-22 12:00:00,2023,3,22,NA,-0.382728369575927,13.8535674807139
2023-03-23 12:00:00,2023,3,23,NA,0.059573890634085,11.6446649940592
2023-03-24 12:00:00,2023,3,24,NA,-2.86100939917927,10.7298595574621
2023-03-25 12:00:00,2023,3,25,NA,-0.0237748982438495,15.7211483511667
2023-03-26 12:00:00,2023,3,26,NA,3.2270976873611,11.401845937686
2023-03-27 12:00:00,2023,3,27,NA,2.27398697651196,12.6227248079128
2023-03-28 12:00:00,2023,3,28,NA,1.87573882035932,16.1146865505157
2023-03-29 12:00:00,2023,3,29,NA,1.60445922121985,18.1783772505219
2023-03-30 12:00:00,2023,3,30,NA,5.52111261103475,18.6930845545075
2023-03-31 12:00:00,2023,3,31,NA,4.77219249806804,22.4965582945702
2023-04-01 12:00:00,2023,4,1,NA,4.67381016680471,16.671231906958
2023-04-02 12:00:00,2023,4,2,NA,2.51875545954306,15.3140183826329
2023-04-03 12:00:00,2023,4,3,NA,7.72565833799913,12.650539075675
2023-04-04 12:00:00,2023,4,4,NA,4.33999272336456,17.2318695283569
2023-04-05 12:00:00,2023,4,5,NA,1.97388840780385,14.5240519890902
2023-04-06 12:00:00,2023,4,6,NA,1.30611121455909,18.1685978238296
2023-04-07 12:00:00,2023,4,7,NA,2.98404761705183,17.9973838615699
2023-04-08 12:00:00,2023,4,8,NA,3.66323874822259,16.1699614154871
2023-04-09 12:00:00,2023,4,9,NA,8.38214724160292,14.7769093307831
2023-04-10 12:00:00,2023,4,10,NA,4.54624274096274,20.5406725083824
2023-04-11 12:00:00,2023,4,11,NA,5.48251378334124,19.1861533608935
2023-04-12 12:00:00,2023,4,12,NA,6.06955542273132,20.8676989169982
2023-04-13 12:00:00,2023,4,13,NA,7.71700580154039,21.5203206525241
2023-04-14 12:00:00,2023,4,14,NA,5.69255624050787,23.660366146472
2023-04-15 12:00:00,2023,4,15,NA,8.04817689291237,25.5264647059334
2023-04-16 12:00:00,2023,4,16,NA,6.97123853095512,21.7063721743653
2023-04-17 12:00:00,2023,4,17,NA,8.23361965087396,20.7403423181385
2023-04-18 12:00:00,2023,4,18,NA,8.36864048107954,16.3362689365682
2023-04-19 12:00:00,2023,4,19,NA,10.6588040470513,24.4980091471861
2023-04-20 12:00:00,2023,4,20,NA,11.0103320602812,25.743038155481
2023-04-21 12:00:00,2023,4,21,NA,12.5633921153276,26.7678947154516
2023-04-22 12:00:00,2023,4,22,NA,14.5361174397339,28.5513370298419
2023-04-23 12:00:00,2023,4,23,NA,11.8467746730563,23.432934470974
2023-04-24 12:00:00,2023,4,24,NA,6.67062827100967,20.4973102589684
2023-04-25 12:00:00,2023,4,25,NA,9.1530068169905,23.8341790673118
2023-04-26 12:00:00,2023,4,26,NA,11.8609743124493,20.4678015560537
2023-04-27 12:00:00,2023,4,27,NA,12.6366078626061,22.121976806889
2023-04-28 12:00:00,2023,4,28,NA,8.01839430560458,21.2664369331608
2023-04-29 12:00:00,2023,4,29,NA,11.1353748420023,23.6599384709479
2023-04-30 12:00:00,2023,4,30,NA,10.7544701539344,25.9825226688939
2023-05-01 12:00:00,2023,5,1,NA,12.6378983982757,25.4411584676775
2023-05-02 12:00:00,2023,5,2,NA,10.1130444017944,23.3409868267891
2023-05-03 12:00:00,2023,5,3,NA,11.0681777172625,24.3095371487832
2023-05-04 12:00:00,2023,5,4,NA,9.31245340463242,21.3140049592252
2023-05-05 12:00:00,2023,5,5,NA,10.1064144968759,19.9052820226087
2023-05-06 12:00:00,2023,5,6,NA,8.58827659670639,19.2480246801041
2023-05-07 12:00:00,2023,5,7,NA,9.24358496206894,16.1976315547747
2023-05-08 12:00:00,2023,5,8,NA,8.94809180235435,16.7905217885291
2023-05-09 12:00:00,2023,5,9,NA,10.271724471478,19.9444682965659
2023-05-10 12:00:00,2023,5,10,NA,14.2749030359568,25.5031435288348
2023-05-11 12:00:00,2023,5,11,NA,12.9403089143535,25.0047991161209
2023-05-12 12:00:00,2023,5,12,NA,13.2581351745825,27.6321494552965
2023-05-13 12:00:00,2023,5,13,NA,7.7972342230096,25.4631643483024
2023-05-14 12:00:00,2023,5,14,NA,9.6953265182377,26.4531501615223
2023-05-15 12:00:00,2023,5,15,NA,13.1904519345994,25.3782003816993
2023-05-16 12:00:00,2023,5,16,NA,11.8930107071543,26.2325370660663
2023-05-17 12:00:00,2023,5,17,NA,11.4005595453186,22.9192996262712
2023-05-18 12:00:00,2023,5,18,NA,9.40837581988335,25.3148887061218
2023-05-19 12:00:00,2023,5,19,NA,11.9463633196387,27.3257791293273
2023-05-20 12:00:00,2023,5,20,NA,12.7811967297546,27.7737951476558
2023-05-21 12:00:00,2023,5,21,NA,13.6161882631306,26.5161525145976
2023-05-22 12:00:00,2023,5,22,NA,11.3643079907226,24.6483897373165
2023-05-23 12:00:00,2023,5,23,NA,11.4015461539526,27.1478351199224
2023-05-24 12:00:00,2023,5,24,NA,10.7135468823208,23.8085930411061
2023-05-25 12:00:00,2023,5,25,NA,11.1081814515253,24.7031945608994
2023-05-26 12:00:00,2023,5,26,NA,11.900475377745,26.7540110340062
2023-05-27 12:00:00,2023,5,27,NA,12.857169078557,29.0031101715336
2023-05-28 12:00:00,2023,5,28,NA,15.0528633698058,30.7991523357756
2023-05-29 12:00:00,2023,5,29,NA,15.9887850695906,31.6463349287685
2023-05-30 12:00:00,2023,5,30,NA,16.0419245104754,32.7457780889916
2023-05-31 12:00:00,2023,5,31,NA,18.2072500832502,28.6266395940242
2023-06-01 12:00:00,2023,6,1,NA,14.0502269984939,25.9576244368932
2023-06-02 12:00:00,2023,6,2,NA,15.5700317409645,23.683820691002
2023-06-03 12:00:00,2023,6,3,NA,14.4471201861247,26.778142431319
2023-06-04 12:00:00,2023,6,4,NA,12.9775681645378,29.5628359017136
2023-06-05 12:00:00,2023,6,5,NA,16.3915369778151,29.5309075636203
2023-06-06 12:00:00,2023,6,6,NA,17.4372372136575,29.7841334285519
2023-06-07 12:00:00,2023,6,7,NA,21.9003767682732,23.5256177886099
2023-06-08 12:00:00,2023,6,8,NA,19.2344093166788,23.4912266467288
2023-06-09 12:00:00,2023,6,9,NA,18.5395875357692,27.3880238916912
2023-06-10 12:00:00,2023,6,10,NA,19.8527988195009,27.4849454271023
2023-06-11 12:00:00,2023,6,11,NA,17.7844132759856,29.2782372337327
2023-06-12 12:00:00,2023,6,12,NA,18.0073732267,30.452822498008
2023-06-13 12:00:00,2023,6,13,NA,17.7189347452341,28.4652064552334
2023-06-14 12:00:00,2023,6,14,NA,19.6732992673222,31.7909019530532
2023-06-15 12:00:00,2023,6,15,NA,22.008620578137,25.6366856345631
2023-06-16 12:00:00,2023,6,16,NA,20.1812339725298,25.2585045867035
2023-06-17 12:00:00,2023,6,17,NA,17.0916163758539,31.2246663190882
2023-06-18 12:00:00,2023,6,18,NA,17.4265829206891,26.4625164925956
2023-06-19 12:00:00,2023,6,19,NA,16.2331049257505,29.3958407601288
2023-06-20 12:00:00,2023,6,20,NA,16.2337899963013,30.8486277307331
2023-06-21 12:00:00,2023,6,21,NA,18.608620209487,32.4722058622202
2023-06-22 12:00:00,2023,6,22,NA,21.2122532968998,28.4980236033897
2023-06-23 12:00:00,2023,6,23,NA,20.01152030564,27.506819216013
2023-06-24 12:00:00,2023,6,24,NA,20.5490776765472,29.6357585494422
2023-06-25 12:00:00,2023,6,25,NA,20.5291050289628,29.3584943943259
2023-06-26 12:00:00,2023,6,26,NA,19.7494501283469,32.1049005090321
2023-06-27 12:00:00,2023,6,27,NA,21.186283775936,29.3236380326432
2023-06-28 12:00:00,2023,6,28,NA,21.1609396700755,27.919262372419
2023-06-29 12:00:00,2023,6,29,NA,21.1946675799871,26.9391376170254
2023-06-30 12:00:00,2023,6,30,NA,19.3526279656709,24.7908743548779
2023-07-01 12:00:00,2023,7,1,NA,17.8073648352396,28.5990139579459
2023-07-02 12:00:00,2023,7,2,NA,18.8119760963376,27.8769194794137
2023-07-03 12:00:00,2023,7,3,NA,19.7450185901227,30.191145020504
2023-07-04 12:00:00,2023,7,4,NA,19.6436072412649,26.5475801296229
2023-07-05 12:00:00,2023,7,5,NA,22.1146325198152,27.4446174881224
2023-07-06 12:00:00,2023,7,6,NA,24.6536674424738,31.6685882473632
2023-07-07 12:00:00,2023,7,7,NA,24.1608403767175,29.3643625512009
2023-07-08 12:00:00,2023,7,8,NA,23.6655595760268,32.4273796845704
2023-07-09 12:00:00,2023,7,9,NA,23.9552635885843,33.5552815804243
2023-07-10 12:00:00,2023,7,10,NA,23.122078408383,33.4687559592833
2023-07-11 12:00:00,2023,7,11,NA,25.9053330062114,27.4916898207351
2023-07-12 12:00:00,2023,7,12,NA,22.6700357187917,28.6169424257504
2023-07-13 12:00:00,2023,7,13,NA,26.1288579291718,33.216824269086
2023-07-14 12:00:00,2023,7,14,NA,25.8174019209222,32.9053682608364
2023-07-15 12:00:00,2023,7,15,NA,25.786446331908,31.8750089717357
2023-07-16 12:00:00,2023,7,16,NA,25.5590659546141,32.3680007934383
2023-07-17 12:00:00,2023,7,17,NA,26.773946974054,34.0010171301601
2023-07-18 12:00:00,2023,7,18,NA,28.4304665712177,34.395477519628
2023-07-19 12:00:00,2023,7,19,NA,29.4916465064381,33.0485150887036
2023-07-20 12:00:00,2023,7,20,NA,28.3085722193169,34.1620531969059
2023-07-21 12:00:00,2023,7,21,NA,26.4974855135162,31.8402006354145
2023-07-22 12:00:00,2023,7,22,NA,25.9725355345404,32.782960478383
2023-07-23 12:00:00,2023,7,23,NA,25.542788954097,32.3889928735094
2023-07-24 12:00:00,2023,7,24,NA,24.8521938508559,32.665003368382
2023-07-25 12:00:00,2023,7,25,NA,23.4850891203367,31.5419090758785
2023-07-26 12:00:00,2023,7,26,NA,21.8998409223095,30.5136145445736
2023-07-27 12:00:00,2023,7,27,NA,22.7905937815977,30.4789812941077
2023-07-28 12:00:00,2023,7,28,NA,22.3050022181565,30.8160317798053
2023-07-29 12:00:00,2023,7,29,NA,23.4816342396945,31.0701642466224
2023-07-30 12:00:00,2023,7,30,NA,23.7057090947889,34.6192030072247
2023-07-31 12:00:00,2023,7,31,NA,24.8310323172183,30.746052761983
2023-08-01 12:00:00,2023,8,1,NA,23.3719097666872,29.285476885834
2023-08-02 12:00:00,2023,8,2,NA,22.8265068041547,30.1614733958778
2023-08-03 12:00:00,2023,8,3,NA,24.6875398247778,31.5854522279626
2023-08-04 12:00:00,2023,8,4,NA,24.4605905659943,35.336102193922
2023-08-05 12:00:00,2023,8,5,NA,27.765798877647,37.7462315512182
2023-08-06 12:00:00,2023,8,6,NA,24.628104745349,37.0146267351104
2023-08-07 12:00:00,2023,8,7,NA,25.2254031753802,35.7927843210633
2023-08-08 12:00:00,2023,8,8,NA,27.056316369809,35.2502123452771
2023-08-09 12:00:00,2023,8,9,NA,26.0318422107855,33.7368609710646
2023-08-10 12:00:00,2023,8,10,NA,28.9019083073509,35.6214774899027
2023-08-11 12:00:00,2023,8,11,NA,27.3221759769989,36.9343005589113
2023-08-12 12:00:00,2023,8,12,NA,26.5818705061252,37.1771480773374
2023-08-13 12:00:00,2023,8,13,NA,25.3653268057557,37.0744635900866
2023-08-14 12:00:00,2023,8,14,NA,25.7932374974853,34.8956649542568
2023-08-15 12:00:00,2023,8,15,NA,26.2008367525856,34.2156652804715
2023-08-16 12:00:00,2023,8,16,NA,25.428912625774,31.1980369732604
2023-08-17 12:00:00,2023,8,17,NA,22.9224159700553,26.1809857768469
2023-08-18 12:00:00,2023,8,18,NA,22.3305686482201,28.2105481345927
2023-08-19 12:00:00,2023,8,19,NA,24.5631979158888,33.32967055191
2023-08-20 12:00:00,2023,8,20,NA,22.8351691846857,26.9495696500998
2023-08-21 12:00:00,2023,8,21,NA,21.5144810828715,28.1346719913669
2023-08-22 12:00:00,2023,8,22,NA,20.6751251398041,28.3510822237204
2023-08-23 12:00:00,2023,8,23,NA,21.0040758147171,29.4578680485252
2023-08-24 12:00:00,2023,8,24,NA,21.4850879039745,32.0803654751867
2023-08-25 12:00:00,2023,8,25,NA,21.3309430618407,31.2116975868298
2023-08-26 12:00:00,2023,8,26,NA,23.4880638305851,28.5676481531194
2023-08-27 12:00:00,2023,8,27,NA,25.5280223459032,26.5972478028632
2023-08-28 12:00:00,2023,8,28,NA,20.5467015406816,24.761205238096
2023-08-29 12:00:00,2023,8,29,NA,20.4065640789552,28.5754339339988
2023-08-30 12:00:00,2023,8,30,NA,23.7566889689766,30.4762581515284
2023-08-31 12:00:00,2023,8,31,NA,23.469212021025,32.1071180373391
2023-09-01 12:00:00,2023,9,1,NA,24.7466474908754,30.5302879626054
2023-09-02 12:00:00,2023,9,2,NA,24.1600014021441,31.647240362168
2023-09-03 12:00:00,2023,9,3,NA,23.3635504711685,33.5933556200325
2023-09-04 12:00:00,2023,9,4,NA,23.0470724048096,35.5106053596148
2023-09-05 12:00:00,2023,9,5,NA,23.9600369387986,33.5726027788825
2023-09-06 12:00:00,2023,9,6,NA,24.6781086914409,35.8225872477109
2023-09-07 12:00:00,2023,9,7,NA,25.523034875022,33.0392571114594
2023-09-08 12:00:00,2023,9,8,NA,23.8117183943895,33.2214197845996
2023-09-09 12:00:00,2023,9,9,NA,24.1713920047913,30.3001957492831
2023-09-10 12:00:00,2023,9,10,NA,23.6565249146492,32.0830331019391
2023-09-11 12:00:00,2023,9,11,NA,20.9575560354488,30.5399970783324
2023-09-12 12:00:00,2023,9,12,NA,19.9444293653152,30.5219049421524
2023-09-13 12:00:00,2023,9,13,NA,21.2230455208691,30.0413656548126
2023-09-14 12:00:00,2023,9,14,NA,20.4760586806977,27.5269345648162
2023-09-15 12:00:00,2023,9,15,NA,18.95629089637,31.4072684981959
2023-09-16 12:00:00,2023,9,16,NA,18.1697426215835,30.6282414648216
2023-09-17 12:00:00,2023,9,17,NA,15.7911664488631,26.2004209288333
2023-09-18 12:00:00,2023,9,18,NA,17.4332169900219,27.5623630301913
2023-09-19 12:00:00,2023,9,19,NA,16.4354549873874,24.6672804633109
2023-09-20 12:00:00,2023,9,20,NA,17.6446565916407,26.0334304352929
2023-09-21 12:00:00,2023,9,21,NA,15.0613236674355,27.3296285337866
2023-09-22 12:00:00,2023,9,22,NA,14.7091685735005,17.488149091959
2023-09-23 12:00:00,2023,9,23,NA,12.7612623181567,23.0632707215964
2023-09-24 12:00:00,2023,9,24,NA,13.2359250334893,26.6582836569028
2023-09-25 12:00:00,2023,9,25,NA,14.7154528233529,24.3014317172421
2023-09-26 12:00:00,2023,9,26,NA,13.5716085928798,27.1803388775619
2023-09-27 12:00:00,2023,9,27,NA,18.5111228802331,22.2518388607192
2023-09-28 12:00:00,2023,9,28,NA,15.806952776216,24.4699081076662
2023-09-29 12:00:00,2023,9,29,NA,14.0927431696315,28.4653661373166
2023-09-30 12:00:00,2023,9,30,NA,15.1884159018718,29.5619198657806
2023-10-01 12:00:00,2023,10,1,NA,16.0352963937896,24.8557663598622
2023-10-02 12:00:00,2023,10,2,NA,16.8262262777382,25.5746175625783
2023-10-03 12:00:00,2023,10,3,NA,14.0069596704668,26.6638713967513
2023-10-04 12:00:00,2023,10,4,NA,14.8804617090419,27.3891997575276
2023-10-05 12:00:00,2023,10,5,NA,14.4630363552379,25.5926147597659
2023-10-06 12:00:00,2023,10,6,NA,14.4512785775006,25.9085137210591
2023-10-07 12:00:00,2023,10,7,NA,14.1204928931417,27.8076369639887
2023-10-08 12:00:00,2023,10,8,NA,15.1237391184879,28.8108831893348
2023-10-09 12:00:00,2023,10,9,NA,14.4896388451989,29.9570856317007
2023-10-10 12:00:00,2023,10,10,NA,13.4308665935153,29.2888592702636
2023-10-11 12:00:00,2023,10,11,NA,13.7155012088265,28.1556074471181
2023-10-12 12:00:00,2023,10,12,NA,12.6402722506623,29.0502470044462
2023-10-13 12:00:00,2023,10,13,NA,10.3463847757824,24.0367305078456
2023-10-14 12:00:00,2023,10,14,NA,9.68633878939714,21.7934761656866
2023-10-15 12:00:00,2023,10,15,NA,5.77474686132612,20.8223420705841
2023-10-16 12:00:00,2023,10,16,NA,6.82853575920605,16.4118560790063
2023-10-17 12:00:00,2023,10,17,NA,8.22475047414768,23.8212960261493
2023-10-18 12:00:00,2023,10,18,NA,10.9107533083457,24.8084608675399
2023-10-19 12:00:00,2023,10,19,NA,11.5639714247738,23.8326230443155
2023-10-20 12:00:00,2023,10,20,NA,14.7251330093495,22.6913319523374
2023-10-21 12:00:00,2023,10,21,NA,14.5195478298885,17.3978130212061
2023-10-22 12:00:00,2023,10,22,NA,14.9578813051658,21.1186890732346
2023-10-23 12:00:00,2023,10,23,NA,12.803399802262,21.752395565719
2023-10-24 12:00:00,2023,10,24,NA,10.3700546833557,22.0087368894233
2023-10-25 12:00:00,2023,10,25,NA,11.0224768965383,24.4599227860713
2023-10-26 12:00:00,2023,10,26,NA,10.4975844509321,20.3124906434367
2023-10-27 12:00:00,2023,10,27,NA,7.48192909753404,17.0558284485794
2023-10-28 12:00:00,2023,10,28,NA,8.37242679967563,19.6691860597888
2023-10-29 12:00:00,2023,10,29,NA,9.28834030659669,24.2705333190057
2023-10-30 12:00:00,2023,10,30,NA,9.45794117042137,22.0213149508561
2023-10-31 12:00:00,2023,10,31,NA,9.24151063238296,21.3504755781091
2023-11-01 12:00:00,2023,11,1,NA,7.84035502480336,20.7485623845046
2023-11-02 12:00:00,2023,11,2,NA,7.80744836426319,20.2947022633702
2023-11-03 12:00:00,2023,11,3,NA,10.279240625536,22.7212551789756
2023-11-04 12:00:00,2023,11,4,NA,11.7587229564193,21.1797397121316
2023-11-05 12:00:00,2023,11,5,NA,12.9236610701413,19.85507563584
2023-11-06 12:00:00,2023,11,6,NA,8.55312506199486,14.6468084095179
2023-11-07 12:00:00,2023,11,7,NA,6.58386526359985,17.9667770718683
2023-11-08 12:00:00,2023,11,8,NA,8.36752239463715,19.7504342029056
2023-11-09 12:00:00,2023,11,9,NA,5.28434223540753,16.1710854034551
2023-11-10 12:00:00,2023,11,10,NA,3.26665570306513,15.2795052131378
2023-11-11 12:00:00,2023,11,11,NA,5.81990006953657,20.8792573619551
2023-11-12 12:00:00,2023,11,12,NA,5.1197426758207,18.0285975833975
2023-11-13 12:00:00,2023,11,13,NA,10.1962385350613,18.8126846354318
2023-11-14 12:00:00,2023,11,14,NA,7.20170021003768,19.7300474327746
2023-11-15 12:00:00,2023,11,15,NA,5.41253549639269,21.091522559732
2023-11-16 12:00:00,2023,11,16,NA,6.31048681178655,16.6582681456986
2023-11-17 12:00:00,2023,11,17,NA,-0.305993963545064,9.00911668039869
2023-11-18 12:00:00,2023,11,18,NA,-3.32937900053078,9.22760121924603
2023-11-19 12:00:00,2023,11,19,NA,-1.17787412903847,12.2885110182097
2023-11-20 12:00:00,2023,11,20,NA,1.45586436321831,9.94840720132076
2023-11-21 12:00:00,2023,11,21,NA,0.762888409229072,11.3405283808931
2023-11-22 12:00:00,2023,11,22,NA,1.02646553599889,10.8512892850771
2023-11-23 12:00:00,2023,11,23,NA,2.94756590724845,11.1538603794543
2023-11-24 12:00:00,2023,11,24,NA,-1.20718070910191,8.50535460916712
2023-11-25 12:00:00,2023,11,25,NA,-1.05685329829978,11.2604831604752
2023-11-26 12:00:00,2023,11,26,NA,-0.75224597764526,10.9702541498971
2023-11-27 12:00:00,2023,11,27,NA,-0.447112347050968,14.9263686917923
2023-11-28 12:00:00,2023,11,28,NA,-2.95581247729421,12.4781754872426
2023-11-29 12:00:00,2023,11,29,NA,0.7219779310889,11.4235376842584
2023-11-30 12:00:00,2023,11,30,NA,-0.310830080141636,11.5716180308565
2023-12-01 12:00:00,2023,12,1,NA,-1.16740161537543,13.586520445747
2023-12-02 12:00:00,2023,12,2,NA,0.230913800049652,16.8253851607492
2023-12-03 12:00:00,2023,12,3,NA,1.64333039013387,14.9086615941371
2023-12-04 12:00:00,2023,12,4,NA,3.90841311045138,14.0166039388038
2023-12-05 12:00:00,2023,12,5,NA,2.81758830694266,14.2707617622821
2023-12-06 12:00:00,2023,12,6,NA,1.78721118061971,13.9541455739369
2023-12-07 12:00:00,2023,12,7,NA,1.75700286801698,11.2035000431251
2023-12-08 12:00:00,2023,12,8,NA,-1.53695130321475,7.04670734551985
2023-12-09 12:00:00,2023,12,9,NA,-1.42643715335848,10.4905676617918
2023-12-10 12:00:00,2023,12,10,NA,-1.65510345478421,10.3887903408249
2023-12-11 12:00:00,2023,12,11,NA,0.540417822477689,9.25016388695446
2023-12-12 12:00:00,2023,12,12,NA,-1.17626561940933,5.90165744562622
2023-12-13 12:00:00,2023,12,13,NA,-0.919118236065597,10.1935017562236
2023-12-14 12:00:00,2023,12,14,NA,-4.30148927490667,7.82945438142312
2023-12-15 12:00:00,2023,12,15,NA,-6.03683167651075,7.5316116681324
2023-12-16 12:00:00,2023,12,16,NA,-3.34402920549865,9.11104403102917
2023-12-17 12:00:00,2023,12,17,NA,-6.45891945497034,4.05919458739762
2023-12-18 12:00:00,2023,12,18,NA,-3.76884503156499,1.57887400573663
2023-12-19 12:00:00,2023,12,19,NA,-3.09148031567687,5.11989376031332
2023-12-20 12:00:00,2023,12,20,NA,0.215586558187024,14.0281644059519
2023-12-21 12:00:00,2023,12,21,NA,0.911697091021204,12.2001871075749
2023-12-22 12:00:00,2023,12,22,NA,-0.0590849096592012,7.91825611716479
2023-12-23 12:00:00,2023,12,23,NA,-0.540825452615725,6.41457678491435
2023-12-24 12:00:00,2023,12,24,NA,-1.79691217884564,11.1555282797092
2023-12-25 12:00:00,2023,12,25,NA,0.469045325094469,11.5818644706263
2023-12-26 12:00:00,2023,12,26,NA,-0.905032437504014,9.7615855043132
2023-12-27 12:00:00,2023,12,27,NA,-0.407156854239165,8.0241603505222
2023-12-28 12:00:00,2023,12,28,NA,-0.0128370610610489,6.7785313703283
2023-12-29 12:00:00,2023,12,29,NA,-3.290663475064,6.98337280394424
2023-12-30 12:00:00,2023,12,30,NA,-1.94201555571915,6.89217319946628
2023-12-31 12:00:00,2023,12,31,NA,-0.839527955113575,10.6136455002259
2024-01-01 12:00:00,2024,1,1,NA,-2.55167926056896,10.8155339365372
2024-01-02 12:00:00,2024,1,2,NA,-1.19281776223042,8.67985220801645
2024-01-03 12:00:00,2024,1,3,NA,0.358690869819235,7.45176844477971
2024-01-04 12:00:00,2024,1,4,NA,0.022413943090843,8.48590831031124
2024-01-05 12:00:00,2024,1,5,NA,-1.16500050376672,6.71459951670882
2024-01-06 12:00:00,2024,1,6,NA,-1.4187268524551,7.55919633692714
2024-01-07 12:00:00,2024,1,7,NA,-0.648520443285064,8.66708970077602
2024-01-08 12:00:00,2024,1,8,NA,-8.38621250500796,0.496723699998986
2024-01-09 12:00:00,2024,1,9,NA,-6.90066527068089,3.54992835659943
2024-01-10 12:00:00,2024,1,10,NA,-7.09585424394627,6.02957557059483
2024-01-11 12:00:00,2024,1,11,NA,-2.60119552726899,8.54096358900404
2024-01-12 12:00:00,2024,1,12,NA,-6.02700274278538,5.19145804033299
2024-01-13 12:00:00,2024,1,13,NA,-4.36550955092555,6.44378342301845
2024-01-14 12:00:00,2024,1,14,NA,-3.1299062376886,9.10622980531723
2024-01-15 12:00:00,2024,1,15,NA,-1.98875863428165,7.54432733540922
2024-01-16 12:00:00,2024,1,16,NA,-1.6788713219167,8.418349173584
2024-01-17 12:00:00,2024,1,17,NA,-5.5119578737626,3.19629410695654
2024-01-18 12:00:00,2024,1,18,NA,-3.73631531318528,2.60212073238505
2024-01-19 12:00:00,2024,1,19,NA,-5.74700818900587,5.77043597825876
2024-01-20 12:00:00,2024,1,20,NA,-6.69345173857709,5.13044573817061
2024-01-21 12:00:00,2024,1,21,NA,-9.07190511651994,-0.023679071613059
2024-01-22 12:00:00,2024,1,22,NA,-4.52752816817155,9.82712250600619
2024-01-23 12:00:00,2024,1,23,NA,-3.41017553906333,8.70201844739747
2024-01-24 12:00:00,2024,1,24,NA,-5.64462344461088,-1.15957342737795
2024-01-25 12:00:00,2024,1,25,NA,-5.20040368714722,-0.555200597395556
2024-01-26 12:00:00,2024,1,26,NA,-4.3594342186414,3.88599918886214
2024-01-27 12:00:00,2024,1,27,NA,-3.96889169918255,3.0133614954373
2024-01-28 12:00:00,2024,1,28,NA,-0.486005844714132,7.59506950876239
2024-01-29 12:00:00,2024,1,29,NA,-0.0986936808753693,7.28653615588191
2024-01-30 12:00:00,2024,1,30,NA,-0.473324350393912,11.7776274236798
2024-01-31 12:00:00,2024,1,31,NA,-1.45522218451339,7.48687740166829
2024-02-01 12:00:00,2024,2,1,NA,-2.93832597865645,8.38255336646819
2024-02-02 12:00:00,2024,2,2,NA,-5.59720323595673,4.52619049789618
2024-02-03 12:00:00,2024,2,3,NA,-3.76712530040533,6.83985361707407
2024-02-04 12:00:00,2024,2,4,NA,-9.02522297628201,2.76035978589556
2024-02-05 12:00:00,2024,2,5,NA,-8.99025045048486,1.81965357385408
2024-02-06 12:00:00,2024,2,6,NA,-6.80942332748431,8.78962526579565
2024-02-07 12:00:00,2024,2,7,NA,-2.65158509467444,11.8831110542036
2024-02-08 12:00:00,2024,2,8,NA,-2.19209737306961,12.9455225668131
2024-02-09 12:00:00,2024,2,9,NA,-4.45512913095378,11.2447196912272
2024-02-10 12:00:00,2024,2,10,NA,-5.33241795777986,11.3848543131228
2024-02-11 12:00:00,2024,2,11,NA,-4.17697396751952,6.12347599197911
2024-02-12 12:00:00,2024,2,12,NA,-4.89566176842574,2.91082143260689
2024-02-13 12:00:00,2024,2,13,NA,-7.71919137665471,1.71885491104474
2024-02-14 12:00:00,2024,2,14,NA,-5.70936634105331,3.16819702273487
2024-02-15 12:00:00,2024,2,15,NA,-3.80043003015818,7.07516433803076
2024-02-16 12:00:00,2024,2,16,NA,-7.44666819141569,-3.2951967984611
2024-02-17 12:00:00,2024,2,17,NA,-7.86607090216963,1.79957066745042
2024-02-18 12:00:00,2024,2,18,NA,-5.76023196772502,6.04071198489278
2024-02-19 12:00:00,2024,2,19,NA,-7.03914685921618,4.95746504624218
2024-02-20 12:00:00,2024,2,20,NA,-5.43942309291031,3.58525790430288
2024-02-21 12:00:00,2024,2,21,NA,-1.13705374377896,4.65893492308648
2024-02-22 12:00:00,2024,2,22,NA,-1.2971859853226,10.7194171139624
2024-02-23 12:00:00,2024,2,23,NA,-0.081089992999761,13.4097232103355
2024-02-24 12:00:00,2024,2,24,NA,0.201636617873368,10.1493953707082
2024-02-25 12:00:00,2024,2,25,NA,3.01429333310015,8.9455381286674
2024-02-26 12:00:00,2024,2,26,NA,2.34334756136364,9.73593934342657
2024-02-27 12:00:00,2024,2,27,NA,1.07464118859972,10.5112060616856
2024-02-28 12:00:00,2024,2,28,NA,2.30735772298406,11.1022972115279
2024-02-29 12:00:00,2024,2,29,NA,-0.73301074032299,7.62098227247028
2024-03-01 12:00:00,2024,3,1,NA,-1.2033212047826,6.942462844432
2024-03-02 12:00:00,2024,3,2,NA,-1.23017480121091,7.50783735408944
2024-03-03 12:00:00,2024,3,3,NA,1.37482563192363,7.14087390966285
2024-03-04 12:00:00,2024,3,4,NA,0.176441983378634,6.47364148956937
2024-03-05 12:00:00,2024,3,5,NA,2.48905004782144,10.1622396036392
2024-03-06 12:00:00,2024,3,6,NA,2.39964000061245,11.7521771165187
2024-03-07 12:00:00,2024,3,7,NA,-0.449677286580271,15.8273177170438
2024-03-08 12:00:00,2024,3,8,NA,-0.00722278464664416,14.5609743144002
2024-03-09 12:00:00,2024,3,9,NA,0.315925135934783,17.035904233329
2024-03-10 12:00:00,2024,3,10,NA,-1.23675238106426,14.8555017265777
2024-03-11 12:00:00,2024,3,11,NA,-3.68481951693546,16.5675068864808
2024-03-12 12:00:00,2024,3,12,NA,-0.626546469590219,13.1963918996174
2024-03-13 12:00:00,2024,3,13,NA,0.947018541746511,10.0937266677031
2024-03-14 12:00:00,2024,3,14,NA,-0.888081314744249,10.8111376425431
2024-03-15 12:00:00,2024,3,15,NA,-0.0255297198297213,7.04284938691907
2024-03-16 12:00:00,2024,3,16,NA,-3.72375169590149,6.68441583572733
2024-03-17 12:00:00,2024,3,17,NA,-1.40698730005402,12.0451612075015
2024-03-18 12:00:00,2024,3,18,NA,-0.74793261409056,8.94796837353449
2024-03-19 12:00:00,2024,3,19,NA,-1.14109822502213,6.6277880432378
2024-03-20 12:00:00,2024,3,20,NA,-2.51135636468309,9.35181231961682
2024-03-21 12:00:00,2024,3,21,NA,-1.44272935600552,7.51298129447791
2024-03-22 12:00:00,2024,3,22,NA,-1.3876759512972,9.90579082975536
2024-03-23 12:00:00,2024,3,23,NA,-2.59052313051949,11.6058267949912
2024-03-24 12:00:00,2024,3,24,NA,3.3228768921283,16.5796678726351
2024-03-25 12:00:00,2024,3,25,NA,3.4523849133441,18.6078722996407
2024-03-26 12:00:00,2024,3,26,NA,6.38693932312524,22.3220638725152
2024-03-27 12:00:00,2024,3,27,NA,13.1514242005499,22.0322963444956
2024-03-28 12:00:00,2024,3,28,NA,11.9607759677153,21.9313310260149
2024-03-29 12:00:00,2024,3,29,NA,7.62014311905323,21.0722916266088
2024-03-30 12:00:00,2024,3,30,NA,11.6292504097392,17.5463628951624
2024-03-31 12:00:00,2024,3,31,NA,9.98720757459109,19.6726251008733
2024-04-01 12:00:00,2024,4,1,NA,10.1434069062823,16.8071494753886
2024-04-02 12:00:00,2024,4,2,NA,3.71552165593354,13.6924245765219
2024-04-03 12:00:00,2024,4,3,NA,3.41560627661786,18.7857862306047
2024-04-04 12:00:00,2024,4,4,NA,5.72323378710861,21.1568407756242
2024-04-05 12:00:00,2024,4,5,NA,1.51930225532933,12.2013522459666
2024-04-06 12:00:00,2024,4,6,NA,1.26482546903435,9.13357848218673
2024-04-07 12:00:00,2024,4,7,NA,0.0948717171325377,8.31573802611218
2024-04-08 12:00:00,2024,4,8,NA,-1.61202419724233,15.1277670417687
2024-04-09 12:00:00,2024,4,9,NA,-2.53818818947022,16.2810123920746
2024-04-10 12:00:00,2024,4,10,NA,4.32622784242445,17.9562428233937
2024-04-11 12:00:00,2024,4,11,NA,6.51211035447152,20.2656677233777
2024-04-12 12:00:00,2024,4,12,NA,0.15487735332314,18.3757490863845
2024-04-13 12:00:00,2024,4,13,NA,3.0755408844161,23.0088708678108
2024-04-14 12:00:00,2024,4,14,NA,4.97691765644558,21.6435830673004
2024-04-15 12:00:00,2024,4,15,NA,8.06122098312236,19.9425535821136
2024-04-16 12:00:00,2024,4,16,NA,8.37884661030413,19.3859043378162
2024-04-17 12:00:00,2024,4,17,NA,12.7784525203466,19.5547118375926
2024-04-18 12:00:00,2024,4,18,NA,10.8816509444307,19.7259950827864
2024-04-19 12:00:00,2024,4,19,NA,7.82966655079189,16.8724507730043
2024-04-20 12:00:00,2024,4,20,NA,9.52850456439258,15.0607010803426
2024-04-21 12:00:00,2024,4,21,NA,10.3794687659281,18.4388188358465
2024-04-22 12:00:00,2024,4,22,NA,7.25344639411989,20.9516741121512
2024-04-23 12:00:00,2024,4,23,NA,12.195514674724,29.8792049047124
2024-04-24 12:00:00,2024,4,24,NA,21.3018233762644,26.6793491163648
2024-04-25 12:00:00,2024,4,25,NA,16.3430634805589,24.4846665231545
2024-04-26 12:00:00,2024,4,26,NA,14.8107827522105,23.7407880836555
2024-04-27 12:00:00,2024,4,27,NA,11.7172840670145,25.583931455188
2024-04-28 12:00:00,2024,4,28,NA,17.9162805131432,20.1201657371333
2024-04-29 12:00:00,2024,4,29,NA,14.8355971818886,22.5588899683029
2024-04-30 12:00:00,2024,4,30,NA,12.9630028603472,26.8707144995784
2024-05-01 12:00:00,2024,5,1,NA,13.1693389268972,26.9228962958033
2024-05-02 12:00:00,2024,5,2,NA,11.9509386449405,25.1783742528184
2024-05-03 12:00:00,2024,5,3,NA,12.2517840969288,20.1754327993509
2024-05-04 12:00:00,2024,5,4,NA,11.1415742849141,27.4663424328933
2024-05-05 12:00:00,2024,5,5,NA,12.0311195072632,25.2498862609451
2024-05-06 12:00:00,2024,5,6,NA,12.7282051229465,26.3075359305279
2024-05-07 12:00:00,2024,5,7,NA,13.3953298744359,26.0596168213117
2024-05-08 12:00:00,2024,5,8,NA,14.1159963803297,24.8913846489689
2024-05-09 12:00:00,2024,5,9,NA,14.9726932447005,24.2345386629865
2024-05-10 12:00:00,2024,5,10,NA,15.9865749106154,18.9222522766567
2024-05-11 12:00:00,2024,5,11,NA,13.3409502132693,22.0422018550971
2024-05-12 12:00:00,2024,5,12,NA,21.9798375287181,25.6739090122541
2024-05-13 12:00:00,2024,5,13,NA,19.1789421600547,25.1263758032824
2024-05-14 12:00:00,2024,5,14,NA,16.0420351770013,26.5847149009641
2024-05-15 12:00:00,2024,5,15,NA,13.7800540112778,28.0778591735091
2024-05-16 12:00:00,2024,5,16,NA,15.7327878946916,27.4515476327328
2024-05-17 12:00:00,2024,5,17,NA,13.2387803312628,29.9966039745474
2024-05-18 12:00:00,2024,5,18,NA,13.0002289004205,23.7658584143602
2024-05-19 12:00:00,2024,5,19,NA,10.5490295817274,23.3324956569754
2024-05-20 12:00:00,2024,5,20,NA,13.0448035013505,26.7577532375736
2024-05-21 12:00:00,2024,5,21,NA,13.0565380026766,27.7318976536298
2024-05-22 12:00:00,2024,5,22,NA,15.9064626657407,30.6992039322746
2024-05-23 12:00:00,2024,5,23,NA,18.1414081415154,29.8270236748953
2024-05-24 12:00:00,2024,5,24,NA,16.3330348484036,27.3104154905468
2024-05-25 12:00:00,2024,5,25,NA,12.4961478427541,26.4806764530742
2024-05-26 12:00:00,2024,5,26,NA,11.8380138513274,20.4537142648669
2024-05-27 12:00:00,2024,5,27,NA,13.3386387790828,26.7488371841566
2024-05-28 12:00:00,2024,5,28,NA,14.8558012570133,30.7743553870768
2024-05-29 12:00:00,2024,5,29,NA,17.8981253563801,30.944094044456
2024-05-30 12:00:00,2024,5,30,NA,18.8330444906976,31.2673664766928
2024-05-31 12:00:00,2024,5,31,NA,20.1719350199026,27.7847328501591
2024-06-01 12:00:00,2024,6,1,NA,17.065680945454,29.0672325000469
2024-06-02 12:00:00,2024,6,2,NA,15.8644798682155,30.7985029210975
2024-06-03 12:00:00,2024,6,3,NA,17.1234523045548,30.9890053212533
2024-06-04 12:00:00,2024,6,4,NA,16.3343353438053,28.3475978372489
2024-06-05 12:00:00,2024,6,5,NA,16.5751051030382,28.6443383925049
2024-06-06 12:00:00,2024,6,6,NA,18.8104203191597,27.3892707079919
2024-06-07 12:00:00,2024,6,7,NA,20.1365357652968,29.239378034081
2024-06-08 12:00:00,2024,6,8,NA,20.3217586299807,30.2541263785959
2024-06-09 12:00:00,2024,6,9,NA,21.78547343332,26.6089173887587
2024-06-10 12:00:00,2024,6,10,NA,17.318947526941,27.7424948065514
2024-06-11 12:00:00,2024,6,11,NA,18.8086895283447,27.7425719578437
2024-06-12 12:00:00,2024,6,12,NA,19.4253409226194,27.6434159046296
2024-06-13 12:00:00,2024,6,13,NA,20.3592253136655,29.3620934680954
2024-06-14 12:00:00,2024,6,14,NA,19.4194554203753,32.5234228356349
2024-06-15 12:00:00,2024,6,15,NA,20.2123437361689,34.9193465022626
2024-06-16 12:00:00,2024,6,16,NA,21.2622272631874,33.3796044586643
2024-06-17 12:00:00,2024,6,17,NA,21.0197771824826,30.799292376218
2024-06-18 12:00:00,2024,6,18,NA,20.0296934128808,32.0876299235518
2024-06-19 12:00:00,2024,6,19,NA,20.6044216222268,31.6968615476463
2024-06-20 12:00:00,2024,6,20,NA,21.4321964477666,29.6531879363982
2024-06-21 12:00:00,2024,6,21,NA,22.9039616629713,33.9696237630354
2024-06-22 12:00:00,2024,6,22,NA,21.3268535235278,33.6836309783825
2024-06-23 12:00:00,2024,6,23,NA,21.4653777638874,32.826496814729
2024-06-24 12:00:00,2024,6,24,NA,22.2310579678915,34.6527772762374
2024-06-25 12:00:00,2024,6,25,NA,25.0042164488995,31.0089855453967
2024-06-26 12:00:00,2024,6,26,NA,21.7821277767791,31.5268054548899
2024-06-27 12:00:00,2024,6,27,NA,19.3655691249951,32.7459841093196
2024-06-28 12:00:00,2024,6,28,NA,22.8008243091215,30.8907273735546
2024-06-29 12:00:00,2024,6,29,NA,20.4672906302,33.138301650436
2024-06-30 12:00:00,2024,6,30,NA,19.9637251970878,33.3783678443508
2024-07-01 12:00:00,2024,7,1,NA,20.489227522909,33.6059820521525
2024-07-02 12:00:00,2024,7,2,NA,19.7256048001761,35.7591723472145
2024-07-03 12:00:00,2024,7,3,NA,23.4951301990169,33.4482685291395
2024-07-04 12:00:00,2024,7,4,NA,24.26385188437,32.7641303823701
2024-07-05 12:00:00,2024,7,5,NA,23.4276765956769,27.4226473633034
2024-07-06 12:00:00,2024,7,6,NA,21.4163400592853,24.9306195822541
2024-07-07 12:00:00,2024,7,7,NA,20.3555986837944,30.5768718301402
2024-07-08 12:00:00,2024,7,8,NA,20.5755797573989,30.5189528025573
2024-07-09 12:00:00,2024,7,9,NA,21.8462417489012,30.6960576875018
2024-07-10 12:00:00,2024,7,10,NA,22.0846443190696,30.3115999999759
2024-07-11 12:00:00,2024,7,11,NA,24.2564814722131,30.3461125621002
2024-07-12 12:00:00,2024,7,12,NA,22.4170786267678,31.7674318753527
2024-07-13 12:00:00,2024,7,13,NA,22.2062988903461,28.0132276695908
2024-07-14 12:00:00,2024,7,14,NA,22.2401895033166,29.7215191115481
2024-07-15 12:00:00,2024,7,15,NA,22.0573188084057,30.1970671222311
2024-07-16 12:00:00,2024,7,16,NA,23.6308410524082,33.3531644104392
2024-07-17 12:00:00,2024,7,17,NA,24.0349723444266,34.2562454907724
2024-07-18 12:00:00,2024,7,18,NA,25.6596436486384,35.5778070147659
2024-07-19 12:00:00,2024,7,19,NA,27.0073873312215,33.2266131225618
2024-07-20 12:00:00,2024,7,20,NA,25.3913193767743,32.4934107993382
2024-07-21 12:00:00,2024,7,21,NA,23.7026810572752,34.1106111647043
2024-07-22 12:00:00,2024,7,22,NA,24.8319701082041,30.4934691942526
2024-07-23 12:00:00,2024,7,23,NA,25.9556537555774,28.649721198659
2024-07-24 12:00:00,2024,7,24,NA,26.2270768659747,29.9335523270009
2024-07-25 12:00:00,2024,7,25,NA,24.6577769962671,27.9073844038749
2024-07-26 12:00:00,2024,7,26,NA,24.0015476602824,30.1585890275202
2024-07-27 12:00:00,2024,7,27,NA,23.7058425668629,32.6656765741761
2024-07-28 12:00:00,2024,7,28,NA,22.7308157116557,34.58211918195
2024-07-29 12:00:00,2024,7,29,NA,23.6971626891833,35.8857115097754
2024-07-30 12:00:00,2024,7,30,NA,25.6272132560818,36.4041121918267
2024-07-31 12:00:00,2024,7,31,NA,25.1299590273962,33.1638350275039
2024-08-01 12:00:00,2024,8,1,NA,24.9367546270136,34.8332872402869
2024-08-02 12:00:00,2024,8,2,NA,25.7591875170539,33.3477175239819
2024-08-03 12:00:00,2024,8,3,NA,25.2472190035531,36.0469745259829
2024-08-04 12:00:00,2024,8,4,NA,25.2280754624972,36.2252439796315
2024-08-05 12:00:00,2024,8,5,NA,27.1470888256571,33.2835531012242
2024-08-06 12:00:00,2024,8,6,NA,27.6274972940689,35.6862500472452
2024-08-07 12:00:00,2024,8,7,NA,26.5459461668222,36.1721024019761
2024-08-08 12:00:00,2024,8,8,NA,28.8784236508207,35.5979928333725
2024-08-09 12:00:00,2024,8,9,NA,27.1772833036902,34.5010000650542
2024-08-10 12:00:00,2024,8,10,NA,27.067677239222,31.3968401215586
2024-08-11 12:00:00,2024,8,11,NA,25.7840227669498,34.2170160987851
2024-08-12 12:00:00,2024,8,12,NA,25.2388703012846,35.7968405039239
2024-08-13 12:00:00,2024,8,13,NA,26.2053466411978,34.374629279648
2024-08-14 12:00:00,2024,8,14,NA,26.9265894726069,31.7402397693399
2024-08-15 12:00:00,2024,8,15,NA,29.935204929562,33.5691859689267
2024-08-16 12:00:00,2024,8,16,NA,28.5711955927366,30.4908826938551
2024-08-17 12:00:00,2024,8,17,NA,25.3696582566391,29.4257157311794
2024-08-18 12:00:00,2024,8,18,NA,24.1181585242126,33.8711451191459
2024-08-19 12:00:00,2024,8,19,NA,24.3805484289802,33.0828149270202
2024-08-20 12:00:00,2024,8,20,NA,25.2222785182198,34.752651202062
2024-08-21 12:00:00,2024,8,21,NA,24.3648628737195,36.2697915230828
2024-08-22 12:00:00,2024,8,22,NA,24.9936374211926,35.5610185668758
2024-08-23 12:00:00,2024,8,23,NA,24.2169308396669,31.4313424658402
2024-08-24 12:00:00,2024,8,24,NA,24.3229872535035,32.958355632804
2024-08-25 12:00:00,2024,8,25,NA,23.7961065829736,31.1318097807382
2024-08-26 12:00:00,2024,8,26,NA,24.6270831519456,29.7627746274706
2024-08-27 12:00:00,2024,8,27,NA,25.8701160052652,29.9941919292421
2024-08-28 12:00:00,2024,8,28,NA,24.6523879135203,27.1633162810776
2024-08-29 12:00:00,2024,8,29,NA,24.5256690911753,30.4229350261303
2024-08-30 12:00:00,2024,8,30,NA,22.8050013498081,31.8593994299447
2024-08-31 12:00:00,2024,8,31,NA,23.269281480207,32.8678031624577
2024-09-01 12:00:00,2024,9,1,NA,23.4139926068876,32.6619780357254
2024-09-02 12:00:00,2024,9,2,NA,23.1930008092116,33.4061361258717
2024-09-03 12:00:00,2024,9,3,NA,20.5514879376162,31.3778158887001
2024-09-04 12:00:00,2024,9,4,NA,21.304329911819,32.3356002732349
2024-09-05 12:00:00,2024,9,5,NA,20.0754111827515,29.7003334478114
2024-09-06 12:00:00,2024,9,6,NA,21.0098445024122,27.5154653258518
2024-09-07 12:00:00,2024,9,7,NA,20.9215349845542,29.5793205819931
2024-09-08 12:00:00,2024,9,8,NA,20.2984359629924,27.6095196989825
2024-09-09 12:00:00,2024,9,9,NA,19.6267531583851,30.9856035140965
2024-09-10 12:00:00,2024,9,10,NA,17.8458672048291,25.4249586467165
2024-09-11 12:00:00,2024,9,11,NA,16.3156118225457,27.9620128607233
2024-09-12 12:00:00,2024,9,12,NA,17.0991580774463,29.5543269890878
2024-09-13 12:00:00,2024,9,13,NA,15.2162301760428,23.8144481526825
2024-09-14 12:00:00,2024,9,14,NA,15.8958099309494,29.7200710006237
2024-09-15 12:00:00,2024,9,15,NA,19.5733531339547,31.0758389686764
2024-09-16 12:00:00,2024,9,16,NA,18.9440853156717,28.6492296848407
2024-09-17 12:00:00,2024,9,17,NA,20.262868052778,30.0321999203672
2024-09-18 12:00:00,2024,9,18,NA,18.8823600601543,26.3008436080218
2024-09-19 12:00:00,2024,9,19,NA,21.3485601262013,25.292721654591
2024-09-20 12:00:00,2024,9,20,NA,19.0550771461159,26.999257777763
2024-09-21 12:00:00,2024,9,21,NA,18.557890473811,29.0974330360767
2024-09-22 12:00:00,2024,9,22,NA,15.0967360214912,26.4581523532004
2024-09-23 12:00:00,2024,9,23,NA,13.9781680367552,24.3356311191132
2024-09-24 12:00:00,2024,9,24,NA,14.7349849946641,25.8707847488318
2024-09-25 12:00:00,2024,9,25,NA,16.9876129076344,27.8391255952785
2024-09-26 12:00:00,2024,9,26,NA,18.3875180635433,23.1983469186843
2024-09-27 12:00:00,2024,9,27,NA,17.5365369799943,22.2363750069323
2024-09-28 12:00:00,2024,9,28,NA,14.6822965532995,24.887615501595
2024-09-29 12:00:00,2024,9,29,NA,16.2066710054381,25.8274394922244
2024-09-30 12:00:00,2024,9,30,NA,15.1623427042341,28.1447032383
2024-10-01 12:00:00,2024,10,1,NA,15.8293853234036,25.8015267319455
2024-10-02 12:00:00,2024,10,2,NA,16.895126967646,22.6697697313851
2024-10-03 12:00:00,2024,10,3,NA,14.7872715508284,24.3505476061166
2024-10-04 12:00:00,2024,10,4,NA,12.1183049621846,21.8493910137187
2024-10-05 12:00:00,2024,10,5,NA,12.0561475732209,26.4350114476938
2024-10-06 12:00:00,2024,10,6,NA,12.401497825757,22.0076704987216
2024-10-07 12:00:00,2024,10,7,NA,10.9400820431201,24.5038402753706
2024-10-08 12:00:00,2024,10,8,NA,10.2253938699673,25.9176904197536
2024-10-09 12:00:00,2024,10,9,NA,13.8440515813329,26.1955586727793
2024-10-10 12:00:00,2024,10,10,NA,14.261525860376,26.1425038538726
2024-10-11 12:00:00,2024,10,11,NA,15.0547977698136,28.4333141098381
2024-10-12 12:00:00,2024,10,12,NA,14.3653517012268,26.2825804227058
2024-10-13 12:00:00,2024,10,13,NA,14.0827513292084,20.7828845557748
2024-10-14 12:00:00,2024,10,14,NA,11.4220035893536,23.860061619045
2024-10-15 12:00:00,2024,10,15,NA,10.4834719362791,18.0211878155088
2024-10-16 12:00:00,2024,10,16,NA,4.80397711849601,18.0967444269689
2024-10-17 12:00:00,2024,10,17,NA,6.78261373105914,20.8219703871201
2024-10-18 12:00:00,2024,10,18,NA,6.66246031691842,21.1394381734764
2024-10-19 12:00:00,2024,10,19,NA,7.59514751255204,24.3950712621676
2024-10-20 12:00:00,2024,10,20,NA,9.53570253071299,21.6446674764392
2024-10-21 12:00:00,2024,10,21,NA,11.5110789220606,19.2657994250774
2024-10-22 12:00:00,2024,10,22,NA,11.1036026262625,19.4417867780389
2024-10-23 12:00:00,2024,10,23,NA,9.96042204148216,23.083601820234
2024-10-24 12:00:00,2024,10,24,NA,11.5405347179544,22.6701131224824
2024-10-25 12:00:00,2024,10,25,NA,8.88302278139852,23.4251630893117
2024-10-26 12:00:00,2024,10,26,NA,8.4627300093891,24.9867528933936
2024-10-27 12:00:00,2024,10,27,NA,9.03643133606173,23.3567670757926
2024-10-28 12:00:00,2024,10,28,NA,9.78798673120327,24.3726107264019
2024-10-29 12:00:00,2024,10,29,NA,9.87331347305224,25.6081523666511
2024-10-30 12:00:00,2024,10,30,NA,10.8873993706338,20.5606758840509
2024-10-31 12:00:00,2024,10,31,NA,11.7773002433946,20.6891282026627
2024-11-01 12:00:00,2024,11,1,NA,14.0913210520048,21.406169340446
2024-11-02 12:00:00,2024,11,2,NA,10.2426018777712,23.3552895766208
2024-11-03 12:00:00,2024,11,3,NA,8.09804088000616,16.1964694311367
2024-11-04 12:00:00,2024,11,4,NA,11.7996985229103,21.98558396416
2024-11-05 12:00:00,2024,11,5,NA,8.86057480215996,22.5906936991726
2024-11-06 12:00:00,2024,11,6,NA,10.5486141084603,23.3480857586618
2024-11-07 12:00:00,2024,11,7,NA,9.4593746384979,23.8004765764098
2024-11-08 12:00:00,2024,11,8,NA,11.9753178733774,20.2631934481922
2024-11-09 12:00:00,2024,11,9,NA,10.6166322417136,25.5075711059238
2024-11-10 12:00:00,2024,11,10,NA,13.569080736764,26.6204817313077
2024-11-11 12:00:00,2024,11,11,NA,15.4554761579365,25.3837140077932
2024-11-12 12:00:00,2024,11,12,NA,13.6094855664011,22.6392059920733
2024-11-13 12:00:00,2024,11,13,NA,9.80312802700626,13.6561823150878
2024-11-14 12:00:00,2024,11,14,NA,5.66683081245784,16.3688650269076
2024-11-15 12:00:00,2024,11,15,NA,0.965344706603856,12.3681060625704
2024-11-16 12:00:00,2024,11,16,NA,3.08835375630489,17.9399008156058
2024-11-17 12:00:00,2024,11,17,NA,4.58170983312483,15.147598190426
2024-11-18 12:00:00,2024,11,18,NA,4.1997907569931,11.9439539052901
2024-11-19 12:00:00,2024,11,19,NA,1.60337346828074,11.8317191731223
2024-11-20 12:00:00,2024,11,20,NA,1.08873047991727,14.0923093989989
2024-11-21 12:00:00,2024,11,21,NA,3.08491025524433,16.5424394193113
2024-11-22 12:00:00,2024,11,22,NA,3.5404002011587,14.5036159813205
2024-11-23 12:00:00,2024,11,23,NA,2.35062845409715,14.6679649128721
2024-11-24 12:00:00,2024,11,24,NA,2.5059849839338,16.2511783093411
2024-11-25 12:00:00,2024,11,25,NA,3.03632214337046,9.68126277283419
2024-11-26 12:00:00,2024,11,26,NA,0.29344191121387,14.3107522908903
2024-11-27 12:00:00,2024,11,27,NA,2.28193017206146,18.4588098446715
2024-11-28 12:00:00,2024,11,28,NA,6.56994793950794,18.1492566973862
2024-11-29 12:00:00,2024,11,29,NA,2.35114886220375,17.0847834834299
2024-11-30 12:00:00,2024,11,30,NA,3.44006030426939,13.7759188979104
2024-12-01 12:00:00,2024,12,1,NA,3.17605279662574,13.4193870241104
2024-12-02 12:00:00,2024,12,2,NA,3.48788292343158,13.4219683583915
2024-12-03 12:00:00,2024,12,3,NA,-1.1054340387956,8.10113752814128
2024-12-04 12:00:00,2024,12,4,NA,-0.762292179071648,8.05755852590671
2024-12-05 12:00:00,2024,12,5,NA,-0.801012175297333,7.80957437846818
2024-12-06 12:00:00,2024,12,6,NA,-1.02231398906812,8.07743542611539
2024-12-07 12:00:00,2024,12,7,NA,-3.34468803024787,4.25068089650459
2024-12-08 12:00:00,2024,12,8,NA,-1.6947417965423,9.22934448429375
2024-12-09 12:00:00,2024,12,9,NA,0.427923812067647,9.81735705282714
2024-12-10 12:00:00,2024,12,10,NA,0.233092640262583,5.54906958079163
2024-12-11 12:00:00,2024,12,11,NA,-0.172441850007841,7.23775133685978
2024-12-12 12:00:00,2024,12,12,NA,0.522463252574319,10.2304925185377
2024-12-13 12:00:00,2024,12,13,NA,2.02274596489214,8.51218797168593
2024-12-14 12:00:00,2024,12,14,NA,4.19206266153429,13.7820251635266
2024-12-15 12:00:00,2024,12,15,NA,1.76175408077689,14.0362188193841
2024-12-16 12:00:00,2024,12,16,NA,0.312563312676928,15.3467127691224
2024-12-17 12:00:00,2024,12,17,NA,-1.87241826302448,13.3494069413082
2024-12-18 12:00:00,2024,12,18,NA,-1.95553234445924,11.1290999071758
2024-12-19 12:00:00,2024,12,19,NA,-1.56969965569962,6.57429934253688
2024-12-20 12:00:00,2024,12,20,NA,-2.08996108544487,5.99622362643072
2024-12-21 12:00:00,2024,12,21,NA,0.304761718733939,7.97448917396994
2024-12-22 12:00:00,2024,12,22,NA,-0.422606604626693,4.48115190696584
2024-12-23 12:00:00,2024,12,23,NA,-1.49429739793357,8.89284783460149
2024-12-24 12:00:00,2024,12,24,NA,-0.516129505347876,4.64563184506388
2024-12-25 12:00:00,2024,12,25,NA,-2.0517207677679,6.81427982975565
2024-12-26 12:00:00,2024,12,26,NA,-0.88124091844512,8.00284774046602
2024-12-27 12:00:00,2024,12,27,NA,-1.22996273193482,8.08326217103128
2024-12-28 12:00:00,2024,12,28,NA,1.56878444576897,10.3449492028948
2024-12-29 12:00:00,2024,12,29,NA,1.73732126489344,8.81765658930808
2024-12-30 12:00:00,2024,12,30,NA,-1.59166296948011,9.6968270470736
2024-12-31 12:00:00,2024,12,31,NA,-0.66429605016395,12.4821062525551
2025-01-01 12:00:00,2025,1,1,NA,-2.96158961398254,13.0401592017839
2025-01-02 12:00:00,2025,1,2,NA,-1.00215530039385,12.5972845982206
2025-01-03 12:00:00,2025,1,3,NA,2.64187730768692,7.7360292935673
2025-01-04 12:00:00,2025,1,4,NA,-0.00667755029923889,5.08747443558114
2025-01-05 12:00:00,2025,1,5,NA,-3.72434300894796,3.30583779071695
2025-01-06 12:00:00,2025,1,6,NA,-5.84436087770873,2.70097269368053
2025-01-07 12:00:00,2025,1,7,NA,-7.16922716578493,7.77879165552388
2025-01-08 12:00:00,2025,1,8,NA,-5.66916408451514,10.3811190687609
2025-01-09 12:00:00,2025,1,9,NA,-2.51017916424084,8.60930227229365
2025-01-10 12:00:00,2025,1,10,NA,-2.09965834164103,5.94760695912996
2025-01-11 12:00:00,2025,1,11,NA,-6.75958326072578,-0.600847156274967
2025-01-12 12:00:00,2025,1,12,NA,-7.1769433667037,-1.6384498047621
2025-01-13 12:00:00,2025,1,13,NA,-8.17252611456728,2.32653348878383
2025-01-14 12:00:00,2025,1,14,NA,-6.81709360813596,4.24332883676063
2025-01-15 12:00:00,2025,1,15,NA,-5.05706697606313,7.31793532680932
2025-01-16 12:00:00,2025,1,16,NA,-3.74686741995066,8.6281348829218
2025-01-17 12:00:00,2025,1,17,NA,-5.97284156011071,10.4881786026536
2025-01-18 12:00:00,2025,1,18,NA,-4.56935027882339,2.52884851696668
2025-01-19 12:00:00,2025,1,19,NA,-4.41007667430156,6.85887432374417
2025-01-20 12:00:00,2025,1,20,NA,-0.219336657789288,5.13322336094405
2025-01-21 12:00:00,2025,1,21,NA,1.851535161981,11.9117181921993
2025-01-22 12:00:00,2025,1,22,NA,0.621541653724853,13.5834289004425
2025-01-23 12:00:00,2025,1,23,NA,-0.657921552902729,9.64486726053632
2025-01-24 12:00:00,2025,1,24,NA,-2.08687893941716,5.96038636135383
2025-01-25 12:00:00,2025,1,25,NA,3.16808919122207,9.70136811709906
2025-01-26 12:00:00,2025,1,26,NA,-1.81643749902512,8.11507171041894
2025-01-27 12:00:00,2025,1,27,NA,-2.35034631759786,8.39849619547273
2025-01-28 12:00:00,2025,1,28,NA,-3.26503759551863,8.57689893322103
2025-01-29 12:00:00,2025,1,29,NA,-1.01072113820793,5.12284529386668
2025-01-30 12:00:00,2025,1,30,NA,-3.5432905897146,7.49014271451641
2025-01-31 12:00:00,2025,1,31,NA,-2.66407220057098,8.61000751821433
2025-02-01 12:00:00,2025,2,1,NA,-5.97581975699338,10.4323260853108
2025-02-02 12:00:00,2025,2,2,NA,-0.693840330667571,11.0761734426444
2025-02-03 12:00:00,2025,2,3,NA,3.47230495941806,12.8393788237814
2025-02-04 12:00:00,2025,2,4,NA,7.74741551160854,16.009678175945
2025-02-05 12:00:00,2025,2,5,NA,4.69929985283542,12.0154924056413
2025-02-06 12:00:00,2025,2,6,NA,3.18360005273103,12.8492416223511
2025-02-07 12:00:00,2025,2,7,NA,-2.32081990483394,6.55450227322532
2025-02-08 12:00:00,2025,2,8,NA,-2.60816330543582,3.56025850091528
2025-02-09 12:00:00,2025,2,9,NA,-5.31251690511243,6.20094637187481
2025-02-10 12:00:00,2025,2,10,NA,-5.28441630762874,8.30726203877233
2025-02-11 12:00:00,2025,2,11,NA,-7.26543595311047,10.5148180676393
2025-02-12 12:00:00,2025,2,12,NA,-3.95385932138918,13.8263946993606
2025-02-13 12:00:00,2025,2,13,NA,-2.31929104322176,14.4128875537057
2025-02-14 12:00:00,2025,2,14,NA,-1.43696363385982,14.0392366084888
2025-02-15 12:00:00,2025,2,15,NA,-0.655272916324906,15.6394054857439
2025-02-16 12:00:00,2025,2,16,NA,4.33766214589901,13.6414686605076
2025-02-17 12:00:00,2025,2,17,NA,3.72236382046342,11.6921926940085
2025-02-18 12:00:00,2025,2,18,NA,6.94905009401685,12.4582727811983
2025-02-19 12:00:00,2025,2,19,NA,6.01996111654815,13.3334772897337
2025-02-20 12:00:00,2025,2,20,NA,5.2076243744183,8.58149092835017
2025-02-21 12:00:00,2025,2,21,NA,-2.16242224234759,11.3560845220571
2025-02-22 12:00:00,2025,2,22,NA,-2.50255747563123,10.1577989959184
2025-02-23 12:00:00,2025,2,23,NA,-0.221039138875469,5.28212984748524
2025-02-24 12:00:00,2025,2,24,NA,-0.405437937663053,9.89501202183558
2025-02-25 12:00:00,2025,2,25,NA,-1.05550733032708,10.9554895897983
2025-02-26 12:00:00,2025,2,26,NA,2.04300086420298,13.0202898532809
2025-02-27 12:00:00,2025,2,27,NA,0.383319788613125,13.2175907433141
2025-02-28 12:00:00,2025,2,28,NA,0.939512613224669,8.68335497296519
2025-03-01 12:00:00,2025,3,1,NA,-4.38852112018116,1.99218308712329
2025-03-02 12:00:00,2025,3,2,NA,-4.03659704735057,5.65226578620726
2025-03-03 12:00:00,2025,3,3,NA,0.278115804541727,13.2971735558631
2025-03-04 12:00:00,2025,3,4,NA,0.668529776352133,14.8692172230556
2025-03-05 12:00:00,2025,3,5,NA,-0.153895682971383,16.3711146117845
2025-03-06 12:00:00,2025,3,6,NA,0.641951570037547,15.2929768921424
2025-03-07 12:00:00,2025,3,7,NA,-1.03911443064981,7.84392177852861
2025-03-08 12:00:00,2025,3,8,NA,0.721908079959693,5.44981978364023
2025-03-09 12:00:00,2025,3,9,NA,-1.62926010668136,13.0217652154235
2025-03-10 12:00:00,2025,3,10,NA,1.50660931029401,15.496180440078
2025-03-11 12:00:00,2025,3,11,NA,0.375342480028629,11.3314512389664
2025-03-12 12:00:00,2025,3,12,NA,1.83658719932531,14.6099884331582
2025-03-13 12:00:00,2025,3,13,NA,6.78619411128996,17.1355682102876
2025-03-14 12:00:00,2025,3,14,NA,5.61189942724192,16.2321836899353
2025-03-15 12:00:00,2025,3,15,NA,1.6431058950219,11.3825394247894
2025-03-16 12:00:00,2025,3,16,NA,-0.837213465935397,10.8705192396879
2025-03-17 12:00:00,2025,3,17,NA,-1.84062282118877,8.81666890178319
2025-03-18 12:00:00,2025,3,18,NA,-1.72290506750686,14.3656476754405
2025-03-19 12:00:00,2025,3,19,NA,-0.199869196517406,15.215075632932
2025-03-20 12:00:00,2025,3,20,NA,2.41676832164563,12.3367059301875
2025-03-21 12:00:00,2025,3,21,NA,2.27549192839585,5.23059777404657
2025-03-22 12:00:00,2025,3,22,NA,0.591295821501292,16.0016042050555
2025-03-23 12:00:00,2025,3,23,NA,0.572106722887951,13.4394760124049
2025-03-24 12:00:00,2025,3,24,NA,0.985889661525091,14.2758366723195
2025-03-25 12:00:00,2025,3,25,NA,1.55822761000508,15.1023464225675
2025-03-26 12:00:00,2025,3,26,NA,0.863719182019503,17.76281655407
2025-03-27 12:00:00,2025,3,27,NA,2.31195094132827,20.1380554630475
2025-03-28 12:00:00,2025,3,28,NA,3.72017080992956,19.4665789446199
2025-03-29 12:00:00,2025,3,29,NA,2.53365514150034,17.9749994893869
2025-03-30 12:00:00,2025,3,30,NA,-0.0754619853130407,16.9222199557885
2025-03-31 12:00:00,2025,3,31,NA,1.59563274507899,17.2366935687373
2025-04-01 12:00:00,2025,4,1,NA,6.46107258425165,13.1584700326424
2025-04-02 12:00:00,2025,4,2,NA,5.75079960989945,15.7054780442371
2025-04-03 12:00:00,2025,4,3,NA,4.15952446989059,12.1271529253793
2025-04-04 12:00:00,2025,4,4,NA,4.40319287825342,16.448464288668
2025-04-05 12:00:00,2025,4,5,NA,6.07247863805723,18.7034675072363
2025-04-06 12:00:00,2025,4,6,NA,12.1149855666608,14.1953588900815
2025-04-07 12:00:00,2025,4,7,NA,10.2958425573333,13.0042521626498
2025-04-08 12:00:00,2025,4,8,NA,16.765681821803,22.6616355704477
2025-04-09 12:00:00,2025,4,9,NA,11.7186878989388,19.6678381669006
2025-04-10 12:00:00,2025,4,10,NA,8.09890977659951,20.1528545028417
2025-04-11 12:00:00,2025,4,11,NA,9.21486251337178,22.4249967808954
2025-04-12 12:00:00,2025,4,12,NA,8.77986391930631,22.0269633913077
2025-04-13 12:00:00,2025,4,13,NA,9.73344043225527,21.6518693112525
2025-04-14 12:00:00,2025,4,14,NA,9.71183184080609,22.9885695637532
2025-04-15 12:00:00,2025,4,15,NA,8.30220706716005,22.0768979282167
2025-04-16 12:00:00,2025,4,16,NA,5.83632591456756,18.89781540704
2025-04-17 12:00:00,2025,4,17,NA,-1.87356233062754,21.6200686232243
2025-04-18 12:00:00,2025,4,18,NA,5.46634740064998,20.3752777553675
2025-04-19 12:00:00,2025,4,19,NA,12.3224680238838,23.1202139040728
2025-04-20 12:00:00,2025,4,20,NA,14.9189088477452,19.9984325073903
2025-04-21 12:00:00,2025,4,21,NA,13.0497488274877,23.3572479228573
2025-04-22 12:00:00,2025,4,22,NA,11.9724978925049,21.5373799355446
2025-04-23 12:00:00,2025,4,23,NA,10.5792826475468,23.3433094750348
2025-04-24 12:00:00,2025,4,24,NA,9.05669179880294,15.0302713751537
2025-04-25 12:00:00,2025,4,25,NA,8.33544924028499,20.1709939902262
2025-04-26 12:00:00,2025,4,26,NA,9.80410691545866,21.664525858385
2025-04-27 12:00:00,2025,4,27,NA,11.6560538227128,23.680696418038
2025-04-28 12:00:00,2025,4,28,NA,10.7843232701737,26.6919024694023
2025-04-29 12:00:00,2025,4,29,NA,13.7667551169299,27.4703946944822
2025-04-30 12:00:00,2025,4,30,NA,12.8829717639765,28.5478930005313
2025-05-01 12:00:00,2025,5,1,NA,11.6581017833718,28.0484586835647
2025-05-02 12:00:00,2025,5,2,NA,10.9955912195948,30.2457140805032
2025-05-03 12:00:00,2025,5,3,NA,13.1363123763965,25.8313490596071
2025-05-04 12:00:00,2025,5,4,NA,12.3453588900979,26.077167187317
2025-05-05 12:00:00,2025,5,5,NA,14.9838156248037,26.3787371003359
2025-05-06 12:00:00,2025,5,6,NA,13.1006787935468,27.2727247424593
2025-05-07 12:00:00,2025,5,7,NA,10.850567848787,21.7168784669268
2025-05-08 12:00:00,2025,5,8,NA,11.3608810522639,24.2896512558674
2025-05-09 12:00:00,2025,5,9,NA,12.5389490075123,28.2852379734821
2025-05-10 12:00:00,2025,5,10,NA,12.6506044831764,29.2836362178519
2025-05-11 12:00:00,2025,5,11,NA,12.0984629783466,22.7582110617443
2025-05-12 12:00:00,2025,5,12,NA,13.2128403328436,20.0657602214008
2025-05-13 12:00:00,2025,5,13,NA,17.9361020565812,22.0244761066929
2025-05-14 12:00:00,2025,5,14,NA,16.5915626869627,24.647199408634
2025-05-15 12:00:00,2025,5,15,NA,13.7029515313336,28.6292896167253
2025-05-16 12:00:00,2025,5,16,NA,15.3086290771333,29.0404373743524
2025-05-17 12:00:00,2025,5,17,NA,14.6580265964871,26.4148061391522
2025-05-18 12:00:00,2025,5,18,NA,9.45209740803246,22.6446403163211
2025-05-19 12:00:00,2025,5,19,NA,10.2205921534087,23.6566804464861
2025-05-20 12:00:00,2025,5,20,NA,9.82209579641018,21.734357827557
2025-05-21 12:00:00,2025,5,21,NA,16.1236845706597,18.6743929937672
2025-05-22 12:00:00,2025,5,22,NA,12.7241535541009,26.3090284905781
2025-05-23 12:00:00,2025,5,23,NA,13.230974671044,28.4021222561445
2025-05-24 12:00:00,2025,5,24,NA,14.4924349461557,27.3039250547284
2025-05-25 12:00:00,2025,5,25,NA,13.5455225572118,27.9825290280105
2025-05-26 12:00:00,2025,5,26,NA,12.6305184634555,27.1847364758342
2025-05-27 12:00:00,2025,5,27,NA,12.6615064632277,25.8577131547913
2025-05-28 12:00:00,2025,5,28,NA,12.2371744888362,27.6464073803487
2025-05-29 12:00:00,2025,5,29,NA,15.4934050065982,28.3359714872471
2025-05-30 12:00:00,2025,5,30,NA,8.20038291439579,24.8314219740822
2025-05-31 12:00:00,2025,5,31,NA,9.37976402519757,22.5740669043433
2025-06-01 12:00:00,2025,6,1,NA,9.30650006329722,26.4002141028184
2025-06-02 12:00:00,2025,6,2,NA,11.7247649363175,30.9027421406804
2025-06-03 12:00:00,2025,6,3,NA,16.3678769887485,30.5096728425032
2025-06-04 12:00:00,2025,6,4,NA,18.514385550753,30.1797245235975
2025-06-05 12:00:00,2025,6,5,NA,23.592303680019,27.0996109256828
2025-06-06 12:00:00,2025,6,6,NA,18.6494355804073,26.673207579584
2025-06-07 12:00:00,2025,6,7,NA,16.0450025352056,29.1178294715017
2025-06-08 12:00:00,2025,6,8,NA,15.6941704425764,28.4143179770299
2025-06-09 12:00:00,2025,6,9,NA,16.8804609611524,28.993292115341
2025-06-10 12:00:00,2025,6,10,NA,19.163351809781,28.1811286943317
2025-06-11 12:00:00,2025,6,11,NA,18.0048252220149,29.070487322079
2025-06-12 12:00:00,2025,6,12,NA,18.7738599887698,25.2118750674589
2025-06-13 12:00:00,2025,6,13,NA,19.3462623632608,26.3825823876898
2025-06-14 12:00:00,2025,6,14,NA,19.7337925479564,33.7424906762951
2025-06-15 12:00:00,2025,6,15,NA,20.0222484695476,34.068702638585
2025-06-16 12:00:00,2025,6,16,NA,20.8983905458921,31.7245788938302
2025-06-17 12:00:00,2025,6,17,NA,20.996518353073,31.6288259890473
2025-06-18 12:00:00,2025,6,18,NA,20.1542785433911,31.2272730648238
2025-06-19 12:00:00,2025,6,19,NA,18.152769484321,31.5331844686454
2025-06-20 12:00:00,2025,6,20,NA,20.030695476514,32.0886319871851
2025-06-21 12:00:00,2025,6,21,NA,19.3688059865612,34.5107956684913
2025-06-22 12:00:00,2025,6,22,NA,19.1960644443541,33.8287181523815
2025-06-23 12:00:00,2025,6,23,NA,24.6405250430254,29.7177956571991
2025-06-24 12:00:00,2025,6,24,NA,22.2669521598071,32.7913888179419
2025-06-25 12:00:00,2025,6,25,NA,22.2390183116751,31.3369624694388
2025-06-26 12:00:00,2025,6,26,NA,21.4422082852814,30.8873429475117
2025-06-27 12:00:00,2025,6,27,NA,20.2504255254919,35.2702182785495
2025-06-28 12:00:00,2025,6,28,NA,21.295462666495,31.4917508663634
2025-06-29 12:00:00,2025,6,29,NA,21.3358911157226,33.336016695622
2025-06-30 12:00:00,2025,6,30,NA,20.5634419286602,35.0713652463225
2025-07-01 12:00:00,2025,7,1,NA,24.1144947466409,30.5967031252605
2025-07-02 12:00:00,2025,7,2,NA,23.0767097966605,31.1606054783373
2025-07-03 12:00:00,2025,7,3,NA,23.2903268515106,31.7906053495106
2025-07-04 12:00:00,2025,7,4,NA,23.9474217542872,30.8106988634222
2025-07-05 12:00:00,2025,7,5,NA,25.9691380342863,28.8737426677557
2025-07-06 12:00:00,2025,7,6,NA,24.6267813417805,30.2925975363416
2025-07-07 12:00:00,2025,7,7,NA,23.3454153598235,29.4127093896101
2025-07-08 12:00:00,2025,7,8,NA,22.212912209342,32.1225930048228
2025-07-09 12:00:00,2025,7,9,NA,22.5128463004367,33.2071765127357
2025-07-10 12:00:00,2025,7,10,NA,23.9052205873288,37.7605437467556
2025-07-11 12:00:00,2025,7,11,NA,24.2107285120056,35.2914187424762
2025-07-12 12:00:00,2025,7,12,NA,23.7189637977404,33.7443218246965
2025-07-13 12:00:00,2025,7,13,NA,22.9281406334085,27.8136166309176
2025-07-14 12:00:00,2025,7,14,NA,22.3086776743522,29.8446238858656
2025-07-15 12:00:00,2025,7,15,NA,21.4412254912426,25.0614360949672
2025-07-16 12:00:00,2025,7,16,NA,19.9299598044582,24.7028196656556
2025-07-17 12:00:00,2025,7,17,NA,19.9541453825133,28.8084770632854
2025-07-18 12:00:00,2025,7,18,NA,21.988055938867,28.0766185786947
2025-07-19 12:00:00,2025,7,19,NA,22.2577144601822,26.2691367802846
2025-07-20 12:00:00,2025,7,20,NA,23.56696565071,25.1877930956868
2025-07-21 12:00:00,2025,7,21,NA,20.8906847602798,22.5115122052566
2025-07-22 12:00:00,2025,7,22,NA,20.5004762624988,24.2431551563021
2025-07-23 12:00:00,2025,7,23,NA,19.7535401535117,29.4716393597834
2025-07-24 12:00:00,2025,7,24,NA,18.2815748773626,28.1255557197091
2025-07-25 12:00:00,2025,7,25,NA,20.5739681775517,30.1651102839785
2025-07-26 12:00:00,2025,7,26,NA,22.435408893828,30.6937282724033
2025-07-27 12:00:00,2025,7,27,NA,24.387882374183,32.0966927949559
2025-07-28 12:00:00,2025,7,28,NA,23.4398691214287,27.0422283955276
2025-07-29 12:00:00,2025,7,29,NA,22.5041647855985,31.973372708854
2025-07-30 12:00:00,2025,7,30,NA,24.20425110055,31.6855807087814
2025-07-31 12:00:00,2025,7,31,NA,24.953710865866,31.9234036667558
2025-08-01 12:00:00,2025,8,1,NA,22.9371182744314,29.004412304218
2025-08-02 12:00:00,2025,8,2,NA,21.769001532579,26.6116006436898
2025-08-03 12:00:00,2025,8,3,NA,19.8755305292871,28.9779579860586
2025-08-04 12:00:00,2025,8,4,NA,20.8467125173768,24.6368659442053
2025-08-05 12:00:00,2025,8,5,NA,20.428685651264,28.1114484783225
2025-08-06 12:00:00,2025,8,6,NA,20.816598356815,31.4343132851387
2025-08-07 12:00:00,2025,8,7,NA,20.7089143424053,30.3433779457797
2025-08-08 12:00:00,2025,8,8,NA,23.116363780725,31.0769001070497
2025-08-09 12:00:00,2025,8,9,NA,23.0907399931693,31.9046879062108
2025-08-10 12:00:00,2025,8,10,NA,21.096363180982,30.8493497759152
2025-08-11 12:00:00,2025,8,11,NA,24.5624357504496,31.82906120989
2025-08-12 12:00:00,2025,8,12,NA,23.3799157222118,32.2664442100127
2025-08-13 12:00:00,2025,8,13,NA,22.6053147864173,34.1503541804547
2025-08-14 12:00:00,2025,8,14,NA,22.7591465426324,32.1039594918817
2025-08-15 12:00:00,2025,8,15,NA,22.8760013303294,33.4647870660283
2025-08-16 12:00:00,2025,8,16,NA,22.566010494459,30.3568430938885
2025-08-17 12:00:00,2025,8,17,NA,21.5055412495734,31.3237274284662
2025-08-18 12:00:00,2025,8,18,NA,22.8190662186341,32.9331989596433
2025-08-19 12:00:00,2025,8,19,NA,22.1275730624371,30.7862195772062
2025-08-20 12:00:00,2025,8,20,NA,24.8380319325571,35.908404055752
2025-08-21 12:00:00,2025,8,21,NA,25.4720162394895,34.1152455151338
2025-08-22 12:00:00,2025,8,22,NA,24.4023271002718,34.9661516572424
2025-08-23 12:00:00,2025,8,23,NA,22.9161600241484,30.9735203242204
2025-08-24 12:00:00,2025,8,24,NA,23.2841358341867,32.2855775622289
2025-08-25 12:00:00,2025,8,25,NA,21.9750160262334,32.9323729103016
2025-08-26 12:00:00,2025,8,26,NA,22.0926931040889,32.6507336208757
2025-08-27 12:00:00,2025,8,27,NA,22.7798193598852,33.0977633113816
2025-08-28 12:00:00,2025,8,28,NA,22.7469033601629,29.9125823086682
2025-08-29 12:00:00,2025,8,29,NA,22.8691344623725,32.4715989131159
2025-08-30 12:00:00,2025,8,30,NA,20.9613932537181,29.8418406910722
2025-08-31 12:00:00,2025,8,31,NA,19.8650238688782,29.6180104638115
2025-09-01 12:00:00,2025,9,1,NA,24.1439821849866,32.89435517443
2025-09-02 12:00:00,2025,9,2,NA,25.0871918857293,32.2972070046747
2025-09-03 12:00:00,2025,9,3,NA,22.5053130155226,32.0447868436528
2025-09-04 12:00:00,2025,9,4,NA,21.3229724643219,28.5283682404328
2025-09-05 12:00:00,2025,9,5,NA,21.467579712444,26.6483859044455
2025-09-06 12:00:00,2025,9,6,NA,22.4128728449128,29.9290950813502
2025-09-07 12:00:00,2025,9,7,NA,21.5406786987723,27.4187674146458
2025-09-08 12:00:00,2025,9,8,NA,19.4315351075007,31.1802811940594
2025-09-09 12:00:00,2025,9,9,NA,18.1010723900863,30.6282585752582
2025-09-10 12:00:00,2025,9,10,NA,20.0924393471864,29.9264541893345
2025-09-11 12:00:00,2025,9,11,NA,25.7075144790527,30.5001990055916
2025-09-12 12:00:00,2025,9,12,NA,22.1858200784759,27.4767094758318
2025-09-13 12:00:00,2025,9,13,NA,21.001371680562,30.587670190011
2025-09-14 12:00:00,2025,9,14,NA,20.2335821952505,31.0795263168583
2025-09-15 12:00:00,2025,9,15,NA,20.1552423203242,32.6291918353742
2025-09-16 12:00:00,2025,9,16,NA,19.636197817194,32.0154738208613
2025-09-17 12:00:00,2025,9,17,NA,24.3082349663811,31.9761200917285
2025-09-18 12:00:00,2025,9,18,NA,22.4407554845605,32.2056246572685
2025-09-19 12:00:00,2025,9,19,NA,23.7235131231194,33.9771422598315
2025-09-20 12:00:00,2025,9,20,NA,23.3922938999288,33.9420822607318
2025-09-21 12:00:00,2025,9,21,NA,27.1842715139712,30.6512482010856
2025-09-22 12:00:00,2025,9,22,NA,26.5314300486906,27.9195668088241
2025-09-23 12:00:00,2025,9,23,NA,23.5387874800881,27.6487972561672
2025-09-24 12:00:00,2025,9,24,NA,19.1157599856646,28.4710867980005
2025-09-25 12:00:00,2025,9,25,NA,15.7016056514769,25.7694891238423
2025-09-26 12:00:00,2025,9,26,NA,16.9993080573998,29.3836083829611
2025-09-27 12:00:00,2025,9,27,NA,15.3070289263646,27.7809784414146
2025-09-28 12:00:00,2025,9,28,NA,15.517806458247,23.4285390138561
2025-09-29 12:00:00,2025,9,29,NA,15.3877144898767,24.401460234844
2025-09-30 12:00:00,2025,9,30,NA,15.1880227821205,29.0227735548199
2025-10-01 12:00:00,2025,10,1,NA,13.2186462466127,26.7671946593818
2025-10-02 12:00:00,2025,10,2,NA,14.913532385794,26.8799827367247
2025-10-03 12:00:00,2025,10,3,NA,15.0228603017734,29.2121642640011
2025-10-04 12:00:00,2025,10,4,NA,16.3603901334278,28.9112556394053
2025-10-05 12:00:00,2025,10,5,NA,16.5793399407879,28.4552424917432
2025-10-06 12:00:00,2025,10,6,NA,16.1898176740788,28.050651788361
2025-10-07 12:00:00,2025,10,7,NA,17.0044057106441,25.6250056780501
2025-10-08 12:00:00,2025,10,8,NA,15.8456779357371,28.0921930038152
2025-10-09 12:00:00,2025,10,9,NA,14.2167034785991,27.6064574830135
2025-10-10 12:00:00,2025,10,10,NA,11.055080254008,27.5791031380125
2025-10-11 12:00:00,2025,10,11,NA,11.2836998900626,26.2898366802262
2025-10-12 12:00:00,2025,10,12,NA,11.8687599232308,19.7688240409214
2025-10-13 12:00:00,2025,10,13,NA,7.49000743572944,19.7586590552712
2025-10-14 12:00:00,2025,10,14,NA,7.13425759815938,18.1369396282469
2025-10-15 12:00:00,2025,10,15,NA,8.32161418670242,23.3575161133546
2025-10-16 12:00:00,2025,10,16,NA,11.6252203822668,26.3462812408671
2025-10-17 12:00:00,2025,10,17,NA,12.2281910673744,25.5069978464279
2025-10-18 12:00:00,2025,10,18,NA,16.7495006746,22.4879482071737
2025-10-19 12:00:00,2025,10,19,NA,15.520502963752,22.8371884964691
2025-10-20 12:00:00,2025,10,20,NA,11.5866710360472,24.0394482998074
2025-10-21 12:00:00,2025,10,21,NA,10.2492126327463,23.4150133659265
2025-10-22 12:00:00,2025,10,22,NA,10.8467141427345,21.0743149612233
2025-10-23 12:00:00,2025,10,23,NA,9.50393783074331,19.4627215211957
2025-10-24 12:00:00,2025,10,24,NA,7.20648608225514,19.6510428452296
2025-10-25 12:00:00,2025,10,25,NA,6.61464144283804,18.3941361421903
2025-10-26 12:00:00,2025,10,26,NA,5.68016356648039,18.7302023045025
2025-10-27 12:00:00,2025,10,27,NA,8.82622330586549,19.9653119600661
2025-10-28 12:00:00,2025,10,28,NA,10.0023980268462,22.3265630837037
2025-10-29 12:00:00,2025,10,29,NA,12.2211205202137,22.7594697926208
2025-10-30 12:00:00,2025,10,30,NA,14.0235213125325,18.3011670499995
2025-10-31 12:00:00,2025,10,31,NA,12.5166047659406,16.3430592053183
2025-11-01 12:00:00,2025,11,1,NA,11.1383659699337,16.0034293244625
2025-11-02 12:00:00,2025,11,2,NA,8.50082010950115,19.7015024274126
2025-11-03 12:00:00,2025,11,3,NA,7.29632641002544,19.4175185440923
2025-11-04 12:00:00,2025,11,4,NA,10.2045502908658,17.8922778716276
2025-11-05 12:00:00,2025,11,5,NA,7.22826763719243,14.8656941031014
2025-11-06 12:00:00,2025,11,6,NA,5.43163747557587,17.8378387933723
2025-11-07 12:00:00,2025,11,7,NA,4.78155889853906,19.2289666377367
2025-11-08 12:00:00,2025,11,8,NA,2.23523975576244,17.1261786199727
2025-11-09 12:00:00,2025,11,9,NA,3.24607604412956,16.7124611913778
2025-11-10 12:00:00,2025,11,10,NA,4.45400841761215,16.2383054727721
2025-11-11 12:00:00,2025,11,11,NA,4.10131328180043,18.1977293951979
2025-11-12 12:00:00,2025,11,12,NA,-0.752991523768034,10.6384295437085
2025-11-13 12:00:00,2025,11,13,NA,3.58942248383348,10.9445459869656
2025-11-14 12:00:00,2025,11,14,NA,3.08987642140704,11.7701179639183
2025-11-15 12:00:00,2025,11,15,NA,3.48225905089082,11.0035025734768
2025-11-16 12:00:00,2025,11,16,NA,1.92475897696941,18.481346999192
2025-11-17 12:00:00,2025,11,17,NA,5.22743646266862,19.0592219752897
2025-11-18 12:00:00,2025,11,18,NA,5.51738954663137,18.9837746938796
2025-11-19 12:00:00,2025,11,19,NA,8.78878797903479,21.066102379175
2025-11-20 12:00:00,2025,11,20,NA,12.382858029125,15.4804252337444
2025-11-21 12:00:00,2025,11,21,NA,9.70636748573794,12.8039346903574
2025-11-22 12:00:00,2025,11,22,NA,5.54520022620573,14.5265159956997
2025-11-23 12:00:00,2025,11,23,NA,5.01167050988228,17.5615733275341
2025-11-24 12:00:00,2025,11,24,NA,7.72812672858646,13.0129430868561
2025-11-25 12:00:00,2025,11,25,NA,5.61636424768315,20.7281146114298
2025-11-26 12:00:00,2025,11,26,NA,7.77895691921252,13.993015962903
2025-11-27 12:00:00,2025,11,27,NA,8.47607745753079,16.1135039234398
2025-11-28 12:00:00,2025,11,28,NA,5.97111369870316,17.2195675671387
2025-11-29 12:00:00,2025,11,29,NA,5.49655214164434,17.9212623829484
2025-11-30 12:00:00,2025,11,30,NA,4.44662342965068,16.2466899416999
2025-12-01 12:00:00,2025,12,1,NA,9.12537105177366,13.135999640225
2025-12-02 12:00:00,2025,12,2,NA,9.70071578730056,10.8463629781682
2025-12-03 12:00:00,2025,12,3,NA,5.91923632518814,13.8868451704535
2025-12-04 12:00:00,2025,12,4,NA,2.098777971128,11.2993995496328
2025-12-05 12:00:00,2025,12,5,NA,-2.16917552336722,12.2106826547212
2025-12-06 12:00:00,2025,12,6,NA,2.30439792120944,8.25209798950807
2025-12-07 12:00:00,2025,12,7,NA,0.858022993817936,11.2728328890234
2025-12-08 12:00:00,2025,12,8,NA,2.75462801980457,10.9026014214864
2025-12-09 12:00:00,2025,12,9,NA,1.39727971627827,8.68837136834792
2025-12-10 12:00:00,2025,12,10,NA,0.934205339404841,6.76871119521523
2025-12-11 12:00:00,2025,12,11,NA,0.699026764808413,10.5192730344768
2025-12-12 12:00:00,2025,12,12,NA,4.61673204787303,12.3101304598305
2025-12-13 12:00:00,2025,12,13,NA,10.1531910688146,18.40429816858
2025-12-14 12:00:00,2025,12,14,NA,6.7494438362202,12.9156877454166
2025-12-15 12:00:00,2025,12,15,NA,4.42561119066807,9.8738662167138
2025-12-16 12:00:00,2025,12,16,NA,2.12576520004039,10.2047635670499
2025-12-17 12:00:00,2025,12,17,NA,5.23855121229966,16.493093922165
2025-12-18 12:00:00,2025,12,18,NA,3.1431585969669,9.8627706413646
2025-12-19 12:00:00,2025,12,19,NA,-2.88188820883097,9.69199173821123
2025-12-20 12:00:00,2025,12,20,NA,-1.48274272900179,11.6018895226333
2025-12-21 12:00:00,2025,12,21,NA,-2.13987117962769,6.29144602513367
2025-12-22 12:00:00,2025,12,22,NA,0.577847154229864,10.6811039155893
2025-12-23 12:00:00,2025,12,23,NA,2.60911737391783,14.3673826435207
2025-12-24 12:00:00,2025,12,24,NA,-0.0966262469543677,11.0198247796256
2025-12-25 12:00:00,2025,12,25,NA,-2.80536429131633,9.42369428695832
2025-12-26 12:00:00,2025,12,26,NA,-0.72053261196482,6.35739045307073
2025-12-27 12:00:00,2025,12,27,NA,-0.28611697663965,4.05143010606753
2025-12-28 12:00:00,2025,12,28,NA,-3.01874263185671,4.77604772745689
2025-12-29 12:00:00,2025,12,29,NA,-3.70826183627477,1.9981905677027
2025-12-30 12:00:00,2025,12,30,NA,-5.32587423735651,7.33354693912277
2025-12-31 12:00:00,2025,12,31,NA,-4.35614119976963,8.57504914450577
2026-01-01 12:00:00,2026,1,1,NA,-4.53066320915854,9.69742504155285
2026-01-02 12:00:00,2026,1,2,NA,-4.32756741293636,13.5136839907562
2026-01-03 12:00:00,2026,1,3,NA,-5.02034769471051,6.31596828547744
2026-01-04 12:00:00,2026,1,4,NA,-3.73125578307792,8.64374651979453
2026-01-05 12:00:00,2026,1,5,NA,-4.07714359840623,5.01964018792889
2026-01-06 12:00:00,2026,1,6,NA,-3.37170443140297,6.29865061537786
2026-01-07 12:00:00,2026,1,7,NA,-7.5928218367289,1.18430679215963
2026-01-08 12:00:00,2026,1,8,NA,-5.48399229840149,4.52573670079816
2026-01-09 12:00:00,2026,1,9,NA,-9.04985021710101,5.30480045707673
2026-01-10 12:00:00,2026,1,10,NA,-6.77138940074352,6.78560769509276
2026-01-11 12:00:00,2026,1,11,NA,-7.81169687349001,0.235568427280979
2026-01-12 12:00:00,2026,1,12,NA,-4.30983957128807,8.82464386896107
2026-01-13 12:00:00,2026,1,13,NA,-4.77072351936858,5.76855454616734
2026-01-14 12:00:00,2026,1,14,NA,-6.93239570857422,-1.35126887845446
2026-01-15 12:00:00,2026,1,15,NA,-5.84027522175968,0.231568613796155
2026-01-16 12:00:00,2026,1,16,NA,-5.19890404640409,3.88671822790848
2026-01-17 12:00:00,2026,1,17,NA,-7.01823221410527,4.82370431463439
2026-01-18 12:00:00,2026,1,18,NA,-6.04790989411741,2.72921873477112
2026-01-19 12:00:00,2026,1,19,NA,-6.86107635590157,1.16555738756992
2026-01-20 12:00:00,2026,1,20,NA,-6.80533978871704,2.8650152580638
2026-01-21 12:00:00,2026,1,21,NA,-3.73242371390922,4.43005810993622
2026-01-22 12:00:00,2026,1,22,NA,-3.76287564194894,5.50141123168334
2026-01-23 12:00:00,2026,1,23,NA,-1.99394147852451,6.94071714878406
2026-01-24 12:00:00,2026,1,24,NA,-4.73942476345695,1.20026192160122
2026-01-25 12:00:00,2026,1,25,NA,-3.92457691525535,3.51248807684024
2026-01-26 12:00:00,2026,1,26,NA,-3.79024462883214,9.92194722769652
2026-01-27 12:00:00,2026,1,27,NA,-3.5412889965178,10.8838111905695
2026-01-28 12:00:00,2026,1,28,NA,-6.6269900247225,7.71948402494465
2026-01-29 12:00:00,2026,1,29,NA,-4.63294319390252,8.4374601028526
2026-01-30 12:00:00,2026,1,30,NA,-3.37780087552768,7.81991545499242
2026-01-31 12:00:00,2026,1,31,NA,-6.44011228990929,0.00649759255049975
2026-02-01 12:00:00,2026,2,1,NA,-7.53042257789677,1.11561282281017
2026-02-02 12:00:00,2026,2,2,NA,-7.20151574625505,-2.44708123835753
2026-02-03 12:00:00,2026,2,3,NA,-6.37802138726829,0.78565566593966
2026-02-04 12:00:00,2026,2,4,NA,-4.22669761160463,4.09544786555042
2026-02-05 12:00:00,2026,2,5,NA,-2.74674224893855,10.1507998588167
2026-02-06 12:00:00,2026,2,6,NA,0.627146951360101,16.1033471937087
2026-02-07 12:00:00,2026,2,7,NA,4.63419871780184,19.2677108352839
2026-02-08 12:00:00,2026,2,8,NA,1.98874062689075,16.475794290334
2026-02-09 12:00:00,2026,2,9,NA,-3.3838925925588,0.047251284610901
2026-02-10 12:00:00,2026,2,10,NA,-7.21076483795632,3.9502508675965
2026-02-11 12:00:00,2026,2,11,NA,-6.53780812183003,7.8552615708407
2026-02-12 12:00:00,2026,2,12,NA,-2.38557866252044,16.9193048044639
2026-02-13 12:00:00,2026,2,13,NA,-3.95030213518512,16.0727418559844
2026-02-14 12:00:00,2026,2,14,NA,0.375347641574414,11.2441342112329
2026-02-15 12:00:00,2026,2,15,NA,-0.583765999689969,9.46991640113088
2026-02-16 12:00:00,2026,2,16,NA,2.05245811681733,15.2053975630577
2026-02-17 12:00:00,2026,2,17,NA,0.20094191729302,11.0158075995645
2026-02-18 12:00:00,2026,2,18,NA,0.73271763021429,12.7227332401924
2026-02-19 12:00:00,2026,2,19,NA,1.40108902328214,11.7868071862833
2026-02-20 12:00:00,2026,2,20,NA,-1.35507533294077,16.1798265742526
2026-02-21 12:00:00,2026,2,21,NA,-4.39051021886583,4.4489584599206
2026-02-22 12:00:00,2026,2,22,NA,-5.90887689006814,3.4230847053149
2026-02-23 12:00:00,2026,2,23,NA,-4.37417190022878,5.65337520511705
2026-02-24 12:00:00,2026,2,24,NA,-2.89782040180032,11.3824682673483
2026-02-25 12:00:00,2026,2,25,NA,-1.71859635854391,9.72942650358901
2026-02-26 12:00:00,2026,2,26,NA,0.698166539871742,12.2784608749494
2026-02-27 12:00:00,2026,2,27,NA,0.715936169094694,12.8285276629307
2026-02-28 12:00:00,2026,2,28,NA,4.82084277702279,13.780295880502
2026-03-01 12:00:00,2026,3,1,NA,6.51491145441428,16.6738903910925
2026-03-02 12:00:00,2026,3,2,NA,5.18268011755873,21.8999523884614
2026-03-03 12:00:00,2026,3,3,NA,3.05517268336993,21.2220170680949
2026-03-04 12:00:00,2026,3,4,NA,-0.515051530183938,14.8130874934828
2026-03-05 12:00:00,2026,3,5,NA,1.2596072005027,13.3389306315254
2026-03-06 12:00:00,2026,3,6,NA,-1.25136015509135,10.4307920889933
2026-03-07 12:00:00,2026,3,7,NA,-6.11606807810063,5.62830085010804
2026-03-08 12:00:00,2026,3,8,NA,-7.16455026406143,2.234938522111
2026-03-09 12:00:00,2026,3,9,NA,-4.45838509904188,7.44259297356074
2026-03-10 12:00:00,2026,3,10,NA,-2.87107507138267,12.5207041140271
2026-03-11 12:00:00,2026,3,11,NA,4.34549629061715,12.0002420429153
2026-03-12 12:00:00,2026,3,12,NA,3.9060070407431,12.6550496258043
2026-03-13 12:00:00,2026,3,13,NA,3.46408255507379,19.5718789134577
2026-03-14 12:00:00,2026,3,14,NA,8.73705862920567,21.9309463049245
2026-03-15 12:00:00,2026,3,15,NA,4.94194980276475,18.4099615502926
2026-03-16 12:00:00,2026,3,16,NA,7.32559444427646,21.887953894299
2026-03-17 12:00:00,2026,3,17,NA,8.27375753227888,14.1544417997805
2026-03-18 12:00:00,2026,3,18,NA,2.2520908980634,12.8414867242885
2026-03-19 12:00:00,2026,3,19,NA,2.30776887691036,16.5726089304407
2026-03-20 12:00:00,2026,3,20,NA,-0.0231445363226941,11.5707318362888
2026-03-21 12:00:00,2026,3,21,NA,2.21509366168303,17.5082683028801
2026-03-22 12:00:00,2026,3,22,NA,0.359472130947232,16.8082869553115
2026-03-23 12:00:00,2026,3,23,NA,1.4073220242864,14.9123078561762
2026-03-24 12:00:00,2026,3,24,NA,1.19536520932215,16.2542008415469
2026-03-25 12:00:00,2026,3,25,NA,4.45287767756849,18.5194936422562
2026-03-26 12:00:00,2026,3,26,NA,8.20718238222515,21.2614891987079
2026-03-27 12:00:00,2026,3,27,NA,3.50222313102707,12.1846511317904
2026-03-28 12:00:00,2026,3,28,NA,4.10451574761878,16.1075412602967
2026-03-29 12:00:00,2026,3,29,NA,3.74200671761008,7.73188564906905
2026-03-30 12:00:00,2026,3,30,NA,1.11069405832688,12.0411536192642
2026-03-31 12:00:00,2026,3,31,NA,1.65479128029555,16.2874994519669
2026-04-01 12:00:00,2026,4,1,NA,2.24606943833889,20.4635913493486
2026-04-02 12:00:00,2026,4,2,NA,4.36030789191399,15.5388031667445
2026-04-03 12:00:00,2026,4,3,NA,5.639935201581,17.6852066119956
2026-04-04 12:00:00,2026,4,4,NA,6.09482813258729,18.8803164689657
2026-04-05 12:00:00,2026,4,5,NA,5.78044629996609,20.6535582640479
2026-04-06 12:00:00,2026,4,6,NA,5.93786231447958,23.8252800666263
2026-04-07 12:00:00,2026,4,7,NA,8.72134098391218,25.4945977929564
2026-04-08 12:00:00,2026,4,8,NA,6.57378514178935,20.5110784927935
2026-04-09 12:00:00,2026,4,9,NA,5.53251975863041,23.7241029570341
2026-04-10 12:00:00,2026,4,10,NA,9.26025094187052,25.8820498730937
2026-04-11 12:00:00,2026,4,11,NA,9.52631763712432,25.2484535465759
2026-04-12 12:00:00,2026,4,12,NA,9.92674546242499,26.3565439618306
2026-04-13 12:00:00,2026,4,13,NA,13.2062275302707,21.4968784961917
2026-04-14 12:00:00,2026,4,14,NA,13.2266534488361,23.5077982405416
2026-04-15 12:00:00,2026,4,15,NA,15.9861813994246,21.7210979275538
2026-04-16 12:00:00,2026,4,16,NA,12.1825706611473,25.9877129081718
2026-04-17 12:00:00,2026,4,17,NA,12.914353358428,25.4455028776321
2026-04-18 12:00:00,2026,4,18,NA,11.5552482972234,24.4746053718761
2026-04-19 12:00:00,2026,4,19,NA,9.86133258302226,27.748750335169
2026-04-20 12:00:00,2026,4,20,NA,5.87062669140955,19.4410720255064
2026-04-21 12:00:00,2026,4,21,NA,8.98160569476826,20.8431411554202
2026-04-22 12:00:00,2026,4,22,NA,8.45406778860952,14.5809683219783
2026-04-23 12:00:00,2026,4,23,NA,8.43342411356655,12.9935900396285
2026-04-24 12:00:00,2026,4,24,NA,6.63505418046811,17.5386986572398
2026-04-25 12:00:00,2026,4,25,NA,5.02763250744625,17.0729039178608
2026-04-26 12:00:00,2026,4,26,NA,5.27218635038224,21.2836494743825
2026-04-27 12:00:00,2026,4,27,NA,3.9573502239747,16.0112949502169
2026-04-28 12:00:00,2026,4,28,NA,7.15489544480089,19.9581555142027
2026-04-29 12:00:00,2026,4,29,NA,7.20830259155416,18.5413802156951
2026-04-30 12:00:00,2026,4,30,NA,9.09521042241,24.877005576012
2026-05-01 12:00:00,2026,5,1,NA,11.6269973931425,23.6875771329494
2026-05-02 12:00:00,2026,5,2,NA,10.9214286113025,27.4730350735088
2026-05-03 12:00:00,2026,5,3,NA,10.816007001562,22.0716815222622
2026-05-04 12:00:00,2026,5,4,NA,11.3005265160121,24.4570276275095
2026-05-05 12:00:00,2026,5,5,NA,9.93522714761073,25.6974875535126
2026-05-06 12:00:00,2026,5,6,NA,15.5445395999126,22.406768048664
2026-05-07 12:00:00,2026,5,7,NA,13.9983641419515,16.9722394362858
2026-05-08 12:00:00,2026,5,8,NA,13.769003261656,20.3395907225409
2026-05-09 12:00:00,2026,5,9,NA,11.9437829369233,24.7590126506173
2026-05-10 12:00:00,2026,5,10,NA,11.656163914398,24.7512100731834
2026-05-11 12:00:00,2026,5,11,NA,13.1490117639732,30.9404854386299
2026-05-12 12:00:00,2026,5,12,NA,13.3356699135186,26.7014144330905
2026-05-13 12:00:00,2026,5,13,NA,14.3000415045629,24.4724582353415
2026-05-14 12:00:00,2026,5,14,NA,14.4265175783171,24.9334056836748
2026-05-15 12:00:00,2026,5,15,NA,17.0324133249018,24.866272380064
2026-05-16 12:00:00,2026,5,16,NA,14.0177989619398,29.7805787410507
2026-05-17 12:00:00,2026,5,17,NA,15.0703770921177,30.3325854061801
2026-05-18 12:00:00,2026,5,18,NA,17.6057268974267,30.8019335889904
2026-05-19 12:00:00,2026,5,19,NA,21.0872988830369,28.4740112232507
2026-05-20 12:00:00,2026,5,20,NA,19.6799138954405,28.3811655372683
2026-05-21 12:00:00,2026,5,21,NA,15.3107966416562,28.6765411612281
2026-05-22 12:00:00,2026,5,22,NA,16.8668772718014,27.0864603210424
2026-05-23 12:00:00,2026,5,23,NA,17.1299970723988,20.06567443844
2026-05-24 12:00:00,2026,5,24,NA,15.5623430404599,21.493051004669
2026-05-25 12:00:00,2026,5,25,NA,15.7852995484993,22.2436222830995
2026-05-26 12:00:00,2026,5,26,NA,9.60222284767145,18.600727914839
2026-05-27 12:00:00,2026,5,27,NA,6.60398775189811,25.3654544654179
2026-05-28 12:00:00,2026,5,28,NA,11.9944981812139,30.7559648947337
2026-05-29 12:00:00,2026,5,29,NA,14.7809701812497,26.882333328158
2026-05-30 12:00:00,2026,5,30,NA,15.6007348076406,28.8072797636952
2026-05-31 12:00:00,2026,5,31,NA,14.3935643589601,27.9885774683342
2026-06-01 12:00:00,2026,6,1,NA,18.4302507037875,30.2818619657694
2026-06-02 12:00:00,2026,6,2,NA,17.06143682856,25.8755738060652
2026-06-03 12:00:00,2026,6,3,NA,18.8945126834473,25.0740540839931
2026-06-04 12:00:00,2026,6,4,NA,17.2343365243904,28.2071257239813
2026-06-05 12:00:00,2026,6,5,NA,20.5778522581028,25.8813080016152
2026-06-06 12:00:00,2026,6,6,NA,23.2111864121514,25.9487640625337
2026-06-07 12:00:00,2026,6,7,NA,18.0916156144033,31.3196607076739
2026-06-08 12:00:00,2026,6,8,NA,16.9020139469922,29.0027275885117
2026-06-09 12:00:00,2026,6,9,NA,17.4500630228144,22.8633076671213
2026-06-10 12:00:00,2026,6,10,NA,16.9832803807409,21.992900147876
2026-06-11 12:00:00,2026,6,11,NA,16.8257175494158,26.2287648721302
2026-06-12 12:00:00,2026,6,12,NA,19.3351928406575,24.5555709022362
2026-06-13 12:00:00,2026,6,13,NA,19.3240590169082,25.0632255755898
2026-06-14 12:00:00,2026,6,14,NA,21.0876591590462,24.6184192765487
2026-06-15 12:00:00,2026,6,15,NA,17.5551682931419,28.4534003168357
2026-06-16 12:00:00,2026,6,16,NA,19.4804730797698,30.272122202476
2026-06-17 12:00:00,2026,6,17,NA,19.9382958434123,28.0223081449718
2026-06-18 12:00:00,2026,6,18,NA,21.0423931607763,31.2052261695234
2026-06-19 12:00:00,2026,6,19,NA,21.3808697855879,31.4317977242495
2026-06-20 12:00:00,2026,6,20,NA,20.5112760373728,33.8565973703495
2026-06-21 12:00:00,2026,6,21,NA,21.4951128216607,33.6091893306819
2026-06-22 12:00:00,2026,6,22,NA,21.5560450844737,34.4921421605814
2026-06-23 12:00:00,2026,6,23,NA,23.0239456754058,34.1480520374479
2026-06-24 12:00:00,2026,6,24,NA,23.1689625452634,32.1028449747623
2026-06-25 12:00:00,2026,6,25,NA,21.8355358078705,32.2590830874809
2026-06-26 12:00:00,2026,6,26,NA,21.1079895343517,32.1664938051361
2026-06-27 12:00:00,2026,6,27,NA,22.2706648349099,34.4873270081558
2026-06-28 12:00:00,2026,6,28,NA,21.9087952657017,30.1650580703099
2026-06-29 12:00:00,2026,6,29,NA,23.377898186682,26.2144712137954
2026-06-30 12:00:00,2026,6,30,NA,22.7710560534785,32.2299783450961
2026-07-01 12:00:00,2026,7,1,NA,22.7564529678468,31.8592952366311
2026-07-02 12:00:00,2026,7,2,NA,22.9790824599064,29.8805775679335
2026-07-03 12:00:00,2026,7,3,NA,23.8946539799491,27.9355752714979
2026-07-04 12:00:00,2026,7,4,NA,23.0672272939442,32.2950382318858
2026-07-05 12:00:00,2026,7,5,NA,23.0071209655245,33.1526027661094
2026-07-06 12:00:00,2026,7,6,NA,25.3250299779983,30.6285084395332
2026-07-07 12:00:00,2026,7,7,NA,25.4066387913485,29.3881725596259
2026-07-08 12:00:00,2026,7,8,NA,25.5293837447651,32.086606058362
2026-07-09 12:00:00,2026,7,9,NA,26.4205389912727,35.8495416562153
2026-07-10 12:00:00,2026,7,10,NA,26.3953447741,34.5350930879254
2026-07-11 12:00:00,2026,7,11,NA,27.5576742080086,30.305732372342
2026-07-12 12:00:00,2026,7,12,NA,23.7720901908144,27.6309416563735
2026-07-13 12:00:00,2026,7,13,NA,23.0245288956158,28.525523716975
2026-07-14 12:00:00,2026,7,14,NA,19.9898806996835,27.5692865827955
2026-07-15 12:00:00,2026,7,15,NA,21.3206689335333,30.6002853047716
2026-07-16 12:00:00,2026,7,16,NA,21.0035877584819,29.3913148994193
2026-07-17 12:00:00,2026,7,17,NA,25.1649702984475,30.3985309542632
2026-07-18 12:00:00,2026,7,18,NA,23.8165079883213,32.6866178574616
2026-07-19 12:00:00,2026,7,19,NA,24.6011145909902,33.3629346995338
2026-07-20 12:00:00,2026,7,20,NA,22.5325596848318,26.4274431588591
2026-07-21 12:00:00,2026,7,21,NA,22.8505520936447,26.4686197201853
2026-07-22 12:00:00,2026,7,22,NA,23.8221339780206,33.3796594559519
2026-07-23 12:00:00,2026,7,23,NA,23.2812483790942,33.9778413581899
2026-07-24 12:00:00,2026,7,24,NA,23.6768692457595,33.2768872375995
2026-07-25 12:00:00,2026,7,25,NA,25.2029210661872,34.6686713520647
2026-07-26 12:00:00,2026,7,26,NA,24.5606710846772,35.1923649884833
2026-07-27 12:00:00,2026,7,27,NA,25.6879781927533,34.5155545660846
2026-07-28 12:00:00,2026,7,28,NA,28.0242456738236,37.8223448127455
2026-07-29 12:00:00,2026,7,29,NA,27.7589118099183,37.8987692676108
2026-07-30 12:00:00,2026,7,30,NA,28.2082423427003,35.5058238981149
2026-07-31 12:00:00,2026,7,31,NA,28.7267247571531,33.7548250904686
2026-08-01 12:00:00,2026,8,1,NA,28.4856151345179,34.0209004667186
2026-08-02 12:00:00,2026,8,2,NA,27.3178266463792,33.3891187258475
2026-08-03 12:00:00,2026,8,3,NA,25.9364514682617,34.5717084746115
2026-08-04 12:00:00,2026,8,4,NA,24.7303147096125,28.2014947043817
2026-08-05 12:00:00,2026,8,5,NA,23.028530364758,31.4615236965933
2026-08-06 12:00:00,2026,8,6,NA,22.5704923741085,30.838953936013
2026-08-07 12:00:00,2026,8,7,NA,23.7011887618195,31.9893155405641
2026-08-08 12:00:00,2026,8,8,NA,23.0847781785526,32.6901097776314
2026-08-09 12:00:00,2026,8,9,NA,20.883537099303,24.4616209548195
2026-08-10 12:00:00,2026,8,10,NA,22.6317645001025,26.4812875092683
2026-08-11 12:00:00,2026,8,11,NA,20.3944353114539,24.1869228700868
2026-08-12 12:00:00,2026,8,12,NA,19.5000746454471,29.6756227367905
2026-08-13 12:00:00,2026,8,13,NA,17.1246173064439,28.2262827585062
2026-08-14 12:00:00,2026,8,14,NA,13.0510310164187,27.0347099771825
2026-08-15 12:00:00,2026,8,15,NA,16.9877127604392,27.9450696445074
2026-08-16 12:00:00,2026,8,16,NA,18.1208371302522,30.6242758864641
2026-08-17 12:00:00,2026,8,17,NA,20.5839995095858,32.3427309107488
2026-08-18 12:00:00,2026,8,18,NA,22.1385491299843,32.5011314165172
2026-08-19 12:00:00,2026,8,19,NA,23.4723335723647,34.6454588605889
2026-08-20 12:00:00,2026,8,20,NA,22.9632875265555,33.6607888923566
2026-08-21 12:00:00,2026,8,21,NA,22.435775422798,31.0917836731194
2026-08-22 12:00:00,2026,8,22,NA,25.9139023686564,31.42274988963
2026-08-23 12:00:00,2026,8,23,NA,24.4431382519455,28.0212221074619
2026-08-24 12:00:00,2026,8,24,NA,24.1672297937464,29.3980342513537
2026-08-25 12:00:00,2026,8,25,NA,21.95860185987,26.8764741111351
2026-08-26 12:00:00,2026,8,26,NA,21.5375981049683,28.5817658740528
2026-08-27 12:00:00,2026,8,27,NA,22.6553991192422,30.3305744623185
2026-08-28 12:00:00,2026,8,28,NA,24.330960701495,30.3115068404188
2026-08-29 12:00:00,2026,8,29,NA,22.6695691913025,30.3488868336567
2026-08-30 12:00:00,2026,8,30,NA,22.8870345028187,26.943267827907
2026-08-31 12:00:00,2026,8,31,NA,22.6300075019337,25.4099347455821
2026-09-01 12:00:00,2026,9,1,NA,22.7945390474882,24.98754573145
2026-09-02 12:00:00,2026,9,2,NA,22.185946469592,30.8345728963609
2026-09-03 12:00:00,2026,9,3,NA,20.2703568411213,29.0662335070781
2026-09-04 12:00:00,2026,9,4,NA,23.7963953773966,31.465836689027
2026-09-05 12:00:00,2026,9,5,NA,22.6531986118761,31.9463300050286
2026-09-06 12:00:00,2026,9,6,NA,21.6969982740009,33.4281705916176
2026-09-07 12:00:00,2026,9,7,NA,21.5752723231793,32.8537147189746
2026-09-08 12:00:00,2026,9,8,NA,19.9629592365469,30.2785566895359
2026-09-09 12:00:00,2026,9,9,NA,21.5243509288572,30.5350799659499
2026-09-10 12:00:00,2026,9,10,NA,19.3359946415057,33.9287767839598
2026-09-11 12:00:00,2026,9,11,NA,17.8163275197259,30.2754398896229
2026-09-12 12:00:00,2026,9,12,NA,15.4040320797103,25.0159484487037
2026-09-13 12:00:00,2026,9,13,NA,17.1953106542268,21.5260149185873
2026-09-14 12:00:00,2026,9,14,NA,16.0437536325575,28.5072865873627
2026-09-15 12:00:00,2026,9,15,NA,17.0182451024993,27.3851145479868
2026-09-16 12:00:00,2026,9,16,NA,17.1604798072151,31.0734152157095
2026-09-17 12:00:00,2026,9,17,NA,17.4861647339912,29.1854352728272
2026-09-18 12:00:00,2026,9,18,NA,17.8600594420549,29.5132621225457
2026-09-19 12:00:00,2026,9,19,NA,19.377712148083,25.4544188324179
2026-09-20 12:00:00,2026,9,20,NA,17.4450159647985,24.6574043261578
2026-09-21 12:00:00,2026,9,21,NA,13.8988406757901,23.3388991615222
2026-09-22 12:00:00,2026,9,22,NA,11.2879490513921,23.7566748814707
2026-09-23 12:00:00,2026,9,23,NA,13.0560892513411,25.4445230559146
2026-09-24 12:00:00,2026,9,24,NA,15.7607877932927,28.9307390088922
2026-09-25 12:00:00,2026,9,25,NA,14.7808431059702,30.4448415375764
2026-09-26 12:00:00,2026,9,26,NA,15.9432338231283,32.2728436519621
2026-09-27 12:00:00,2026,9,27,NA,17.235721639783,31.1486570482773
2026-09-28 12:00:00,2026,9,28,NA,16.1663933792117,27.2291931231975
2026-09-29 12:00:00,2026,9,29,NA,14.1077490549844,29.5064557229538
2026-09-30 12:00:00,2026,9,30,NA,15.5832026655618,31.5118700816327
2026-10-01 12:00:00,2026,10,1,NA,15.6367856655684,29.3110077758412
2026-10-02 12:00:00,2026,10,2,NA,15.5540571373145,29.3676332595607
2026-10-03 12:00:00,2026,10,3,NA,16.9070799029048,30.5411056492939
2026-10-04 12:00:00,2026,10,4,NA,3.90364387266949,20.703567622285
2026-10-05 12:00:00,2026,10,5,NA,2.37448996702913,22.718583359165
2026-10-06 12:00:00,2026,10,6,NA,9.24185951252594,27.6471394166497
2026-10-07 12:00:00,2026,10,7,NA,11.6600329038383,25.1439322596635
2026-10-08 12:00:00,2026,10,8,NA,13.6380439742021,23.0205665056338
2026-10-09 12:00:00,2026,10,9,NA,14.0898353962723,25.0467674020852
2026-10-10 12:00:00,2026,10,10,NA,14.7894655604209,25.3769025235837
2026-10-11 12:00:00,2026,10,11,NA,12.3007066873486,20.8288727678031
2026-10-12 12:00:00,2026,10,12,NA,12.1633065416686,18.5171024726643
2026-10-13 12:00:00,2026,10,13,NA,11.3541428828656,22.9111293692734
2026-10-14 12:00:00,2026,10,14,NA,9.99504456059475,24.2107490688471
2026-10-15 12:00:00,2026,10,15,NA,11.7098891305694,20.5192701562274
2026-10-16 12:00:00,2026,10,16,NA,12.1394484410019,19.6923669773583
2026-10-17 12:00:00,2026,10,17,NA,9.98872700558809,21.3431308505731
2026-10-18 12:00:00,2026,10,18,NA,10.1924315817919,21.4846942312239
2026-10-19 12:00:00,2026,10,19,NA,9.36691125058913,14.0732346340729
2026-10-20 12:00:00,2026,10,20,NA,6.22780296292492,11.656413344081
2026-10-21 12:00:00,2026,10,21,NA,3.04369423483987,12.9938277054689
2026-10-22 12:00:00,2026,10,22,NA,2.70027913580076,17.1113642219219
2026-10-23 12:00:00,2026,10,23,NA,4.93950528043185,20.5360508324334
2026-10-24 12:00:00,2026,10,24,NA,6.10309400642558,20.5970321740758
2026-10-25 12:00:00,2026,10,25,NA,6.5891738221453,20.875530519292
2026-10-26 12:00:00,2026,10,26,NA,10.0628296080249,17.7804937356402
2026-10-27 12:00:00,2026,10,27,NA,10.3894146955963,13.4774164572319
2026-10-28 12:00:00,2026,10,28,NA,16.4215462426071,18.285446102807
2026-10-29 12:00:00,2026,10,29,NA,13.6395798733822,15.3546920072603
2026-10-30 12:00:00,2026,10,30,NA,9.32668066939435,20.1314121176384
2026-10-31 12:00:00,2026,10,31,NA,10.5460470668665,19.828905571622
2026-11-01 12:00:00,2026,11,1,NA,9.84561294092732,17.3219887765747
2026-11-02 12:00:00,2026,11,2,NA,10.4903738553922,13.8457736963652
2026-11-03 12:00:00,2026,11,3,NA,16.2570525972885,22.4140997549628
2026-11-04 12:00:00,2026,11,4,NA,14.8356815289268,21.0389895686427
2026-11-05 12:00:00,2026,11,5,NA,13.4630978347634,21.6556180827172
2026-11-06 12:00:00,2026,11,6,NA,10.3178636368077,23.0863138988651
2026-11-07 12:00:00,2026,11,7,NA,9.43396526131955,20.7990049241154
2026-11-08 12:00:00,2026,11,8,NA,8.49134892745882,23.0934796137725
2026-11-09 12:00:00,2026,11,9,NA,11.8263740445897,24.1238062759483
2026-11-10 12:00:00,2026,11,10,NA,11.203123513417,22.1663392935788
2026-11-11 12:00:00,2026,11,11,NA,7.78465758565295,19.1890721016004
2026-11-12 12:00:00,2026,11,12,NA,8.82619585150803,20.5316413363926
2026-11-13 12:00:00,2026,11,13,NA,6.45791226778542,16.3983604872955
2026-11-14 12:00:00,2026,11,14,NA,6.72741477849389,20.7447251581703
2026-11-15 12:00:00,2026,11,15,NA,6.85994831135992,22.0456114449583
2026-11-16 12:00:00,2026,11,16,NA,8.38574051959394,20.0376191146375
2026-11-17 12:00:00,2026,11,17,NA,5.11048392232948,12.246424917738
2026-11-18 12:00:00,2026,11,18,NA,2.96871451604822,7.91608545233006
2026-11-19 12:00:00,2026,11,19,NA,5.12124145955079,11.2782886172251
2026-11-20 12:00:00,2026,11,20,NA,1.59521767846042,9.69912662924517
2026-11-21 12:00:00,2026,11,21,NA,-4.27697791687982,3.8862944592164
2026-11-22 12:00:00,2026,11,22,NA,1.90359782699049,8.67992869493162
2026-11-23 12:00:00,2026,11,23,NA,-1.38281755288728,8.98171946330197
2026-11-24 12:00:00,2026,11,24,NA,0.277363161793751,12.6423023939645
2026-11-25 12:00:00,2026,11,25,NA,3.00346996564437,13.1747002973892
2026-11-26 12:00:00,2026,11,26,NA,1.73356222956616,12.1841403732133
2026-11-27 12:00:00,2026,11,27,NA,0.257136777336251,13.4148647534833
2026-11-28 12:00:00,2026,11,28,NA,2.13579563030112,16.6315767882312
2026-11-29 12:00:00,2026,11,29,NA,8.30749190193438,10.3753823951212
2026-11-30 12:00:00,2026,11,30,NA,-0.290865501393277,10.4595026640324
2026-12-01 12:00:00,2026,12,1,NA,-0.746481296735587,9.61668271704729
2026-12-02 12:00:00,2026,12,2,NA,0.463685002184172,5.34476744093002
2026-12-03 12:00:00,2026,12,3,NA,-0.399842851909843,3.86492130437223
2026-12-04 12:00:00,2026,12,4,NA,-0.388235500559302,6.82571281195244
2026-12-05 12:00:00,2026,12,5,NA,-4.98137793630295,4.3872901711242
2026-12-06 12:00:00,2026,12,6,NA,-3.83754834720564,1.11767127027544
2026-12-07 12:00:00,2026,12,7,NA,-2.09950011197678,5.08786564511346
2026-12-08 12:00:00,2026,12,8,NA,-0.766045412197628,5.40511830748774
2026-12-09 12:00:00,2026,12,9,NA,-4.2727228478948,2.42945395790873
2026-12-10 12:00:00,2026,12,10,NA,-6.83046045284548,4.26317494387294
2026-12-11 12:00:00,2026,12,11,NA,-0.993170803882157,5.96835048593267
2026-12-12 12:00:00,2026,12,12,NA,-0.859573234145051,9.29076846446164
2026-12-13 12:00:00,2026,12,13,NA,0.896230010802111,9.02327697345061
2026-12-14 12:00:00,2026,12,14,NA,-1.12524432972946,10.9186494658796
2026-12-15 12:00:00,2026,12,15,NA,-3.38810176819805,1.72996835409313
2026-12-16 12:00:00,2026,12,16,NA,-2.54001617157054,0.529477823414701
2026-12-17 12:00:00,2026,12,17,NA,0.838136794708355,7.48185031931301
2026-12-18 12:00:00,2026,12,18,NA,-0.600190258630287,8.49538597059382
2026-12-19 12:00:00,2026,12,19,NA,0.987686044164751,8.09979181193593
2026-12-20 12:00:00,2026,12,20,NA,-0.604228462013584,7.3731125648104
2026-12-21 12:00:00,2026,12,21,NA,-2.67226400463709,8.61738574604992
2026-12-22 12:00:00,2026,12,22,NA,-2.40607418315625,6.18048909666119
2026-12-23 12:00:00,2026,12,23,NA,1.70386418425685,8.41979712507607
2026-12-24 12:00:00,2026,12,24,NA,3.32914963881623,4.63974935241714
2026-12-25 12:00:00,2026,12,25,NA,-0.280789553490444,3.70399696557216
2026-12-26 12:00:00,2026,12,26,NA,-3.51308101721514,-0.0919155110118601
2026-12-27 12:00:00,2026,12,27,NA,-3.26905894158601,3.29823082279057
2026-12-28 12:00:00,2026,12,28,NA,-8.66599539857089,-3.06037196413021
2026-12-29 12:00:00,2026,12,29,NA,-6.64658536516042,-3.61406399688021
2026-12-30 12:00:00,2026,12,30,NA,-4.80303236189835,4.00162874653277
2026-12-31 12:00:00,2026,12,31,NA,-6.5560769576511,1.94204425057599
2027-01-01 12:00:00,2027,1,1,NA,-7.21180352747428,-0.421937534537719
2027-01-02 12:00:00,2027,1,2,NA,-8.05073488678282,0.833353772128324
2027-01-03 12:00:00,2027,1,3,NA,-5.76987407679751,5.60674832615999
2027-01-04 12:00:00,2027,1,4,NA,-5.35362959164128,0.752177557846992
2027-01-05 12:00:00,2027,1,5,NA,-6.27784219555923,5.26310755814695
2027-01-06 12:00:00,2027,1,6,NA,-10.4115300465181,-3.84221174275231
2027-01-07 12:00:00,2027,1,7,NA,-10.1252652373782,3.72227806764069
2027-01-08 12:00:00,2027,1,8,NA,-6.82180087692417,4.70129587196896
2027-01-09 12:00:00,2027,1,9,NA,-4.97831049822745,6.22431695780718
2027-01-10 12:00:00,2027,1,10,NA,-3.11882291152932,6.93246273133194
2027-01-11 12:00:00,2027,1,11,NA,-2.42273170415239,10.5391555425653
2027-01-12 12:00:00,2027,1,12,NA,-2.84413449048759,7.94583729180347
2027-01-13 12:00:00,2027,1,13,NA,-2.71813692302873,7.29159207617093
2027-01-14 12:00:00,2027,1,14,NA,-5.81027262875781,5.35106370278778
2027-01-15 12:00:00,2027,1,15,NA,-6.70797680458452,5.54450352035331
2027-01-16 12:00:00,2027,1,16,NA,-3.44645736412381,8.54384242667429
2027-01-17 12:00:00,2027,1,17,NA,-9.05957068492236,1.75053337120643
2027-01-18 12:00:00,2027,1,18,NA,-7.03948976637597,5.20384092449746
2027-01-19 12:00:00,2027,1,19,NA,-4.14746862163433,6.63441810931474
2027-01-20 12:00:00,2027,1,20,NA,-3.51323656276042,3.64521025613776
2027-01-21 12:00:00,2027,1,21,NA,-7.35427432965796,-3.59675260349969
2027-01-22 12:00:00,2027,1,22,NA,-6.93587084349958,2.47175971194749
2027-01-23 12:00:00,2027,1,23,NA,-9.2945642467692,-4.02183809100138
2027-01-24 12:00:00,2027,1,24,NA,-8.65619724532012,0.861571865795219
2027-01-25 12:00:00,2027,1,25,NA,-6.62755935482166,5.7474429480508
2027-01-26 12:00:00,2027,1,26,NA,-1.99543463163921,11.7232014782462
2027-01-27 12:00:00,2027,1,27,NA,-4.30794354165341,5.86577307117954
2027-01-28 12:00:00,2027,1,28,NA,-0.0380737179753226,9.36815757514043
2027-01-29 12:00:00,2027,1,29,NA,-0.805031188588244,8.26365693422163
2027-01-30 12:00:00,2027,1,30,NA,-0.516558463713091,8.22038659371299
2027-01-31 12:00:00,2027,1,31,NA,3.38689790770051,9.53845957228378
2027-02-01 12:00:00,2027,2,1,NA,1.9976434818945,12.2198003363728
2027-02-02 12:00:00,2027,2,2,NA,2.48326114804217,7.7716773775687
2027-02-03 12:00:00,2027,2,3,NA,2.27535261117081,8.93871392939803
2027-02-04 12:00:00,2027,2,4,NA,-0.449771463438925,7.0042663224289
2027-02-05 12:00:00,2027,2,5,NA,0.0528580508723471,4.01302755987859
2027-02-06 12:00:00,2027,2,6,NA,-2.19057685541808,7.21677023872469
2027-02-07 12:00:00,2027,2,7,NA,1.58917597265664,10.5427527328825
2027-02-08 12:00:00,2027,2,8,NA,-3.45883215676777,2.98370442968558
2027-02-09 12:00:00,2027,2,9,NA,-2.7064436719401,4.61369430885097
2027-02-10 12:00:00,2027,2,10,NA,-4.97740907525838,4.4151854675696
2027-02-11 12:00:00,2027,2,11,NA,-1.18996984669719,5.97370720651076
2027-02-12 12:00:00,2027,2,12,NA,-4.33596482162025,1.9422505088132
2027-02-13 12:00:00,2027,2,13,NA,-5.33204113976379,4.44580013298039
2027-02-14 12:00:00,2027,2,14,NA,-3.10158390851032,13.6156883623923
2027-02-15 12:00:00,2027,2,15,NA,-1.355069296044,7.65877923361288
2027-02-16 12:00:00,2027,2,16,NA,-7.87882897149643,4.55949770876662
2027-02-17 12:00:00,2027,2,17,NA,-6.4491418702165,10.0265139808356
2027-02-18 12:00:00,2027,2,18,NA,-2.51281691910945,12.4615837862506
2027-02-19 12:00:00,2027,2,19,NA,-3.24914176917165,8.09782272914823
2027-02-20 12:00:00,2027,2,20,NA,-0.786917379405286,8.38921816818636
2027-02-21 12:00:00,2027,2,21,NA,-4.01893716321418,8.36203427887923
2027-02-22 12:00:00,2027,2,22,NA,-4.71024840843512,10.4034957576294
2027-02-23 12:00:00,2027,2,23,NA,-3.42522810493998,4.61933907541978
2027-02-24 12:00:00,2027,2,24,NA,-4.9383210613672,3.79969109393315
2027-02-25 12:00:00,2027,2,25,NA,-7.60220607538657,9.17574149027984
2027-02-26 12:00:00,2027,2,26,NA,-2.40167909522652,12.569155131729
2027-02-27 12:00:00,2027,2,27,NA,-4.18640719528069,0.408129927683941
2027-02-28 12:00:00,2027,2,28,NA,-2.4916867895398,7.39104609683537
2027-03-01 12:00:00,2027,3,1,NA,-3.18059468474885,7.08139098929788
2027-03-02 12:00:00,2027,3,2,NA,1.57896344487792,9.9329564576712
2027-03-03 12:00:00,2027,3,3,NA,-0.839523686229545,12.2044830683847
2027-03-04 12:00:00,2027,3,4,NA,-1.8863853587564,16.0366440390573
2027-03-05 12:00:00,2027,3,5,NA,-1.24071859934902,16.7604647213283
2027-03-06 12:00:00,2027,3,6,NA,1.14216821359839,14.801091945487
2027-03-07 12:00:00,2027,3,7,NA,-1.3780851575607,2.25602370833906
2027-03-08 12:00:00,2027,3,8,NA,-4.51359874131845,3.97287249807647
2027-03-09 12:00:00,2027,3,9,NA,-4.11433847402918,7.66309976236597
2027-03-10 12:00:00,2027,3,10,NA,-2.57657358908706,11.9464209491464
2027-03-11 12:00:00,2027,3,11,NA,-1.47400140076445,13.4260609894927
2027-03-12 12:00:00,2027,3,12,NA,0.726384652590535,13.8114159682053
2027-03-13 12:00:00,2027,3,13,NA,1.9514930687207,15.1234650121934
2027-03-14 12:00:00,2027,3,14,NA,4.77605826792253,13.1539524488286
2027-03-15 12:00:00,2027,3,15,NA,1.99270638383983,13.0485640409917
2027-03-16 12:00:00,2027,3,16,NA,2.57145766694432,14.3488959033395
2027-03-17 12:00:00,2027,3,17,NA,1.24314624025556,18.4441936229974
2027-03-18 12:00:00,2027,3,18,NA,1.46312191375362,15.0114600337465
2027-03-19 12:00:00,2027,3,19,NA,3.49384689908822,17.1850506102567
2027-03-20 12:00:00,2027,3,20,NA,2.85902337577115,11.0453608945621
2027-03-21 12:00:00,2027,3,21,NA,0.639899483866582,17.0120140498062
2027-03-22 12:00:00,2027,3,22,NA,2.24270305528684,20.9236260166097
2027-03-23 12:00:00,2027,3,23,NA,1.48167120587932,22.5794661271096
2027-03-24 12:00:00,2027,3,24,NA,6.35116933605818,24.1200262539613
2027-03-25 12:00:00,2027,3,25,NA,8.17015406206394,19.3336588729979
2027-03-26 12:00:00,2027,3,26,NA,8.89571411869845,22.4855036594094
2027-03-27 12:00:00,2027,3,27,NA,7.30151650248064,21.9525418245855
2027-03-28 12:00:00,2027,3,28,NA,3.48426292036786,21.4850345128341
2027-03-29 12:00:00,2027,3,29,NA,5.97099221228853,19.9601672556895
2027-03-30 12:00:00,2027,3,30,NA,3.17909263251394,21.0920472237237
2027-03-31 12:00:00,2027,3,31,NA,3.34708732399194,16.6319847902867
2027-04-01 12:00:00,2027,4,1,NA,6.70585283233993,21.6635080341575
2027-04-02 12:00:00,2027,4,2,NA,7.20008558197553,18.3272053560717
2027-04-03 12:00:00,2027,4,3,NA,10.3316535444019,14.4099338965139
2027-04-04 12:00:00,2027,4,4,NA,6.19159509993459,14.798422343539
2027-04-05 12:00:00,2027,4,5,NA,4.71298720427006,19.5523974577774
2027-04-06 12:00:00,2027,4,6,NA,7.58442671528588,18.983430207222
2027-04-07 12:00:00,2027,4,7,NA,9.24845279819956,12.5060965494908
2027-04-08 12:00:00,2027,4,8,NA,6.31897511284711,8.41854909809879
2027-04-09 12:00:00,2027,4,9,NA,4.73390836284782,16.136082853744
2027-04-10 12:00:00,2027,4,10,NA,5.77687252007887,12.7067901132072
2027-04-11 12:00:00,2027,4,11,NA,9.71652583553605,13.8189363073584
2027-04-12 12:00:00,2027,4,12,NA,8.863987397043,17.2100327054076
2027-04-13 12:00:00,2027,4,13,NA,8.2030492335573,14.132280171632
2027-04-14 12:00:00,2027,4,14,NA,5.81013587146324,18.6419021007637
2027-04-15 12:00:00,2027,4,15,NA,8.12430732186527,23.8913827190843
2027-04-16 12:00:00,2027,4,16,NA,7.3648448398173,23.0861324363734
2027-04-17 12:00:00,2027,4,17,NA,3.54342114010559,21.5405338575459
2027-04-18 12:00:00,2027,4,18,NA,5.095197477031,20.2256460050596
2027-04-19 12:00:00,2027,4,19,NA,7.23229364625387,23.9401845744602
2027-04-20 12:00:00,2027,4,20,NA,7.33773397989975,23.5075273055077
2027-04-21 12:00:00,2027,4,21,NA,10.788928785063,24.1106510224025
2027-04-22 12:00:00,2027,4,22,NA,12.9573111431229,25.3521581151007
2027-04-23 12:00:00,2027,4,23,NA,11.7545339174202,22.3327041347285
2027-04-24 12:00:00,2027,4,24,NA,13.0444101581834,23.9098048289909
2027-04-25 12:00:00,2027,4,25,NA,15.3513148494137,22.281232442542
2027-04-26 12:00:00,2027,4,26,NA,11.4022567229309,22.9388349629398
2027-04-27 12:00:00,2027,4,27,NA,10.0615202359111,20.5723665559207
2027-04-28 12:00:00,2027,4,28,NA,13.7217883294334,26.7255675179443
2027-04-29 12:00:00,2027,4,29,NA,13.1152560986036,21.4974040330272
2027-04-30 12:00:00,2027,4,30,NA,11.2061476383878,25.1025145139269
2027-05-01 12:00:00,2027,5,1,NA,8.49120355423703,21.1853861602536
2027-05-02 12:00:00,2027,5,2,NA,8.65168782878092,20.0538623196771
2027-05-03 12:00:00,2027,5,3,NA,7.79844427348333,15.860179722601
2027-05-04 12:00:00,2027,5,4,NA,1.6563463363377,23.4117189369006
2027-05-05 12:00:00,2027,5,5,NA,7.46481636192842,26.7775475340645
2027-05-06 12:00:00,2027,5,6,NA,8.81593104170285,24.1953468513914
2027-05-07 12:00:00,2027,5,7,NA,9.15826632757339,24.1508647454746
2027-05-08 12:00:00,2027,5,8,NA,9.48162881307225,24.2364940827753
2027-05-09 12:00:00,2027,5,9,NA,9.92107467881168,21.1245381494319
2027-05-10 12:00:00,2027,5,10,NA,10.8717759129655,30.0497531173284
2027-05-11 12:00:00,2027,5,11,NA,11.8755376115848,26.5622755328249
2027-05-12 12:00:00,2027,5,12,NA,18.5052926940374,21.4791679883718
2027-05-13 12:00:00,2027,5,13,NA,14.2844014045509,26.8939751312383
2027-05-14 12:00:00,2027,5,14,NA,13.0263574141388,28.0605066798331
2027-05-15 12:00:00,2027,5,15,NA,12.309936609272,23.8144691423148
2027-05-16 12:00:00,2027,5,16,NA,12.0506528632007,22.8341938845104
2027-05-17 12:00:00,2027,5,17,NA,11.3329301657938,26.8189329526357
2027-05-18 12:00:00,2027,5,18,NA,11.3609437249528,25.2040549877532
2027-05-19 12:00:00,2027,5,19,NA,14.6644491382916,27.4759392468642
2027-05-20 12:00:00,2027,5,20,NA,15.5209777788968,31.2407266175562
2027-05-21 12:00:00,2027,5,21,NA,15.4060952240575,27.6350856583853
2027-05-22 12:00:00,2027,5,22,NA,15.5593238283722,30.4044591305578
2027-05-23 12:00:00,2027,5,23,NA,16.8278488451189,32.0926497952335
2027-05-24 12:00:00,2027,5,24,NA,11.2539572805099,27.3998983734865
2027-05-25 12:00:00,2027,5,25,NA,12.4752467069656,29.2330703502502
2027-05-26 12:00:00,2027,5,26,NA,12.4787382576573,28.7716296647683
2027-05-27 12:00:00,2027,5,27,NA,15.2314454650966,30.8076540199348
2027-05-28 12:00:00,2027,5,28,NA,14.1155951799402,25.8516847814798
2027-05-29 12:00:00,2027,5,29,NA,13.528406235795,27.4787713565481
2027-05-30 12:00:00,2027,5,30,NA,15.5686486079269,24.9352712983758
2027-05-31 12:00:00,2027,5,31,NA,15.3722808784614,28.1875105921554
2027-06-01 12:00:00,2027,6,1,NA,11.9865103681958,22.6688176078981
2027-06-02 12:00:00,2027,6,2,NA,12.3187338810019,26.0175880099323
2027-06-03 12:00:00,2027,6,3,NA,14.5052177984867,28.6417122581937
2027-06-04 12:00:00,2027,6,4,NA,16.1494495673319,27.4353560364273
2027-06-05 12:00:00,2027,6,5,NA,17.4540000256308,28.8165952819772
2027-06-06 12:00:00,2027,6,6,NA,17.5445187750072,32.6922242502269
2027-06-07 12:00:00,2027,6,7,NA,20.4184419063226,29.5212841751069
2027-06-08 12:00:00,2027,6,8,NA,17.8008719140238,29.5506005641434
2027-06-09 12:00:00,2027,6,9,NA,18.018233602786,30.8317991319329
2027-06-10 12:00:00,2027,6,10,NA,15.4655642624204,30.4287407867715
2027-06-11 12:00:00,2027,6,11,NA,15.6402696523673,33.7073736827793
2027-06-12 12:00:00,2027,6,12,NA,20.6463341911234,30.1740609404939
2027-06-13 12:00:00,2027,6,13,NA,18.6737435576032,29.6465327571941
2027-06-14 12:00:00,2027,6,14,NA,21.5185902340721,32.6174840132593
2027-06-15 12:00:00,2027,6,15,NA,20.1464442249706,27.8861651235959
2027-06-16 12:00:00,2027,6,16,NA,18.6615984550305,30.5607533809919
2027-06-17 12:00:00,2027,6,17,NA,19.545609413344,28.6137334625689
2027-06-18 12:00:00,2027,6,18,NA,18.8823631686263,29.4067998267611
2027-06-19 12:00:00,2027,6,19,NA,19.4987594021195,30.5644215021836
2027-06-20 12:00:00,2027,6,20,NA,20.0193475962737,33.1097714648786
2027-06-21 12:00:00,2027,6,21,NA,19.8483717033021,35.8620089223983
2027-06-22 12:00:00,2027,6,22,NA,23.1774988946103,32.4293356387014
2027-06-23 12:00:00,2027,6,23,NA,23.0586628577684,33.1419897766312
2027-06-24 12:00:00,2027,6,24,NA,23.4368081589677,31.4605801581444
2027-06-25 12:00:00,2027,6,25,NA,24.2806887791718,27.176035933554
2027-06-26 12:00:00,2027,6,26,NA,20.8032120970112,27.643649467747
2027-06-27 12:00:00,2027,6,27,NA,20.0464166875696,29.6913490215995
2027-06-28 12:00:00,2027,6,28,NA,20.7540944345132,30.9472637979299
2027-06-29 12:00:00,2027,6,29,NA,22.2467181520351,33.2311837088953
2027-06-30 12:00:00,2027,6,30,NA,22.8180245633389,32.1749244941251
2027-07-01 12:00:00,2027,7,1,NA,26.6365397913638,30.7575307537432
2027-07-02 12:00:00,2027,7,2,NA,23.6647287449605,34.2266179848168
2027-07-03 12:00:00,2027,7,3,NA,23.3509930491437,30.1131182308763
2027-07-04 12:00:00,2027,7,4,NA,23.7242229070688,32.4711846068906
2027-07-05 12:00:00,2027,7,5,NA,24.5536639009135,33.2871010694277
2027-07-06 12:00:00,2027,7,6,NA,25.6544037872581,34.1546822852581
2027-07-07 12:00:00,2027,7,7,NA,27.9137585728927,31.0901948858596
2027-07-08 12:00:00,2027,7,8,NA,24.967360668609,36.0480508990796
2027-07-09 12:00:00,2027,7,9,NA,27.5263873397665,34.3458506333929
2027-07-10 12:00:00,2027,7,10,NA,30.5507143431792,34.80088943986
2027-07-11 12:00:00,2027,7,11,NA,29.2475293531941,30.7681963112648
2027-07-12 12:00:00,2027,7,12,NA,25.2019610429694,28.0242920532087
2027-07-13 12:00:00,2027,7,13,NA,25.2279127808519,33.9817351824043
2027-07-14 12:00:00,2027,7,14,NA,25.0216383003562,30.8285670796009
2027-07-15 12:00:00,2027,7,15,NA,24.653930904737,30.4763454611193
2027-07-16 12:00:00,2027,7,16,NA,24.9140402455686,32.9850030846336
2027-07-17 12:00:00,2027,7,17,NA,20.5003316180584,25.1791907602398
2027-07-18 12:00:00,2027,7,18,NA,20.6012788854569,27.5370466884943
2027-07-19 12:00:00,2027,7,19,NA,22.6406345572771,32.2581797559832
2027-07-20 12:00:00,2027,7,20,NA,23.7337425352716,35.5850460055659
2027-07-21 12:00:00,2027,7,21,NA,23.0325071382554,32.9416167965721
2027-07-22 12:00:00,2027,7,22,NA,23.952120921675,34.6487139007706
2027-07-23 12:00:00,2027,7,23,NA,23.5972683846302,27.409085304198
2027-07-24 12:00:00,2027,7,24,NA,24.659278652481,26.9422166800091
2027-07-25 12:00:00,2027,7,25,NA,22.9362861985793,26.283990360318
2027-07-26 12:00:00,2027,7,26,NA,23.0256768765014,27.9111528740105
2027-07-27 12:00:00,2027,7,27,NA,21.5092759197321,28.0107649487183
2027-07-28 12:00:00,2027,7,28,NA,23.6762675906416,27.4745527640776
2027-07-29 12:00:00,2027,7,29,NA,23.8418904608744,29.4890039457111
2027-07-30 12:00:00,2027,7,30,NA,23.8748257815545,28.6218346528699
2027-07-31 12:00:00,2027,7,31,NA,23.5512865269176,29.5162974753278
2027-08-01 12:00:00,2027,8,1,NA,22.8416105594373,33.1882881103377
2027-08-02 12:00:00,2027,8,2,NA,26.5422376405125,35.3920535791132
2027-08-03 12:00:00,2027,8,3,NA,25.1376327112699,32.8885117040696
2027-08-04 12:00:00,2027,8,4,NA,25.4066847482233,34.1593769900968
2027-08-05 12:00:00,2027,8,5,NA,24.6218911472994,35.5691723934138
2027-08-06 12:00:00,2027,8,6,NA,25.6633525508423,35.2836100762996
2027-08-07 12:00:00,2027,8,7,NA,31.0408362315295,35.9590799905741
2027-08-08 12:00:00,2027,8,8,NA,29.9078617365178,36.3751470509159
2027-08-09 12:00:00,2027,8,9,NA,27.0090041533582,37.1039131411685
2027-08-10 12:00:00,2027,8,10,NA,26.9798687664823,37.5436933234529
2027-08-11 12:00:00,2027,8,11,NA,26.5427562506706,35.1859855263149
2027-08-12 12:00:00,2027,8,12,NA,26.8843495912597,35.5230226883119
2027-08-13 12:00:00,2027,8,13,NA,27.589770534434,32.8818991883993
2027-08-14 12:00:00,2027,8,14,NA,24.0476754300368,30.7678535064968
2027-08-15 12:00:00,2027,8,15,NA,22.557815412149,29.226140176608
2027-08-16 12:00:00,2027,8,16,NA,22.4213545543644,29.051904521059
2027-08-17 12:00:00,2027,8,17,NA,22.826653187559,31.4747649861891
2027-08-18 12:00:00,2027,8,18,NA,23.6716170511584,33.0866333933734
2027-08-19 12:00:00,2027,8,19,NA,27.2614193881801,34.5918957822432
2027-08-20 12:00:00,2027,8,20,NA,26.2361487198396,33.3481236980716
2027-08-21 12:00:00,2027,8,21,NA,24.368349345173,29.1752596519576
2027-08-22 12:00:00,2027,8,22,NA,21.8560607915874,28.3233461059855
2027-08-23 12:00:00,2027,8,23,NA,21.7686229445678,32.0808693207081
2027-08-24 12:00:00,2027,8,24,NA,22.4301188592006,33.0253964304128
2027-08-25 12:00:00,2027,8,25,NA,25.7056591915246,30.2517657021534
2027-08-26 12:00:00,2027,8,26,NA,24.1770711224209,27.9695586810538
2027-08-27 12:00:00,2027,8,27,NA,22.8793563618766,28.5361867227326
2027-08-28 12:00:00,2027,8,28,NA,23.0171578886505,26.8634037950361
2027-08-29 12:00:00,2027,8,29,NA,22.2356658029579,29.9175715826798
2027-08-30 12:00:00,2027,8,30,NA,22.3406109684619,31.8783157424986
2027-08-31 12:00:00,2027,8,31,NA,21.4587052371784,32.0641796436864
2027-09-01 12:00:00,2027,9,1,NA,24.0199157770307,31.6536685991431
2027-09-02 12:00:00,2027,9,2,NA,24.042694413942,25.8597622007258
2027-09-03 12:00:00,2027,9,3,NA,20.792075102943,29.0678381073654
2027-09-04 12:00:00,2027,9,4,NA,19.07944165576,29.0515830643019
2027-09-05 12:00:00,2027,9,5,NA,18.6138111336056,29.4083962242013
2027-09-06 12:00:00,2027,9,6,NA,18.8772293803172,31.4709640120392
2027-09-07 12:00:00,2027,9,7,NA,20.1403018467747,33.5137413531113
2027-09-08 12:00:00,2027,9,8,NA,21.3776205544887,32.6781108724843
2027-09-09 12:00:00,2027,9,9,NA,23.6945029998835,35.1979517830691
2027-09-10 12:00:00,2027,9,10,NA,23.9148552885763,34.2057307720927
2027-09-11 12:00:00,2027,9,11,NA,24.4635910781869,32.8900992654768
2027-09-12 12:00:00,2027,9,12,NA,23.3782225936767,32.0064117537993
2027-09-13 12:00:00,2027,9,13,NA,20.5428068425187,31.1255996215708
2027-09-14 12:00:00,2027,9,14,NA,22.3491666522241,26.0876286590928
2027-09-15 12:00:00,2027,9,15,NA,21.0325563699861,24.8157456581626
2027-09-16 12:00:00,2027,9,16,NA,18.3781393569946,24.3612719978937
2027-09-17 12:00:00,2027,9,17,NA,17.2170586684222,26.2494238819597
2027-09-18 12:00:00,2027,9,18,NA,15.0876289510623,24.2128620135455
2027-09-19 12:00:00,2027,9,19,NA,13.1540223669541,28.5097958749106
2027-09-20 12:00:00,2027,9,20,NA,14.9266076250757,28.0444413263141
2027-09-21 12:00:00,2027,9,21,NA,18.295833176039,29.8346809750773
2027-09-22 12:00:00,2027,9,22,NA,17.2192358261014,28.8392135818899
2027-09-23 12:00:00,2027,9,23,NA,16.0278574146543,27.1940287204751
2027-09-24 12:00:00,2027,9,24,NA,17.2032791538631,28.202463879289
2027-09-25 12:00:00,2027,9,25,NA,15.0707767524384,28.4948844061699
2027-09-26 12:00:00,2027,9,26,NA,15.7932795938023,28.263542021478
2027-09-27 12:00:00,2027,9,27,NA,22.3652943853796,25.1366984218114
2027-09-28 12:00:00,2027,9,28,NA,21.8907135437301,24.7705800816836
2027-09-29 12:00:00,2027,9,29,NA,18.3332301732878,26.6098041453745
2027-09-30 12:00:00,2027,9,30,NA,16.6750620309687,28.1489661015961
2027-10-01 12:00:00,2027,10,1,NA,18.1289901035612,25.2418889833681
2027-10-02 12:00:00,2027,10,2,NA,18.2166923072113,31.6410532786932
2027-10-03 12:00:00,2027,10,3,NA,17.7661810984516,31.5268643926508
2027-10-04 12:00:00,2027,10,4,NA,16.6740308444182,29.8398315775985
2027-10-05 12:00:00,2027,10,5,NA,14.7866175751744,31.5455179424212
2027-10-06 12:00:00,2027,10,6,NA,17.0807111387485,32.5111969976844
2027-10-07 12:00:00,2027,10,7,NA,16.7436327093802,30.7708433100668
2027-10-08 12:00:00,2027,10,8,NA,16.3787330627875,28.9877099884193
2027-10-09 12:00:00,2027,10,9,NA,18.4654389461844,27.4103521996333
2027-10-10 12:00:00,2027,10,10,NA,22.0008476627287,27.8150396095534
2027-10-11 12:00:00,2027,10,11,NA,17.2861486639283,29.7389259276885
2027-10-12 12:00:00,2027,10,12,NA,21.5372635168224,29.8754476685988
2027-10-13 12:00:00,2027,10,13,NA,15.4992939685427,27.9865478676497
2027-10-14 12:00:00,2027,10,14,NA,13.7030206242206,26.3920614930827
2027-10-15 12:00:00,2027,10,15,NA,15.5601351258561,27.0675034832309
2027-10-16 12:00:00,2027,10,16,NA,16.7733630678954,26.3475160508985
2027-10-17 12:00:00,2027,10,17,NA,15.3325254304774,26.8205230473736
2027-10-18 12:00:00,2027,10,18,NA,14.3853033772865,23.5335240935374
2027-10-19 12:00:00,2027,10,19,NA,12.210651587088,27.6946295523864
2027-10-20 12:00:00,2027,10,20,NA,9.05396090324494,22.1737236438722
2027-10-21 12:00:00,2027,10,21,NA,7.64179702707981,18.8201099991781
2027-10-22 12:00:00,2027,10,22,NA,10.4370049180189,19.4240178548488
2027-10-23 12:00:00,2027,10,23,NA,10.0513980359075,19.59605759779
2027-10-24 12:00:00,2027,10,24,NA,8.23231004711226,21.5075943477773
2027-10-25 12:00:00,2027,10,25,NA,10.0173118257479,24.5543077026235
2027-10-26 12:00:00,2027,10,26,NA,8.84079054848381,23.3177684050418
2027-10-27 12:00:00,2027,10,27,NA,10.5086898823036,24.3355453617383
2027-10-28 12:00:00,2027,10,28,NA,10.7675822636979,21.2474648421839
2027-10-29 12:00:00,2027,10,29,NA,11.6926192107456,15.3630867880453
2027-10-30 12:00:00,2027,10,30,NA,8.50663217175037,19.8033914318635
2027-10-31 12:00:00,2027,10,31,NA,8.35171462071703,21.1789404114023
2027-11-01 12:00:00,2027,11,1,NA,8.21072529036938,24.0873261570972
2027-11-02 12:00:00,2027,11,2,NA,7.07753856439549,21.4914097924286
2027-11-03 12:00:00,2027,11,3,NA,7.4725508774817,22.4395613273471
2027-11-04 12:00:00,2027,11,4,NA,10.4728919662519,24.0010277859329
2027-11-05 12:00:00,2027,11,5,NA,13.6137071708403,25.5943754381975
2027-11-06 12:00:00,2027,11,6,NA,7.02051332411438,19.4602684260085
2027-11-07 12:00:00,2027,11,7,NA,10.1173827358074,22.6809747427561
2027-11-08 12:00:00,2027,11,8,NA,10.6499375564201,24.0476182871449
2027-11-09 12:00:00,2027,11,9,NA,10.070577006749,18.0325628104038
2027-11-10 12:00:00,2027,11,10,NA,6.61070617702835,19.5901408695135
2027-11-11 12:00:00,2027,11,11,NA,7.51989720033653,22.9972729190605
2027-11-12 12:00:00,2027,11,12,NA,11.2253916277344,18.0017224956755
2027-11-13 12:00:00,2027,11,13,NA,10.9089673710289,18.0814232594729
2027-11-14 12:00:00,2027,11,14,NA,8.30548918812446,18.8412290286177
2027-11-15 12:00:00,2027,11,15,NA,6.50522988525398,17.940657550871
2027-11-16 12:00:00,2027,11,16,NA,4.02695152738625,19.4609394919231
2027-11-17 12:00:00,2027,11,17,NA,7.65628547996791,21.2036193295604
2027-11-18 12:00:00,2027,11,18,NA,4.36868610392819,15.7564704747965
2027-11-19 12:00:00,2027,11,19,NA,1.31072142059211,11.8574376722593
2027-11-20 12:00:00,2027,11,20,NA,3.16895675713702,10.4085324124969
2027-11-21 12:00:00,2027,11,21,NA,1.39032484645269,13.5115169805196
2027-11-22 12:00:00,2027,11,22,NA,3.50430929291061,18.0118371139393
2027-11-23 12:00:00,2027,11,23,NA,4.75624854891118,15.123205287325
2027-11-24 12:00:00,2027,11,24,NA,7.39855951485066,16.6622328594282
2027-11-25 12:00:00,2027,11,25,NA,6.49348280066629,15.2801734188904
2027-11-26 12:00:00,2027,11,26,NA,3.24975290616438,8.5299416010823
2027-11-27 12:00:00,2027,11,27,NA,-1.1954597985135,5.41798028377985
2027-11-28 12:00:00,2027,11,28,NA,1.51027357136131,10.8012949624613
2027-11-29 12:00:00,2027,11,29,NA,-1.0019601807091,6.17049570773488
2027-11-30 12:00:00,2027,11,30,NA,-1.67243625409566,9.29077952606614
2027-12-01 12:00:00,2027,12,1,NA,1.38501798878865,14.6815508141691
2027-12-02 12:00:00,2027,12,2,NA,-0.68175606377422,7.5245384084316
2027-12-03 12:00:00,2027,12,3,NA,1.13474103200863,9.58680081734882
2027-12-04 12:00:00,2027,12,4,NA,3.98328640595487,13.0849917150259
2027-12-05 12:00:00,2027,12,5,NA,2.87004404971444,15.1807914987142
2027-12-06 12:00:00,2027,12,6,NA,5.10980180928071,15.4942363375275
2027-12-07 12:00:00,2027,12,7,NA,4.27171383314031,14.6734366891823
2027-12-08 12:00:00,2027,12,8,NA,9.68640235198721,15.468744678314
2027-12-09 12:00:00,2027,12,9,NA,6.8841909185665,12.8694915747936
2027-12-10 12:00:00,2027,12,10,NA,4.3960315076688,14.1400492036079
2027-12-11 12:00:00,2027,12,11,NA,4.23199995458921,8.80996563636193
2027-12-12 12:00:00,2027,12,12,NA,0.470908943090924,13.4233494016457
2027-12-13 12:00:00,2027,12,13,NA,2.06563986998255,15.3134084229203
2027-12-14 12:00:00,2027,12,14,NA,3.27441519656653,15.5262690713429
2027-12-15 12:00:00,2027,12,15,NA,2.97039220905992,10.1969471791271
2027-12-16 12:00:00,2027,12,16,NA,3.39894646019242,11.3584610560802
2027-12-17 12:00:00,2027,12,17,NA,-1.99213354804484,9.36236126914737
2027-12-18 12:00:00,2027,12,18,NA,-1.41301517133902,13.6211342851065
2027-12-19 12:00:00,2027,12,19,NA,-0.549170105531289,13.6630329982807
2027-12-20 12:00:00,2027,12,20,NA,-0.073729572834738,9.22988149852546
2027-12-21 12:00:00,2027,12,21,NA,-0.127892247096937,9.75153411129994
2027-12-22 12:00:00,2027,12,22,NA,1.67144858043479,5.34928306961339
2027-12-23 12:00:00,2027,12,23,NA,-1.0817706622138,3.24055023512098
2027-12-24 12:00:00,2027,12,24,NA,-2.34145989734107,6.86169278110698
2027-12-25 12:00:00,2027,12,25,NA,1.87714425747508,15.0458368498525
2027-12-26 12:00:00,2027,12,26,NA,1.5154423462289,13.8009659373149
2027-12-27 12:00:00,2027,12,27,NA,5.25653444302947,11.2418951886173
2027-12-28 12:00:00,2027,12,28,NA,1.53991272629209,6.38731579365077
2027-12-29 12:00:00,2027,12,29,NA,-4.3584262021359,0.435506613822376
2027-12-30 12:00:00,2027,12,30,NA,-3.65825932100453,0.777152945112707
2027-12-31 12:00:00,2027,12,31,NA,-3.26006697608299,3.30908726373092
2028-01-01 12:00:00,2028,1,1,NA,-3.86005990020242,5.32031178715672
2028-01-02 12:00:00,2028,1,2,NA,-3.10107663029167,4.69490915648319
2028-01-03 12:00:00,2028,1,3,NA,-2.93781996786782,9.96476012087262
2028-01-04 12:00:00,2028,1,4,NA,-3.71063180214167,3.96100707390898
2028-01-05 12:00:00,2028,1,5,NA,-7.44376244704188,0.493713163333099
2028-01-06 12:00:00,2028,1,6,NA,-6.76096927345916,2.46622402065054
2028-01-07 12:00:00,2028,1,7,NA,-8.55978892303036,3.81521337984209
2028-01-08 12:00:00,2028,1,8,NA,-7.70090295925822,4.43209495659472
2028-01-09 12:00:00,2028,1,9,NA,-6.25911497663543,3.88740849343895
2028-01-10 12:00:00,2028,1,10,NA,-3.62688470900127,9.55710127272133
2028-01-11 12:00:00,2028,1,11,NA,-0.55838647148008,7.0931335848836
2028-01-12 12:00:00,2028,1,12,NA,-4.18324634974442,2.02883594506254
2028-01-13 12:00:00,2028,1,13,NA,-5.71735374283783,6.16903596714129
2028-01-14 12:00:00,2028,1,14,NA,-4.15239267684311,10.2688318628769
2028-01-15 12:00:00,2028,1,15,NA,-4.04925368244308,7.7336209541984
2028-01-16 12:00:00,2028,1,16,NA,0.499593495518005,5.5361127648763
2028-01-17 12:00:00,2028,1,17,NA,-0.473918664264134,5.55564608402362
2028-01-18 12:00:00,2028,1,18,NA,-1.41197329230231,8.85748921552094
2028-01-19 12:00:00,2028,1,19,NA,-2.84884826550531,6.37834502860439
2028-01-20 12:00:00,2028,1,20,NA,-3.46038649624872,10.0901424809729
2028-01-21 12:00:00,2028,1,21,NA,-4.83384987293262,7.72227167368409
2028-01-22 12:00:00,2028,1,22,NA,-3.08600152310692,9.25231992631683
2028-01-23 12:00:00,2028,1,23,NA,-1.04081847195395,7.25217173530215
2028-01-24 12:00:00,2028,1,24,NA,-3.29884041124138,4.26908589426247
2028-01-25 12:00:00,2028,1,25,NA,-5.32121240418737,-0.501113314201985
2028-01-26 12:00:00,2028,1,26,NA,-5.23217072527292,3.47608125544622
2028-01-27 12:00:00,2028,1,27,NA,-5.52675447162221,7.14114383940367
2028-01-28 12:00:00,2028,1,28,NA,-2.30698672993279,10.769222990826
2028-01-29 12:00:00,2028,1,29,NA,0.139379659042705,13.9134709994786
2028-01-30 12:00:00,2028,1,30,NA,1.82505719410082,12.3702928154892
2028-01-31 12:00:00,2028,1,31,NA,1.76531690599983,13.3812264411456
2028-02-01 12:00:00,2028,2,1,NA,-0.517582346888911,11.9649347679186
2028-02-02 12:00:00,2028,2,2,NA,1.34897938680268,11.921170519325
2028-02-03 12:00:00,2028,2,3,NA,7.81768379783791,15.1209801494473
2028-02-04 12:00:00,2028,2,4,NA,8.83079713544327,16.7918672270512
2028-02-05 12:00:00,2028,2,5,NA,-0.547204934070331,5.72417581727023
2028-02-06 12:00:00,2028,2,6,NA,-0.324975158864202,11.0697066369355
2028-02-07 12:00:00,2028,2,7,NA,1.58154888648942,10.2538499928976
2028-02-08 12:00:00,2028,2,8,NA,3.57914487407261,11.6602832157432
2028-02-09 12:00:00,2028,2,9,NA,6.43222412426497,10.2173000891148
2028-02-10 12:00:00,2028,2,10,NA,3.6517713993532,11.5122806626613
2028-02-11 12:00:00,2028,2,11,NA,-0.453327098721872,8.50612600475731
2028-02-12 12:00:00,2028,2,12,NA,-3.63164521362656,5.70031638175648
2028-02-13 12:00:00,2028,2,13,NA,2.70440167319356,10.4682793268545
2028-02-14 12:00:00,2028,2,14,NA,0.811107833468057,13.8252803668819
2028-02-15 12:00:00,2028,2,15,NA,8.71285143104669,16.3194141764715
2028-02-16 12:00:00,2028,2,16,NA,6.93356390515888,14.2373104960564
2028-02-17 12:00:00,2028,2,17,NA,3.02685560306796,15.7309323459101
2028-02-18 12:00:00,2028,2,18,NA,2.11427446791959,11.8031373014774
2028-02-19 12:00:00,2028,2,19,NA,2.07006932871005,11.7388440081596
2028-02-20 12:00:00,2028,2,20,NA,-0.26717247646148,16.465006120466
2028-02-21 12:00:00,2028,2,21,NA,3.60000055515254,16.1756767190686
2028-02-22 12:00:00,2028,2,22,NA,5.93895366011983,14.3215561370237
2028-02-23 12:00:00,2028,2,23,NA,6.05013258240437,13.3630602356853
2028-02-24 12:00:00,2028,2,24,NA,2.37128937078627,14.8630964923451
2028-02-25 12:00:00,2028,2,25,NA,3.06718170309078,18.2140848542446
2028-02-26 12:00:00,2028,2,26,NA,-0.276114194739638,15.3672609456465
2028-02-27 12:00:00,2028,2,27,NA,2.1070313338611,15.7803289723793
2028-02-28 12:00:00,2028,2,28,NA,1.33754914417764,16.5012678724028
2028-02-29 12:00:00,2028,2,29,NA,2.65449422195996,17.1599085092198
2028-03-01 12:00:00,2028,3,1,NA,4.91556371762046,14.3521285907064
2028-03-02 12:00:00,2028,3,2,NA,4.62482582707991,18.5773849626084
2028-03-03 12:00:00,2028,3,3,NA,2.93253786904853,18.5748506361445
2028-03-04 12:00:00,2028,3,4,NA,8.07115384365522,18.2353212296757
2028-03-05 12:00:00,2028,3,5,NA,2.1706201779388,6.29254776771355
2028-03-06 12:00:00,2028,3,6,NA,-0.0231219173943993,10.9122023429939
2028-03-07 12:00:00,2028,3,7,NA,-3.20104945473109,2.78887355380206
2028-03-08 12:00:00,2028,3,8,NA,-2.44412382994847,8.83152349332164
2028-03-09 12:00:00,2028,3,9,NA,-2.91845982179771,12.981538226054
2028-03-10 12:00:00,2028,3,10,NA,-3.4982025282525,16.7944850025983
2028-03-11 12:00:00,2028,3,11,NA,-2.79382416751133,12.9510990818992
2028-03-12 12:00:00,2028,3,12,NA,-0.612332942584735,15.903124300358
2028-03-13 12:00:00,2028,3,13,NA,-1.00210808281766,10.3817079988379
2028-03-14 12:00:00,2028,3,14,NA,-1.00206646362085,15.2772519502049
2028-03-15 12:00:00,2028,3,15,NA,1.07903630465066,17.3560313082748
2028-03-16 12:00:00,2028,3,16,NA,3.72356589898529,17.4134496732641
2028-03-17 12:00:00,2028,3,17,NA,2.31778012680832,18.3444566762613
2028-03-18 12:00:00,2028,3,18,NA,6.93084402469315,16.850781633235
2028-03-19 12:00:00,2028,3,19,NA,5.06947165279989,19.5765432762086
2028-03-20 12:00:00,2028,3,20,NA,4.95112425830652,15.2378425803513
2028-03-21 12:00:00,2028,3,21,NA,3.30748879712913,13.756502720797
2028-03-22 12:00:00,2028,3,22,NA,3.70894563526156,14.0936631119707
2028-03-23 12:00:00,2028,3,23,NA,2.04607604821133,15.218047991684
2028-03-24 12:00:00,2028,3,24,NA,-1.83757143874876,10.0256078307982
2028-03-25 12:00:00,2028,3,25,NA,-11.6805291045048,13.2324464681999
2028-03-26 12:00:00,2028,3,26,NA,-0.902417581918366,19.2251704340858
2028-03-27 12:00:00,2028,3,27,NA,-0.479795689398152,16.4620910789848
2028-03-28 12:00:00,2028,3,28,NA,5.840112726262,20.1914651484104
2028-03-29 12:00:00,2028,3,29,NA,5.47223404324351,20.2712978824208
2028-03-30 12:00:00,2028,3,30,NA,5.45298216645517,20.8679269959046
2028-03-31 12:00:00,2028,3,31,NA,7.44143787979737,20.6327700552965
2028-04-01 12:00:00,2028,4,1,NA,10.8069206149234,18.5421696412612
2028-04-02 12:00:00,2028,4,2,NA,8.63731316584917,22.8246459591016
2028-04-03 12:00:00,2028,4,3,NA,9.35389464608141,22.5955945786662
2028-04-04 12:00:00,2028,4,4,NA,7.57472452249724,21.4413719106708
2028-04-05 12:00:00,2028,4,5,NA,4.97174328638308,19.5029764742959
2028-04-06 12:00:00,2028,4,6,NA,5.01972585227458,21.6242010412702
2028-04-07 12:00:00,2028,4,7,NA,9.80111706014042,16.2564172860124
2028-04-08 12:00:00,2028,4,8,NA,7.21808683956497,17.141754361229
2028-04-09 12:00:00,2028,4,9,NA,9.06167309153314,21.4895984998893
2028-04-10 12:00:00,2028,4,10,NA,9.85469394859187,27.6594306230511
2028-04-11 12:00:00,2028,4,11,NA,15.6988872409015,29.6065988801327
2028-04-12 12:00:00,2028,4,12,NA,15.2569805684094,27.9727132894244
2028-04-13 12:00:00,2028,4,13,NA,15.6720592001861,27.5904880791833
2028-04-14 12:00:00,2028,4,14,NA,15.5440119378861,24.4656241282539
2028-04-15 12:00:00,2028,4,15,NA,13.9528829013071,22.4291103649165
2028-04-16 12:00:00,2028,4,16,NA,9.94810720504517,23.0892026586692
2028-04-17 12:00:00,2028,4,17,NA,10.9790432668284,18.6109979349203
2028-04-18 12:00:00,2028,4,18,NA,10.101169009107,17.9538338883265
2028-04-19 12:00:00,2028,4,19,NA,8.43624068421416,19.7650906965764
2028-04-20 12:00:00,2028,4,20,NA,9.56511162600534,22.438377450019
2028-04-21 12:00:00,2028,4,21,NA,10.5683078083958,16.1005043243457
2028-04-22 12:00:00,2028,4,22,NA,6.7029405667234,20.6116987605987
2028-04-23 12:00:00,2028,4,23,NA,6.67001956400458,23.226769547305
2028-04-24 12:00:00,2028,4,24,NA,8.44563733569326,23.5760858637219
2028-04-25 12:00:00,2028,4,25,NA,7.32209331519077,26.0531864114075
2028-04-26 12:00:00,2028,4,26,NA,10.4150022148108,24.6685586666867
2028-04-27 12:00:00,2028,4,27,NA,12.1537418747121,19.6791172807505
2028-04-28 12:00:00,2028,4,28,NA,7.551836566918,15.9339845013416
2028-04-29 12:00:00,2028,4,29,NA,7.3836087371594,17.2981880357554
2028-04-30 12:00:00,2028,4,30,NA,10.6019669056906,17.7091261676987
2028-05-01 12:00:00,2028,5,1,NA,10.0507001889126,14.1403929398095
2028-05-02 12:00:00,2028,5,2,NA,4.05635656540845,19.3665900188237
2028-05-03 12:00:00,2028,5,3,NA,9.54778662842055,21.5960726388737
2028-05-04 12:00:00,2028,5,4,NA,9.06905224493164,20.8107641244734
2028-05-05 12:00:00,2028,5,5,NA,8.76716929677444,19.5981416909324
2028-05-06 12:00:00,2028,5,6,NA,10.7930287103963,17.4312529331444
2028-05-07 12:00:00,2028,5,7,NA,9.74725125522489,22.265187000001
2028-05-08 12:00:00,2028,5,8,NA,8.46530984209876,19.2316916559724
2028-05-09 12:00:00,2028,5,9,NA,9.29414646799458,22.0199514518411
2028-05-10 12:00:00,2028,5,10,NA,11.1034352260078,21.0964136458169
2028-05-11 12:00:00,2028,5,11,NA,8.72264149950231,26.049144778852
2028-05-12 12:00:00,2028,5,12,NA,10.035284579787,29.5841552776798
2028-05-13 12:00:00,2028,5,13,NA,11.9720790298511,30.5702513144647
2028-05-14 12:00:00,2028,5,14,NA,14.2951053543694,31.3888193938906
2028-05-15 12:00:00,2028,5,15,NA,12.9700058306731,30.0522486247348
2028-05-16 12:00:00,2028,5,16,NA,15.283561369094,28.1835256205611
2028-05-17 12:00:00,2028,5,17,NA,15.4173299223969,21.1241239735764
2028-05-18 12:00:00,2028,5,18,NA,14.4007526340952,24.9912905430552
2028-05-19 12:00:00,2028,5,19,NA,14.7913876900985,22.2459074935421
2028-05-20 12:00:00,2028,5,20,NA,12.7125594717614,27.7925192365594
2028-05-21 12:00:00,2028,5,21,NA,14.4977125541979,31.4484875935765
2028-05-22 12:00:00,2028,5,22,NA,15.3811891708493,31.2877020570877
2028-05-23 12:00:00,2028,5,23,NA,14.6488731462737,27.6407492625142
2028-05-24 12:00:00,2028,5,24,NA,14.3935384662412,28.7097265742349
2028-05-25 12:00:00,2028,5,25,NA,16.3893103278613,27.6738567484841
2028-05-26 12:00:00,2028,5,26,NA,17.2779147921298,27.1794081831701
2028-05-27 12:00:00,2028,5,27,NA,15.7469698501533,28.0922421926884
2028-05-28 12:00:00,2028,5,28,NA,14.0328713116154,29.6090798664537
2028-05-29 12:00:00,2028,5,29,NA,15.9843947487516,23.8235878067655
2028-05-30 12:00:00,2028,5,30,NA,16.7154792646958,24.9194797474878
2028-05-31 12:00:00,2028,5,31,NA,15.7676777439901,28.4120446463448
2028-06-01 12:00:00,2028,6,1,NA,14.7785168081067,27.4317669830199
2028-06-02 12:00:00,2028,6,2,NA,14.7994635379952,27.4527137129084
2028-06-03 12:00:00,2028,6,3,NA,20.5511804163715,28.6367046595776
2028-06-04 12:00:00,2028,6,4,NA,20.5396984986678,23.5507207854348
2028-06-05 12:00:00,2028,6,5,NA,17.9810863878105,26.0250656687342
2028-06-06 12:00:00,2028,6,6,NA,15.8927490250423,27.5693113639556
2028-06-07 12:00:00,2028,6,7,NA,15.6250544052554,29.7492329856378
2028-06-08 12:00:00,2028,6,8,NA,14.3948336653107,33.4478901867046
2028-06-09 12:00:00,2028,6,9,NA,17.5508730392554,27.2955507173663
2028-06-10 12:00:00,2028,6,10,NA,19.0122745883903,30.0767633315492
2028-06-11 12:00:00,2028,6,11,NA,21.8789553992397,30.8818235536697
2028-06-12 12:00:00,2028,6,12,NA,21.5485574311841,24.567787308088
2028-06-13 12:00:00,2028,6,13,NA,15.6635209225984,27.6767834160421
2028-06-14 12:00:00,2028,6,14,NA,12.0880608382119,29.2630757997035
2028-06-15 12:00:00,2028,6,15,NA,18.3406911315554,27.6087083595619
2028-06-16 12:00:00,2028,6,16,NA,18.0015510387455,29.66689001159
2028-06-17 12:00:00,2028,6,17,NA,17.8860463400073,27.1724068032996
2028-06-18 12:00:00,2028,6,18,NA,20.3085865386272,24.5557352543283
2028-06-19 12:00:00,2028,6,19,NA,16.1304639789969,25.8899391239956
2028-06-20 12:00:00,2028,6,20,NA,17.7295366707143,23.2501978340956
2028-06-21 12:00:00,2028,6,21,NA,18.0357375480296,24.9372326560567
2028-06-22 12:00:00,2028,6,22,NA,20.0024726491597,22.7989583149515
2028-06-23 12:00:00,2028,6,23,NA,18.5648187120421,25.0077324517175
2028-06-24 12:00:00,2028,6,24,NA,19.3824444360044,30.9613272408602
2028-06-25 12:00:00,2028,6,25,NA,21.5424842133586,29.7142023762902
2028-06-26 12:00:00,2028,6,26,NA,20.6677033100645,33.1127774358972
2028-06-27 12:00:00,2028,6,27,NA,20.3294053344768,33.4198292030817
2028-06-28 12:00:00,2028,6,28,NA,21.2239712415936,32.9068590404909
2028-06-29 12:00:00,2028,6,29,NA,22.8083992508159,24.419743156769
2028-06-30 12:00:00,2028,6,30,NA,21.561864687902,25.6757392212802
2028-07-01 12:00:00,2028,7,1,NA,19.7531554211771,24.8329040089327
2028-07-02 12:00:00,2028,7,2,NA,19.7059966976042,24.8306934181682
2028-07-03 12:00:00,2028,7,3,NA,21.017646388543,27.4186179440223
2028-07-04 12:00:00,2028,7,4,NA,19.2852358128767,30.8956934270862
2028-07-05 12:00:00,2028,7,5,NA,19.5489029647618,31.9773452124035
2028-07-06 12:00:00,2028,7,6,NA,22.0714514134006,31.6473725386201
2028-07-07 12:00:00,2028,7,7,NA,22.5278780037871,33.9656496801106
2028-07-08 12:00:00,2028,7,8,NA,22.2594976857317,30.9676499463591
2028-07-09 12:00:00,2028,7,9,NA,23.1040715775223,31.5026620649298
2028-07-10 12:00:00,2028,7,10,NA,23.1735104616688,29.1298486841512
2028-07-11 12:00:00,2028,7,11,NA,20.9367949040252,31.6935812123385
2028-07-12 12:00:00,2028,7,12,NA,23.0994007453788,31.2679538581647
2028-07-13 12:00:00,2028,7,13,NA,22.0285950675639,31.0464735013726
2028-07-14 12:00:00,2028,7,14,NA,24.3645247906471,34.2742055861279
2028-07-15 12:00:00,2028,7,15,NA,26.8281313900912,28.4144882046149
2028-07-16 12:00:00,2028,7,16,NA,24.7983538492059,27.0133357780363
2028-07-17 12:00:00,2028,7,17,NA,23.1788076523133,27.9592649190027
2028-07-18 12:00:00,2028,7,18,NA,22.2027854758625,28.7600077894595
2028-07-19 12:00:00,2028,7,19,NA,22.5141392342461,32.4210788999602
2028-07-20 12:00:00,2028,7,20,NA,23.2591920484259,34.2937083745217
2028-07-21 12:00:00,2028,7,21,NA,23.1688563783064,32.5864297914736
2028-07-22 12:00:00,2028,7,22,NA,22.9047931074413,28.5029982727795
2028-07-23 12:00:00,2028,7,23,NA,21.5367245192888,31.5015739196627
2028-07-24 12:00:00,2028,7,24,NA,23.3363092836739,30.5633794397799
2028-07-25 12:00:00,2028,7,25,NA,23.4663941660631,26.5399130678186
2028-07-26 12:00:00,2028,7,26,NA,22.8752154096284,26.7694213389895
2028-07-27 12:00:00,2028,7,27,NA,20.8231933326486,27.0290205402696
2028-07-28 12:00:00,2028,7,28,NA,23.2194140190138,31.6640693237227
2028-07-29 12:00:00,2028,7,29,NA,25.3836884955334,29.457732489185
2028-07-30 12:00:00,2028,7,30,NA,25.1484965333353,32.0842643363727
2028-07-31 12:00:00,2028,7,31,NA,23.7754435133651,32.4505179014723
2028-08-01 12:00:00,2028,8,1,NA,27.0198556415715,35.8813774374766
2028-08-02 12:00:00,2028,8,2,NA,28.7866328927892,35.3119134514376
2028-08-03 12:00:00,2028,8,3,NA,27.4958025781829,37.4502679734559
2028-08-04 12:00:00,2028,8,4,NA,27.9889003448253,34.3491744823678
2028-08-05 12:00:00,2028,8,5,NA,26.3944422695279,34.5874146878374
2028-08-06 12:00:00,2028,8,6,NA,25.9782194065374,33.9972494981304
2028-08-07 12:00:00,2028,8,7,NA,25.4527775460158,34.8696128768042
2028-08-08 12:00:00,2028,8,8,NA,25.5276295913733,34.3979782265265
2028-08-09 12:00:00,2028,8,9,NA,24.8864402576089,32.5914590178879
2028-08-10 12:00:00,2028,8,10,NA,22.4717681320924,33.036772809698
2028-08-11 12:00:00,2028,8,11,NA,23.7419238494457,33.7523595487514
2028-08-12 12:00:00,2028,8,12,NA,25.0939343021365,34.9808836467822
2028-08-13 12:00:00,2028,8,13,NA,22.639084841531,33.4189197849511
2028-08-14 12:00:00,2028,8,14,NA,22.841337914345,31.4894497129751
2028-08-15 12:00:00,2028,8,15,NA,25.2789432737808,32.7519018881085
2028-08-16 12:00:00,2028,8,16,NA,24.5147852166825,31.2497028567864
2028-08-17 12:00:00,2028,8,17,NA,24.7444217055144,33.7735448880864
2028-08-18 12:00:00,2028,8,18,NA,22.8434112331917,35.1778652675845
2028-08-19 12:00:00,2028,8,19,NA,22.3601271167784,32.069295433409
2028-08-20 12:00:00,2028,8,20,NA,25.6996650858355,35.7081840893174
2028-08-21 12:00:00,2028,8,21,NA,24.4040708848662,32.8370642167015
2028-08-22 12:00:00,2028,8,22,NA,24.5821231688479,35.4891698679001
2028-08-23 12:00:00,2028,8,23,NA,23.1717829290184,33.0586273648941
2028-08-24 12:00:00,2028,8,24,NA,22.6681273631925,31.4185003526359
2028-08-25 12:00:00,2028,8,25,NA,22.2499029205581,31.2513446486003
2028-08-26 12:00:00,2028,8,26,NA,22.0952166617556,32.0979544728085
2028-08-27 12:00:00,2028,8,27,NA,21.9670876314072,32.3296699179401
2028-08-28 12:00:00,2028,8,28,NA,20.3219886482983,29.3396235482801
2028-08-29 12:00:00,2028,8,29,NA,23.5639603606836,30.7783719868568
2028-08-30 12:00:00,2028,8,30,NA,22.942864315062,30.5896672317804
2028-08-31 12:00:00,2028,8,31,NA,24.1658044907438,29.9494449624738
2028-09-01 12:00:00,2028,9,1,NA,23.8653505427445,27.771457676466
2028-09-02 12:00:00,2028,9,2,NA,23.4478866510385,32.0864278641801
2028-09-03 12:00:00,2028,9,3,NA,20.3785014820823,30.3084812989749
2028-09-04 12:00:00,2028,9,4,NA,19.4263743981321,26.698677943159
2028-09-05 12:00:00,2028,9,5,NA,18.9150698253028,28.8859736589552
2028-09-06 12:00:00,2028,9,6,NA,21.5631504653784,26.2521985708874
2028-09-07 12:00:00,2028,9,7,NA,21.8422522344473,27.5010371591689
2028-09-08 12:00:00,2028,9,8,NA,19.7275973022366,30.2888652920404
2028-09-09 12:00:00,2028,9,9,NA,16.2584496124342,25.0005405077846
2028-09-10 12:00:00,2028,9,10,NA,18.3281951157713,32.3563939529925
2028-09-11 12:00:00,2028,9,11,NA,17.1839145334997,24.1315722163206
2028-09-12 12:00:00,2028,9,12,NA,15.7451691349961,21.5119481979729
2028-09-13 12:00:00,2028,9,13,NA,15.8353402369208,23.9968304472514
2028-09-14 12:00:00,2028,9,14,NA,16.1512253544166,26.6221471041042
2028-09-15 12:00:00,2028,9,15,NA,19.9222663291314,29.0441114113446
2028-09-16 12:00:00,2028,9,16,NA,20.4066503484139,31.4494770007394
2028-09-17 12:00:00,2028,9,17,NA,20.7520116709306,28.445272450756
2028-09-18 12:00:00,2028,9,18,NA,21.5484700660259,24.3267753022734
2028-09-19 12:00:00,2028,9,19,NA,18.7863607546293,26.3025829910666
2028-09-20 12:00:00,2028,9,20,NA,17.5016850015954,20.2806655200539
2028-09-21 12:00:00,2028,9,21,NA,16.4361869537684,23.5844560049725
2028-09-22 12:00:00,2028,9,22,NA,15.1042039761338,24.7037722241227
2028-09-23 12:00:00,2028,9,23,NA,15.7636769303932,25.6936567472858
2028-09-24 12:00:00,2028,9,24,NA,15.4985782378652,20.786501184387
2028-09-25 12:00:00,2028,9,25,NA,13.9778535088529,22.9567598783931
2028-09-26 12:00:00,2028,9,26,NA,12.8136392818918,24.2484312915392
2028-09-27 12:00:00,2028,9,27,NA,14.5635799262492,22.9341483218128
2028-09-28 12:00:00,2028,9,28,NA,14.3396317740239,23.3106619909762
2028-09-29 12:00:00,2028,9,29,NA,14.9579845502497,25.356990128408
2028-09-30 12:00:00,2028,9,30,NA,14.471037729527,21.1001731834474
2028-10-01 12:00:00,2028,10,1,NA,14.7310486498713,28.153832057973
2028-10-02 12:00:00,2028,10,2,NA,18.4407732776527,24.0993410898675
2028-10-03 12:00:00,2028,10,3,NA,14.8383543477618,26.8900633492071
2028-10-04 12:00:00,2028,10,4,NA,15.5341539997605,28.0295364764797
2028-10-05 12:00:00,2028,10,5,NA,14.4170041388636,28.886366519796
2028-10-06 12:00:00,2028,10,6,NA,16.8467257683319,30.6445524573005
2028-10-07 12:00:00,2028,10,7,NA,16.6129531731721,28.2936567520735
2028-10-08 12:00:00,2028,10,8,NA,14.9616307243879,30.4217779701886
2028-10-09 12:00:00,2028,10,9,NA,17.586815814275,29.4627183652302
2028-10-10 12:00:00,2028,10,10,NA,19.3516024361945,31.447256831847
2028-10-11 12:00:00,2028,10,11,NA,17.4726233322968,30.5761316810459
2028-10-12 12:00:00,2028,10,12,NA,13.9490543661318,26.883781396245
2028-10-13 12:00:00,2028,10,13,NA,14.9362361921698,26.8899137680946
2028-10-14 12:00:00,2028,10,14,NA,15.9006946171811,21.6601101056317
2028-10-15 12:00:00,2028,10,15,NA,13.0767395440503,22.4623654056289
2028-10-16 12:00:00,2028,10,16,NA,11.3093182457241,22.2760460912078
2028-10-17 12:00:00,2028,10,17,NA,12.3251372772159,23.8882546134359
2028-10-18 12:00:00,2028,10,18,NA,9.01686162787201,21.253952565102
2028-10-19 12:00:00,2028,10,19,NA,10.8975466726099,21.1952184814687
2028-10-20 12:00:00,2028,10,20,NA,10.4748586352693,23.7676259437422
2028-10-21 12:00:00,2028,10,21,NA,12.1891625561957,21.8933386943072
2028-10-22 12:00:00,2028,10,22,NA,10.2565132254241,15.7402051218991
2028-10-23 12:00:00,2028,10,23,NA,10.1890168885534,22.7733443246351
2028-10-24 12:00:00,2028,10,24,NA,6.06556080013401,21.8217168232636
2028-10-25 12:00:00,2028,10,25,NA,9.38098436026753,22.9197836783838
2028-10-26 12:00:00,2028,10,26,NA,9.91560135757047,23.7414722300003
2028-10-27 12:00:00,2028,10,27,NA,8.45192645125719,23.0722834550634
2028-10-28 12:00:00,2028,10,28,NA,9.01752542794361,20.5820340423721
2028-10-29 12:00:00,2028,10,29,NA,9.77194660461531,18.7178163293547
2028-10-30 12:00:00,2028,10,30,NA,10.596077591345,21.8928368514581
2028-10-31 12:00:00,2028,10,31,NA,10.5195037847632,15.3038143617565
2028-11-01 12:00:00,2028,11,1,NA,3.69291458401122,11.2789700058935
2028-11-02 12:00:00,2028,11,2,NA,4.27043205628463,10.9765781658536
2028-11-03 12:00:00,2028,11,3,NA,6.15407612385356,12.3697354445783
2028-11-04 12:00:00,2028,11,4,NA,8.25802356450928,17.4421372849593
2028-11-05 12:00:00,2028,11,5,NA,4.30337269772606,13.0778040943614
2028-11-06 12:00:00,2028,11,6,NA,-3.43028846717704,12.6418728517021
2028-11-07 12:00:00,2028,11,7,NA,1.36334679822748,10.7333165178558
2028-11-08 12:00:00,2028,11,8,NA,2.79754412152972,15.0949763528884
2028-11-09 12:00:00,2028,11,9,NA,4.1969868678762,18.2142972475527
2028-11-10 12:00:00,2028,11,10,NA,3.77797982278665,14.1146781209389
2028-11-11 12:00:00,2028,11,11,NA,2.33939888881251,14.8893017064643
2028-11-12 12:00:00,2028,11,12,NA,4.46407552347916,18.1595544776768
2028-11-13 12:00:00,2028,11,13,NA,6.56848593467541,16.6873263109864
2028-11-14 12:00:00,2028,11,14,NA,0.957823939043263,11.0193673058148
2028-11-15 12:00:00,2028,11,15,NA,1.16965927867576,9.75599695541885
2028-11-16 12:00:00,2028,11,16,NA,0.75523288338373,7.79984764608508
2028-11-17 12:00:00,2028,11,17,NA,-1.53367378142191,5.18891434032388
2028-11-18 12:00:00,2028,11,18,NA,-1.60687762195197,11.2628724671
2028-11-19 12:00:00,2028,11,19,NA,-2.20056128154035,3.88575073640838
2028-11-20 12:00:00,2028,11,20,NA,-1.36466243704969,11.8130259907674
2028-11-21 12:00:00,2028,11,21,NA,-2.74506550961795,10.6743892755813
2028-11-22 12:00:00,2028,11,22,NA,1.43228120985648,12.8366957258039
2028-11-23 12:00:00,2028,11,23,NA,1.00682445782606,13.4254792936809
2028-11-24 12:00:00,2028,11,24,NA,4.9352367006903,15.0670767187406
2028-11-25 12:00:00,2028,11,25,NA,3.90868277738448,17.0664107535315
2028-11-26 12:00:00,2028,11,26,NA,5.89866948736036,14.8113843119859
2028-11-27 12:00:00,2028,11,27,NA,-1.24154101580327,7.26440858465512
2028-11-28 12:00:00,2028,11,28,NA,2.21862509156249,3.76889492138493
2028-11-29 12:00:00,2028,11,29,NA,-0.348713599436291,8.11531572770361
2028-11-30 12:00:00,2028,11,30,NA,5.20262341751824,6.34827060838584
2028-12-01 12:00:00,2028,12,1,NA,4.65182338029682,9.74208407753373
2028-12-02 12:00:00,2028,12,2,NA,5.30405733748612,10.5942667061919
2028-12-03 12:00:00,2028,12,3,NA,0.530478473820569,13.4552437068939
2028-12-04 12:00:00,2028,12,4,NA,-1.08985062147603,10.0362149151496
2028-12-05 12:00:00,2028,12,5,NA,-2.0890281120297,11.1763030919735
2028-12-06 12:00:00,2028,12,6,NA,-4.62163090887761,4.53085570498485
2028-12-07 12:00:00,2028,12,7,NA,-3.2845203044427,3.80433506454928
2028-12-08 12:00:00,2028,12,8,NA,-3.08682472375095,7.37546913019896
2028-12-09 12:00:00,2028,12,9,NA,-0.867282104622752,11.3885251688648
2028-12-10 12:00:00,2028,12,10,NA,-1.47073732975064,11.4817031288042
2028-12-11 12:00:00,2028,12,11,NA,-1.86465160448718,9.25554683722673
2028-12-12 12:00:00,2028,12,12,NA,-4.36386681194606,6.61923072176233
2028-12-13 12:00:00,2028,12,13,NA,-2.82265917862273,12.3365068260065
2028-12-14 12:00:00,2028,12,14,NA,-2.56184676937352,9.29547423850326
2028-12-15 12:00:00,2028,12,15,NA,-1.43927684089797,14.799343884368
2028-12-16 12:00:00,2028,12,16,NA,0.687502995731733,13.6186933400071
2028-12-17 12:00:00,2028,12,17,NA,0.911968305349401,8.12591661786115
2028-12-18 12:00:00,2028,12,18,NA,-1.43714459300775,9.47554561725373
2028-12-19 12:00:00,2028,12,19,NA,-1.14310706026565,11.1676403887341
2028-12-20 12:00:00,2028,12,20,NA,2.62413741784823,12.7335835415048
2028-12-21 12:00:00,2028,12,21,NA,0.0923995088891107,11.9355541139172
2028-12-22 12:00:00,2028,12,22,NA,-0.226565675865742,5.12115336143588
2028-12-23 12:00:00,2028,12,23,NA,-1.01679107580883,5.05152444160399
2028-12-24 12:00:00,2028,12,24,NA,-0.254627589710657,8.07255222200389
2028-12-25 12:00:00,2028,12,25,NA,-0.222515179965193,9.2372185582527
2028-12-26 12:00:00,2028,12,26,NA,-2.1115181363401,8.10847720388196
2028-12-27 12:00:00,2028,12,27,NA,-0.290557349101899,11.6978911837998
2028-12-28 12:00:00,2028,12,28,NA,1.13861782818944,12.3029835845983
2028-12-29 12:00:00,2028,12,29,NA,3.4809299110801,10.6682956681703
2028-12-30 12:00:00,2028,12,30,NA,-1.36382712046296,10.2557936970891
2028-12-31 12:00:00,2028,12,31,NA,-3.60438633544537,7.61627331759094
2029-01-01 12:00:00,2029,1,1,NA,-2.15045844379308,7.05554013896977
2029-01-02 12:00:00,2029,1,2,NA,-6.51159566821545,9.03342821369902
2029-01-03 12:00:00,2029,1,3,NA,-4.14804950047024,9.6994938045487
2029-01-04 12:00:00,2029,1,4,NA,-2.16444958198471,6.12444739440761
2029-01-05 12:00:00,2029,1,5,NA,-1.57252570629417,4.514106772738
2029-01-06 12:00:00,2029,1,6,NA,-2.55425466732376,7.90624111939624
2029-01-07 12:00:00,2029,1,7,NA,-2.18496065487623,8.68120221607782
2029-01-08 12:00:00,2029,1,8,NA,-2.78168603398077,7.27789364938904
2029-01-09 12:00:00,2029,1,9,NA,-3.05115229965013,4.4349074116373
2029-01-10 12:00:00,2029,1,10,NA,-2.59922387796148,6.09327919817197
2029-01-11 12:00:00,2029,1,11,NA,-2.16498935710099,6.51153823900774
2029-01-12 12:00:00,2029,1,12,NA,-2.06457484251882,9.99686220145873
2029-01-13 12:00:00,2029,1,13,NA,-6.57633257775529,-0.00701427398948162
2029-01-14 12:00:00,2029,1,14,NA,-5.41924681790338,2.40428464433505
2029-01-15 12:00:00,2029,1,15,NA,-3.12993378230129,2.42315453045734
2029-01-16 12:00:00,2029,1,16,NA,-5.65860772678282,2.31483545285233
2029-01-17 12:00:00,2029,1,17,NA,-0.17447694983917,7.25319780696148
2029-01-18 12:00:00,2029,1,18,NA,0.601170384503234,5.36366255730759
2029-01-19 12:00:00,2029,1,19,NA,-2.42968577279549,9.1411771857399
2029-01-20 12:00:00,2029,1,20,NA,-1.92103432374811,6.64807420026819
2029-01-21 12:00:00,2029,1,21,NA,-1.06836004458575,7.17707336291779
2029-01-22 12:00:00,2029,1,22,NA,-5.7169518100224,0.317763257087964
2029-01-23 12:00:00,2029,1,23,NA,-7.46518759488608,0.615887758590441
2029-01-24 12:00:00,2029,1,24,NA,-6.38118550518779,-0.519081184538383
2029-01-25 12:00:00,2029,1,25,NA,-5.23425980403986,4.8570442101549
2029-01-26 12:00:00,2029,1,26,NA,-6.86186223866719,-1.02490487416469
2029-01-27 12:00:00,2029,1,27,NA,-4.0527791138291,3.43328059745834
2029-01-28 12:00:00,2029,1,28,NA,-10.3335851718671,0.387326377389294
2029-01-29 12:00:00,2029,1,29,NA,-8.52718978279926,-3.17462976406592
2029-01-30 12:00:00,2029,1,30,NA,-5.68078486827592,4.63320382478666
2029-01-31 12:00:00,2029,1,31,NA,-2.81846942005605,1.42890554515592
2029-02-01 12:00:00,2029,2,1,NA,-4.54061603141133,3.68805713740315
2029-02-02 12:00:00,2029,2,2,NA,-4.38555692928726,6.03900705334516
2029-02-03 12:00:00,2029,2,3,NA,-4.73148564141148,9.90939614537406
2029-02-04 12:00:00,2029,2,4,NA,-6.03857507912312,11.5083265374354
2029-02-05 12:00:00,2029,2,5,NA,-4.02275799923394,10.9648918556838
2029-02-06 12:00:00,2029,2,6,NA,-1.64947230338371,11.1847986513172
2029-02-07 12:00:00,2029,2,7,NA,-2.16861532537409,11.3221978779612
2029-02-08 12:00:00,2029,2,8,NA,-3.06982350517834,3.14907787335357
2029-02-09 12:00:00,2029,2,9,NA,-4.97742443929812,2.11488150742391
2029-02-10 12:00:00,2029,2,10,NA,-4.23735040643002,5.71146602938134
2029-02-11 12:00:00,2029,2,11,NA,-3.08217436436258,7.73269131790891
2029-02-12 12:00:00,2029,2,12,NA,0.557385992364988,12.5724662682288
2029-02-13 12:00:00,2029,2,13,NA,-2.37076497315374,5.05713465152181
2029-02-14 12:00:00,2029,2,14,NA,-4.03994598511142,2.21277402996805
2029-02-15 12:00:00,2029,2,15,NA,-4.2831828860821,7.21819756262534
2029-02-16 12:00:00,2029,2,16,NA,-3.77047284305973,10.3678722523318
2029-02-17 12:00:00,2029,2,17,NA,-0.87941288942331,11.7558498955911
2029-02-18 12:00:00,2029,2,18,NA,-1.9059179830773,6.98078947153952
2029-02-19 12:00:00,2029,2,19,NA,-3.05587478433446,10.6174228541838
2029-02-20 12:00:00,2029,2,20,NA,3.71223833760036,10.3167415806633
2029-02-21 12:00:00,2029,2,21,NA,-2.59322573024054,2.63151892507417
2029-02-22 12:00:00,2029,2,22,NA,-3.47548338243754,5.90473137446775
2029-02-23 12:00:00,2029,2,23,NA,-0.135005822284897,12.5816192112595
2029-02-24 12:00:00,2029,2,24,NA,-1.90239019547171,11.8123302665301
2029-02-25 12:00:00,2029,2,25,NA,-1.79344080326374,9.58108162343935
2029-02-26 12:00:00,2029,2,26,NA,-0.674380487445283,5.36289365135959
2029-02-27 12:00:00,2029,2,27,NA,-4.03169274964967,6.28098996423103
2029-02-28 12:00:00,2029,2,28,NA,-5.56043576622285,0.201255587712508
2029-03-01 12:00:00,2029,3,1,NA,-4.74263958434526,10.6607257602396
2029-03-02 12:00:00,2029,3,2,NA,-1.3660165453329,12.3837464981619
2029-03-03 12:00:00,2029,3,3,NA,-1.50096714167147,15.4222848790349
2029-03-04 12:00:00,2029,3,4,NA,-1.90407723632258,8.19465299302147
2029-03-05 12:00:00,2029,3,5,NA,-8.25806685608162,9.79332317641927
2029-03-06 12:00:00,2029,3,6,NA,-4.31816389163556,11.5617288395354
2029-03-07 12:00:00,2029,3,7,NA,-5.77697399796798,11.9473917985342
2029-03-08 12:00:00,2029,3,8,NA,-2.92694040098803,13.0797985638114
2029-03-09 12:00:00,2029,3,9,NA,-0.590725194570898,14.3848001381473
2029-03-10 12:00:00,2029,3,10,NA,2.39608906665034,17.0287972383217
2029-03-11 12:00:00,2029,3,11,NA,1.89939571335057,13.6263571969309
2029-03-12 12:00:00,2029,3,12,NA,1.62736289580143,10.774071021758
2029-03-13 12:00:00,2029,3,13,NA,9.3545334617505,17.8951917383859
2029-03-14 12:00:00,2029,3,14,NA,0.0630471530864316,20.3153735565027
2029-03-15 12:00:00,2029,3,15,NA,2.94101113004775,17.5920364521526
2029-03-16 12:00:00,2029,3,16,NA,0.0713718050234275,14.3567903376271
2029-03-17 12:00:00,2029,3,17,NA,4.48545453284686,17.0583972960453
2029-03-18 12:00:00,2029,3,18,NA,3.5820836326091,13.4645972726165
2029-03-19 12:00:00,2029,3,19,NA,5.1841259414175,11.8846709851897
2029-03-20 12:00:00,2029,3,20,NA,3.13200867735534,14.1017791514565
2029-03-21 12:00:00,2029,3,21,NA,2.74544382611174,12.8350375339425
2029-03-22 12:00:00,2029,3,22,NA,3.88003386580705,17.2167928156141
2029-03-23 12:00:00,2029,3,23,NA,4.48813451482145,12.6478161901733
2029-03-24 12:00:00,2029,3,24,NA,5.42363138715307,15.0495578394448
2029-03-25 12:00:00,2029,3,25,NA,2.90003684496879,14.607769550592
2029-03-26 12:00:00,2029,3,26,NA,2.48190537593053,11.3235527438651
2029-03-27 12:00:00,2029,3,27,NA,1.84574411316629,13.9607600748609
2029-03-28 12:00:00,2029,3,28,NA,2.50710690773335,20.6739512924583
2029-03-29 12:00:00,2029,3,29,NA,1.80718568593326,22.0998732167841
2029-03-30 12:00:00,2029,3,30,NA,1.27427270235201,18.3664521315407
2029-03-31 12:00:00,2029,3,31,NA,4.66616244118655,22.6673457618639
2029-04-01 12:00:00,2029,4,1,NA,4.52014852179375,13.7663054044949
2029-04-02 12:00:00,2029,4,2,NA,3.84706147677281,15.8315160263623
2029-04-03 12:00:00,2029,4,3,NA,3.07303076406196,15.8334816871611
2029-04-04 12:00:00,2029,4,4,NA,2.54317437363919,16.4519325675145
2029-04-05 12:00:00,2029,4,5,NA,1.19385391491042,14.2253382889878
2029-04-06 12:00:00,2029,4,6,NA,1.34469031766588,13.3986350439081
2029-04-07 12:00:00,2029,4,7,NA,3.62152507401338,12.5036525660314
2029-04-08 12:00:00,2029,4,8,NA,3.04145393013613,16.3219846211658
2029-04-09 12:00:00,2029,4,9,NA,3.1613827379591,18.8826703345152
2029-04-10 12:00:00,2029,4,10,NA,4.79942386247269,19.6725358265546
2029-04-11 12:00:00,2029,4,11,NA,7.01365231181555,20.3802399979459
2029-04-12 12:00:00,2029,4,12,NA,7.15855245560268,22.9623412547307
2029-04-13 12:00:00,2029,4,13,NA,6.02820654153328,18.2282587425185
2029-04-14 12:00:00,2029,4,14,NA,6.7808799690581,21.5069347793083
2029-04-15 12:00:00,2029,4,15,NA,8.03865847340373,23.0381095054497
2029-04-16 12:00:00,2029,4,16,NA,10.0433130805043,23.1048025729767
2029-04-17 12:00:00,2029,4,17,NA,6.67130394343024,20.5800621373055
2029-04-18 12:00:00,2029,4,18,NA,7.06317412722247,25.4588663400421
2029-04-19 12:00:00,2029,4,19,NA,9.4600217866573,23.6708470710614
2029-04-20 12:00:00,2029,4,20,NA,4.85076725788936,21.7542780619915
2029-04-21 12:00:00,2029,4,21,NA,8.82636361108341,20.3375048626984
2029-04-22 12:00:00,2029,4,22,NA,11.4230857591655,24.2263458285673
2029-04-23 12:00:00,2029,4,23,NA,11.2339669075363,28.8365855202969
2029-04-24 12:00:00,2029,4,24,NA,13.8498787574094,21.5995347548391
2029-04-25 12:00:00,2029,4,25,NA,10.8599786081403,24.7266259963138
2029-04-26 12:00:00,2029,4,26,NA,9.6861062451431,18.4333331116752
2029-04-27 12:00:00,2029,4,27,NA,8.91776057791242,24.0638784728147
2029-04-28 12:00:00,2029,4,28,NA,8.97971268849292,24.6819888000981
2029-04-29 12:00:00,2029,4,29,NA,9.80202912234236,28.3501229515747
2029-04-30 12:00:00,2029,4,30,NA,9.80749935989716,25.4205300264195
2029-05-01 12:00:00,2029,5,1,NA,11.3652850316095,26.8567584731539
2029-05-02 12:00:00,2029,5,2,NA,10.7414097582679,29.2141087539913
2029-05-03 12:00:00,2029,5,3,NA,12.155401980015,28.892374900162
2029-05-04 12:00:00,2029,5,4,NA,12.3177718583316,26.0266604887911
2029-05-05 12:00:00,2029,5,5,NA,14.3892555166405,25.2520968633754
2029-05-06 12:00:00,2029,5,6,NA,14.3761027704335,26.125303374514
2029-05-07 12:00:00,2029,5,7,NA,13.3662479928469,25.3387251749163
2029-05-08 12:00:00,2029,5,8,NA,11.7004831842379,20.9321191621419
2029-05-09 12:00:00,2029,5,9,NA,9.0678345993313,15.9207544878885
2029-05-10 12:00:00,2029,5,10,NA,11.7999837611287,18.0058675739186
2029-05-11 12:00:00,2029,5,11,NA,11.6821832009974,14.6560584953317
2029-05-12 12:00:00,2029,5,12,NA,12.1290800117018,19.7418778419583
2029-05-13 12:00:00,2029,5,13,NA,13.3112896972664,24.830029778219
2029-05-14 12:00:00,2029,5,14,NA,14.5896430901953,26.0063808708778
2029-05-15 12:00:00,2029,5,15,NA,14.5372295189985,28.7315169516773
2029-05-16 12:00:00,2029,5,16,NA,17.1932200841907,29.068797312273
2029-05-17 12:00:00,2029,5,17,NA,18.0803326489009,26.6190796658165
2029-05-18 12:00:00,2029,5,18,NA,16.6035118998266,28.7042295727337
2029-05-19 12:00:00,2029,5,19,NA,17.9354520563781,28.5084497829787
2029-05-20 12:00:00,2029,5,20,NA,16.4256174134562,28.7507688286325
2029-05-21 12:00:00,2029,5,21,NA,18.1653417267916,31.5517278491113
2029-05-22 12:00:00,2029,5,22,NA,21.1648404517267,28.4998640448244
2029-05-23 12:00:00,2029,5,23,NA,19.206598872638,27.6362992158819
2029-05-24 12:00:00,2029,5,24,NA,20.4374518231809,25.3314323734695
2029-05-25 12:00:00,2029,5,25,NA,13.773676725153,22.6555485915814
2029-05-26 12:00:00,2029,5,26,NA,12.373294118834,27.0531914735405
2029-05-27 12:00:00,2029,5,27,NA,12.0002919812836,19.410715896098
2029-05-28 12:00:00,2029,5,28,NA,11.9413160904845,24.3756380764797
2029-05-29 12:00:00,2029,5,29,NA,6.62653071880315,22.6492460549832
2029-05-30 12:00:00,2029,5,30,NA,10.7922919399466,24.7059626266815
2029-05-31 12:00:00,2029,5,31,NA,13.2731926744211,23.0703351511875
2029-06-01 12:00:00,2029,6,1,NA,13.2663917467514,27.9344371778418
2029-06-02 12:00:00,2029,6,2,NA,11.6761142920259,26.5291178846829
2029-06-03 12:00:00,2029,6,3,NA,15.3164693133386,27.4293724288469
2029-06-04 12:00:00,2029,6,4,NA,16.7040002386737,30.8123227142125
2029-06-05 12:00:00,2029,6,5,NA,18.4546592006363,33.0464998815086
2029-06-06 12:00:00,2029,6,6,NA,20.1419117929043,33.3046476272826
2029-06-07 12:00:00,2029,6,7,NA,22.8296940967089,28.2271639902674
2029-06-08 12:00:00,2029,6,8,NA,22.2290089101237,27.0951530351889
2029-06-09 12:00:00,2029,6,9,NA,21.3602650728361,28.0941916428564
2029-06-10 12:00:00,2029,6,10,NA,20.167453237443,23.2006326501539
2029-06-11 12:00:00,2029,6,11,NA,19.1803909363535,27.1153390822955
2029-06-12 12:00:00,2029,6,12,NA,16.4396478719652,23.5983394012447
2029-06-13 12:00:00,2029,6,13,NA,18.6664710909464,27.9183078350374
2029-06-14 12:00:00,2029,6,14,NA,18.0310824060616,30.0294035679988
2029-06-15 12:00:00,2029,6,15,NA,18.0655165957453,30.7546267144409
2029-06-16 12:00:00,2029,6,16,NA,17.2227482385456,30.3267156538053
2029-06-17 12:00:00,2029,6,17,NA,19.1024544161854,33.2276970115479
2029-06-18 12:00:00,2029,6,18,NA,18.9743587509785,33.9375352753296
2029-06-19 12:00:00,2029,6,19,NA,20.2855642758447,32.7306384016774
2029-06-20 12:00:00,2029,6,20,NA,21.9848491643762,31.5270589841477
2029-06-21 12:00:00,2029,6,21,NA,24.8857171245632,27.174679143904
2029-06-22 12:00:00,2029,6,22,NA,20.9451947738892,28.6001021529534
2029-06-23 12:00:00,2029,6,23,NA,21.263723027956,31.0407918604635
2029-06-24 12:00:00,2029,6,24,NA,22.4309706204912,31.5571329263754
2029-06-25 12:00:00,2029,6,25,NA,18.8250230439088,34.6680051189531
2029-06-26 12:00:00,2029,6,26,NA,20.1047320818151,33.9683177345484
2029-06-27 12:00:00,2029,6,27,NA,22.2233042356421,34.2812407463132
2029-06-28 12:00:00,2029,6,28,NA,21.2561571210895,27.7673632175095
2029-06-29 12:00:00,2029,6,29,NA,20.0740983110009,26.000319502341
2029-06-30 12:00:00,2029,6,30,NA,19.7466084669125,27.793213390144
2029-07-01 12:00:00,2029,7,1,NA,19.3540454645001,29.2955298477935
2029-07-02 12:00:00,2029,7,2,NA,19.2328806194959,29.6876771883031
2029-07-03 12:00:00,2029,7,3,NA,16.2880997126024,24.2199427808694
2029-07-04 12:00:00,2029,7,4,NA,19.132642976081,23.0905792589969
2029-07-05 12:00:00,2029,7,5,NA,18.3916147243623,25.7550191448872
2029-07-06 12:00:00,2029,7,6,NA,21.6744281158453,30.3990349209739
2029-07-07 12:00:00,2029,7,7,NA,19.2922854792727,26.0054632630509
2029-07-08 12:00:00,2029,7,8,NA,18.2597164065322,24.9728941903103
2029-07-09 12:00:00,2029,7,9,NA,16.9286910655529,24.5829239688199
2029-07-10 12:00:00,2029,7,10,NA,16.4715581018325,24.3350274435035
2029-07-11 12:00:00,2029,7,11,NA,17.0496178303812,23.5772237471606
2029-07-12 12:00:00,2029,7,12,NA,18.3026345313534,22.823296319047
2029-07-13 12:00:00,2029,7,13,NA,20.4974360758469,28.1858235883569
2029-07-14 12:00:00,2029,7,14,NA,20.0336871086221,26.9979732291364
2029-07-15 12:00:00,2029,7,15,NA,20.4265785783906,30.0773289374385
2029-07-16 12:00:00,2029,7,16,NA,18.3904626630843,29.9220521120125
2029-07-17 12:00:00,2029,7,17,NA,21.6716643519386,31.8359670998269
2029-07-18 12:00:00,2029,7,18,NA,21.7131704562997,33.2977038980786
2029-07-19 12:00:00,2029,7,19,NA,23.142339769249,34.4253809223708
2029-07-20 12:00:00,2029,7,20,NA,24.6541824339063,35.1418061386836
2029-07-21 12:00:00,2029,7,21,NA,26.0928905386021,33.4832825299768
2029-07-22 12:00:00,2029,7,22,NA,25.7434319044174,34.1553054124881
2029-07-23 12:00:00,2029,7,23,NA,26.950126597023,32.1836872528387
2029-07-24 12:00:00,2029,7,24,NA,25.4208495396828,32.8627916479457
2029-07-25 12:00:00,2029,7,25,NA,24.5380687121203,34.0038189979977
2029-07-26 12:00:00,2029,7,26,NA,25.3553932520009,33.5871022732699
2029-07-27 12:00:00,2029,7,27,NA,26.0406135418828,28.9452181753522
2029-07-28 12:00:00,2029,7,28,NA,24.2421792758436,29.2130668180518
2029-07-29 12:00:00,2029,7,29,NA,23.6320361043741,30.6469569092635
2029-07-30 12:00:00,2029,7,30,NA,23.620137962521,32.1442926619787
2029-07-31 12:00:00,2029,7,31,NA,23.9610080664867,36.6379525222839
2029-08-01 12:00:00,2029,8,1,NA,22.146956554391,29.5888986626539
2029-08-02 12:00:00,2029,8,2,NA,23.2629996887436,32.4593926405219
2029-08-03 12:00:00,2029,8,3,NA,24.2058845100946,34.774620370144
2029-08-04 12:00:00,2029,8,4,NA,24.7882369364569,35.959648550175
2029-08-05 12:00:00,2029,8,5,NA,25.3455571999426,31.114681547429
2029-08-06 12:00:00,2029,8,6,NA,25.1788456126368,33.8163339171307
2029-08-07 12:00:00,2029,8,7,NA,24.582994489983,31.5783796331891
2029-08-08 12:00:00,2029,8,8,NA,22.0563894599402,29.7614082202193
2029-08-09 12:00:00,2029,8,9,NA,22.5064892696954,30.7809109718466
2029-08-10 12:00:00,2029,8,10,NA,22.565641933458,32.1671430106535
2029-08-11 12:00:00,2029,8,11,NA,20.6635117768198,28.8564841951293
2029-08-12 12:00:00,2029,8,12,NA,20.8024001398519,32.1695892923596
2029-08-13 12:00:00,2029,8,13,NA,22.7772992668938,34.1679749603597
2029-08-14 12:00:00,2029,8,14,NA,23.01194499912,32.4227758154998
2029-08-15 12:00:00,2029,8,15,NA,23.546094027592,33.4504384667737
2029-08-16 12:00:00,2029,8,16,NA,23.5910111008096,32.68527013265
2029-08-17 12:00:00,2029,8,17,NA,23.6221166929104,29.6575123531989
2029-08-18 12:00:00,2029,8,18,NA,24.5978999861016,33.6701335124323
2029-08-19 12:00:00,2029,8,19,NA,22.546883020379,32.1730392555329
2029-08-20 12:00:00,2029,8,20,NA,22.2824146366107,33.6496037891184
2029-08-21 12:00:00,2029,8,21,NA,24.3129924854412,32.8818455667097
2029-08-22 12:00:00,2029,8,22,NA,24.284581052149,32.9216863947075
2029-08-23 12:00:00,2029,8,23,NA,24.3584955805337,34.2392501055229
2029-08-24 12:00:00,2029,8,24,NA,27.1820909943496,33.9117310800393
2029-08-25 12:00:00,2029,8,25,NA,25.3332129416524,33.0382317019315
2029-08-26 12:00:00,2029,8,26,NA,28.0862125287845,33.1551978739247
2029-08-27 12:00:00,2029,8,27,NA,26.6232048841186,34.6305185808799
2029-08-28 12:00:00,2029,8,28,NA,26.6951610886462,35.3383903642905
2029-08-29 12:00:00,2029,8,29,NA,23.718132957359,26.6062748968226
2029-08-30 12:00:00,2029,8,30,NA,21.0607732473976,28.9754259973454
2029-08-31 12:00:00,2029,8,31,NA,20.8952895706723,31.0472949996678
2029-09-01 12:00:00,2029,9,1,NA,21.3498525410436,30.740467292381
2029-09-02 12:00:00,2029,9,2,NA,23.20819827198,31.4020942474481
2029-09-03 12:00:00,2029,9,3,NA,23.6741340322485,33.617384577433
2029-09-04 12:00:00,2029,9,4,NA,25.0642726324498,33.296598583253
2029-09-05 12:00:00,2029,9,5,NA,22.0686861437419,32.6337412142402
2029-09-06 12:00:00,2029,9,6,NA,18.5552030058218,29.9195806500573
2029-09-07 12:00:00,2029,9,7,NA,23.6359172529449,33.0469697516676
2029-09-08 12:00:00,2029,9,8,NA,21.765637298929,32.7942182119749
2029-09-09 12:00:00,2029,9,9,NA,20.432217957103,26.3103066729765
2029-09-10 12:00:00,2029,9,10,NA,19.6667122825062,31.6852929757532
2029-09-11 12:00:00,2029,9,11,NA,19.2775405274015,26.4826079502976
2029-09-12 12:00:00,2029,9,12,NA,19.7355166300757,27.7981603629403
2029-09-13 12:00:00,2029,9,13,NA,19.8590918712688,29.4453903807178
2029-09-14 12:00:00,2029,9,14,NA,18.5373919811015,29.4773939386387
2029-09-15 12:00:00,2029,9,15,NA,23.1444862064799,31.2071299393444
2029-09-16 12:00:00,2029,9,16,NA,20.0678572023713,27.1726900590325
2029-09-17 12:00:00,2029,9,17,NA,16.8493246833821,27.3926165992521
2029-09-18 12:00:00,2029,9,18,NA,17.5274494683835,28.5587198297995
2029-09-19 12:00:00,2029,9,19,NA,18.5357852712173,26.6907235341555
2029-09-20 12:00:00,2029,9,20,NA,20.8307161424703,31.4081917193075
2029-09-21 12:00:00,2029,9,21,NA,22.8258628497102,30.5742013502251
2029-09-22 12:00:00,2029,9,22,NA,21.9666758620116,31.3220026743475
2029-09-23 12:00:00,2029,9,23,NA,20.5200355130908,26.272527103374
2029-09-24 12:00:00,2029,9,24,NA,17.4380226955078,20.8020814223948
2029-09-25 12:00:00,2029,9,25,NA,14.3701529827275,23.8840707968618
2029-09-26 12:00:00,2029,9,26,NA,15.90868714474,27.3442469701717
2029-09-27 12:00:00,2029,9,27,NA,20.6951915597272,31.256459549531
2029-09-28 12:00:00,2029,9,28,NA,19.7083691363218,28.7190981734145
2029-09-29 12:00:00,2029,9,29,NA,18.1749458239276,27.4663381442558
2029-09-30 12:00:00,2029,9,30,NA,14.1681218760018,26.1765343216882
2029-10-01 12:00:00,2029,10,1,NA,13.2814517697816,25.7324293716075
2029-10-02 12:00:00,2029,10,2,NA,14.6959118568103,25.235454419076
2029-10-03 12:00:00,2029,10,3,NA,15.1667684316206,26.5480870825771
2029-10-04 12:00:00,2029,10,4,NA,14.5643951655581,27.6906846541247
2029-10-05 12:00:00,2029,10,5,NA,14.9480654725372,26.8126628117565
2029-10-06 12:00:00,2029,10,6,NA,13.5371059651649,24.1629363628816
2029-10-07 12:00:00,2029,10,7,NA,13.7638885518676,23.6145164308663
2029-10-08 12:00:00,2029,10,8,NA,12.8846230438353,25.7632365759194
2029-10-09 12:00:00,2029,10,9,NA,13.3649714663053,27.3839687567373
2029-10-10 12:00:00,2029,10,10,NA,11.5529352618378,24.005712525598
2029-10-11 12:00:00,2029,10,11,NA,8.31864623816254,14.6673572165586
2029-10-12 12:00:00,2029,10,12,NA,5.66514559994685,16.7348389337509
2029-10-13 12:00:00,2029,10,13,NA,8.19193696866728,24.0326820589116
2029-10-14 12:00:00,2029,10,14,NA,7.53682377291573,20.154292159658
2029-10-15 12:00:00,2029,10,15,NA,10.9343126777862,27.5272003787332
2029-10-16 12:00:00,2029,10,16,NA,10.2548913428055,25.9471878925918
2029-10-17 12:00:00,2029,10,17,NA,13.0560321203047,24.8769136475756
2029-10-18 12:00:00,2029,10,18,NA,9.95423691864048,17.2581037254822
2029-10-19 12:00:00,2029,10,19,NA,10.4500052562381,21.3229075232314
2029-10-20 12:00:00,2029,10,20,NA,11.3135923338517,20.4066541233636
2029-10-21 12:00:00,2029,10,21,NA,12.428409933632,18.1679220537134
2029-10-22 12:00:00,2029,10,22,NA,11.0926288340344,20.637288395917
2029-10-23 12:00:00,2029,10,23,NA,9.13076816851717,18.2076379126127
2029-10-24 12:00:00,2029,10,24,NA,9.84844573699018,23.2154753208404
2029-10-25 12:00:00,2029,10,25,NA,10.0985799400816,21.2912605313045
2029-10-26 12:00:00,2029,10,26,NA,9.27253197336992,22.1337454829771
2029-10-27 12:00:00,2029,10,27,NA,9.30354582923104,21.7205591721437
2029-10-28 12:00:00,2029,10,28,NA,8.39888566665686,20.2235356642261
2029-10-29 12:00:00,2029,10,29,NA,8.17704262768728,21.8641866985342
2029-10-30 12:00:00,2029,10,30,NA,6.11556734239531,17.4123266025084
2029-10-31 12:00:00,2029,10,31,NA,7.04210274143688,12.4214190492198
2029-11-01 12:00:00,2029,11,1,NA,5.85396365770665,14.4537371730169
2029-11-02 12:00:00,2029,11,2,NA,3.44594693318957,16.200627628999
2029-11-03 12:00:00,2029,11,3,NA,10.981928766107,22.389436080957
2029-11-04 12:00:00,2029,11,4,NA,10.4109805988343,23.8685097629012
2029-11-05 12:00:00,2029,11,5,NA,9.98025225250302,21.3631640607714
2029-11-06 12:00:00,2029,11,6,NA,6.85142618992298,16.1597696835343
2029-11-07 12:00:00,2029,11,7,NA,3.9850716405986,13.7657392853134
2029-11-08 12:00:00,2029,11,8,NA,4.87279760672463,16.3951997685011
2029-11-09 12:00:00,2029,11,9,NA,6.27050176180125,13.9263700531376
2029-11-10 12:00:00,2029,11,10,NA,6.18800392462259,14.281605675027
2029-11-11 12:00:00,2029,11,11,NA,9.06420695685063,17.2854041400415
2029-11-12 12:00:00,2029,11,12,NA,7.55751278714701,17.270048105416
2029-11-13 12:00:00,2029,11,13,NA,6.08482927329082,15.114549698963
2029-11-14 12:00:00,2029,11,14,NA,6.32522251057023,19.524668210235
2029-11-15 12:00:00,2029,11,15,NA,3.97835574413476,12.0427164348976
2029-11-16 12:00:00,2029,11,16,NA,1.39411534377117,10.2029376546816
2029-11-17 12:00:00,2029,11,17,NA,1.7830523274348,17.1565333662781
2029-11-18 12:00:00,2029,11,18,NA,3.1738733025762,16.9830498997953
2029-11-19 12:00:00,2029,11,19,NA,4.3763242411062,18.2171867327102
2029-11-20 12:00:00,2029,11,20,NA,1.41665452520637,17.4548302388542
2029-11-21 12:00:00,2029,11,21,NA,3.9067074338819,15.0153550324377
2029-11-22 12:00:00,2029,11,22,NA,3.90711561454301,18.5842740899878
2029-11-23 12:00:00,2029,11,23,NA,4.83407440835034,20.4161033061606
2029-11-24 12:00:00,2029,11,24,NA,7.99468904858862,25.1904460621939
2029-11-25 12:00:00,2029,11,25,NA,9.27755886850902,25.4905197605039
2029-11-26 12:00:00,2029,11,26,NA,10.343739885795,19.9676316787564
2029-11-27 12:00:00,2029,11,27,NA,7.13225672795079,16.957080477029
2029-11-28 12:00:00,2029,11,28,NA,7.35753196483299,19.9074347824848
2029-11-29 12:00:00,2029,11,29,NA,8.37703933715456,18.2018630862328
2029-11-30 12:00:00,2029,11,30,NA,9.08942813387421,17.1878566850047
2029-12-01 12:00:00,2029,12,1,NA,7.0403781281458,16.3695810825454
2029-12-02 12:00:00,2029,12,2,NA,7.03280012507382,14.8449501248962
2029-12-03 12:00:00,2029,12,3,NA,5.14570881217989,15.6767578118103
2029-12-04 12:00:00,2029,12,4,NA,5.82425483535497,14.6902554328785
2029-12-05 12:00:00,2029,12,5,NA,4.16662044468093,12.9864711496593
2029-12-06 12:00:00,2029,12,6,NA,-2.10195193165565,9.85837496201687
2029-12-07 12:00:00,2029,12,7,NA,0.659375244479071,15.8185412491083
2029-12-08 12:00:00,2029,12,8,NA,5.01068253594509,13.8228201139638
2029-12-09 12:00:00,2029,12,9,NA,2.17264004599942,17.7512774081233
2029-12-10 12:00:00,2029,12,10,NA,1.72593178767678,14.0114553787628
2029-12-11 12:00:00,2029,12,11,NA,4.43549728676044,14.57955683742
2029-12-12 12:00:00,2029,12,12,NA,0.630109942374891,6.41245226870164
2029-12-13 12:00:00,2029,12,13,NA,-3.38835803739835,2.45341200320222
2029-12-14 12:00:00,2029,12,14,NA,-2.83088862469104,3.33535528450539
2029-12-15 12:00:00,2029,12,15,NA,0.0939521591101982,6.17811337202606
2029-12-16 12:00:00,2029,12,16,NA,-2.04757636819241,5.07883643507412
2029-12-17 12:00:00,2029,12,17,NA,-4.44853588761051,0.377834378688339
2029-12-18 12:00:00,2029,12,18,NA,-3.49672458026129,5.68364710709785
2029-12-19 12:00:00,2029,12,19,NA,-3.19347220481263,6.30352984073896
2029-12-20 12:00:00,2029,12,20,NA,-0.326231448670297,6.48648108139881
2029-12-21 12:00:00,2029,12,21,NA,-3.80485294852748,8.32447126129665
2029-12-22 12:00:00,2029,12,22,NA,-2.84726168776936,6.88436918874566
2029-12-23 12:00:00,2029,12,23,NA,-3.30845091061639,6.41506264635846
2029-12-24 12:00:00,2029,12,24,NA,-0.874374787136206,9.45710908932131
2029-12-25 12:00:00,2029,12,25,NA,0.295846466398166,12.7473976415281
2029-12-26 12:00:00,2029,12,26,NA,4.87811921474943,12.0920675272612
2029-12-27 12:00:00,2029,12,27,NA,1.77644269755705,9.58041116169033
2029-12-28 12:00:00,2029,12,28,NA,-1.27361172664839,11.9721236369226
2029-12-29 12:00:00,2029,12,29,NA,-4.37863114838329,9.41923823358018
2029-12-30 12:00:00,2029,12,30,NA,-4.49290112638711,4.63535083297316
2029-12-31 12:00:00,2029,12,31,NA,-4.2490446849037,10.6200120414555
2030-01-01 12:00:00,2030,1,1,NA,0.11508017589313,11.9643181965102
2030-01-02 12:00:00,2030,1,2,NA,-0.0811025444769431,11.0317166010549
2030-01-03 12:00:00,2030,1,3,NA,1.08817066974219,13.0881079341706
2030-01-04 12:00:00,2030,1,4,NA,-1.49978827155841,7.74937035275655
2030-01-05 12:00:00,2030,1,5,NA,-2.19740410046779,7.07680849185131
2030-01-06 12:00:00,2030,1,6,NA,-8.4024184846319,2.81526299878525
2030-01-07 12:00:00,2030,1,7,NA,-3.03613488170795,3.74017209834041
2030-01-08 12:00:00,2030,1,8,NA,-6.74269813670001,-1.44326756427079
2030-01-09 12:00:00,2030,1,9,NA,-9.00975804879809,3.3269620768689
2030-01-10 12:00:00,2030,1,10,NA,-6.00012712985384,3.39842640193453
2030-01-11 12:00:00,2030,1,11,NA,-0.815848627564375,8.1262509586173
2030-01-12 12:00:00,2030,1,12,NA,0.196660218450569,4.56509966662664
2030-01-13 12:00:00,2030,1,13,NA,-0.649464824041981,5.47122235532525
2030-01-14 12:00:00,2030,1,14,NA,-2.05564596746053,3.96671059412262
2030-01-15 12:00:00,2030,1,15,NA,-1.34028712646081,7.07489761214753
2030-01-16 12:00:00,2030,1,16,NA,-1.63366591896745,7.98737125598153
2030-01-17 12:00:00,2030,1,17,NA,-4.80116373948318,4.27806229069751
2030-01-18 12:00:00,2030,1,18,NA,-3.8495806929682,9.36144619838021
2030-01-19 12:00:00,2030,1,19,NA,-2.63393071046016,3.67251060332516
2030-01-20 12:00:00,2030,1,20,NA,-2.18495582700901,5.84167791646248
2030-01-21 12:00:00,2030,1,21,NA,-4.68368677407318,2.77067056014945
2030-01-22 12:00:00,2030,1,22,NA,-6.6985152358225,-0.539442054157277
2030-01-23 12:00:00,2030,1,23,NA,-6.58695299842777,0.735847761810126
2030-01-24 12:00:00,2030,1,24,NA,-5.92386839394982,6.51184109118296
2030-01-25 12:00:00,2030,1,25,NA,-3.18728334385686,4.4843555321938
2030-01-26 12:00:00,2030,1,26,NA,-5.83852629145099,5.47732770755986
2030-01-27 12:00:00,2030,1,27,NA,-2.77117993338848,4.59136458743369
2030-01-28 12:00:00,2030,1,28,NA,-2.92069529032111,2.63239302243752
2030-01-29 12:00:00,2030,1,29,NA,-2.55759792183884,2.21453059848575
2030-01-30 12:00:00,2030,1,30,NA,2.39692864066246,5.04612374937506
2030-01-31 12:00:00,2030,1,31,NA,3.34539909703961,10.4356025841745
2030-02-01 12:00:00,2030,2,1,NA,-0.931400185629182,7.20336145819363
2030-02-02 12:00:00,2030,2,2,NA,-4.74803867601261,1.08557344850079
2030-02-03 12:00:00,2030,2,3,NA,-3.02116439565724,10.2380759242033
2030-02-04 12:00:00,2030,2,4,NA,-2.02146054623056,10.8661548177565
2030-02-05 12:00:00,2030,2,5,NA,-5.89673205484071,8.35210566609902
2030-02-06 12:00:00,2030,2,6,NA,-2.16847197780243,6.957925077999
2030-02-07 12:00:00,2030,2,7,NA,-2.89991992556904,5.46315207332883
2030-02-08 12:00:00,2030,2,8,NA,-6.41791239340701,1.03377784525805
2030-02-09 12:00:00,2030,2,9,NA,-4.5348357617337,3.80963558094267
2030-02-10 12:00:00,2030,2,10,NA,-6.71144236718794,7.51538035468488
2030-02-11 12:00:00,2030,2,11,NA,-4.52356963847558,5.9562395196099
2030-02-12 12:00:00,2030,2,12,NA,-1.92195754036139,9.52606532177153
2030-02-13 12:00:00,2030,2,13,NA,1.07415177767897,12.9847928785172
2030-02-14 12:00:00,2030,2,14,NA,2.02211923306122,17.4984785965519
2030-02-15 12:00:00,2030,2,15,NA,-2.28087341960781,4.32191786835499
2030-02-16 12:00:00,2030,2,16,NA,-5.33870813150871,-1.37853862250247
2030-02-17 12:00:00,2030,2,17,NA,-7.40928180860984,3.34366408065982
2030-02-18 12:00:00,2030,2,18,NA,-8.43325994011252,1.44947294626266
2030-02-19 12:00:00,2030,2,19,NA,-13.4371775155612,-1.92021449829794
2030-02-20 12:00:00,2030,2,20,NA,-8.33660759005901,7.30676755032708
2030-02-21 12:00:00,2030,2,21,NA,-4.9004367006809,11.7724483459487
2030-02-22 12:00:00,2030,2,22,NA,-1.44379843444712,8.50396031838768
2030-02-23 12:00:00,2030,2,23,NA,-1.12158826334038,9.24606292877432
2030-02-24 12:00:00,2030,2,24,NA,2.93672518421469,13.3259107010156
2030-02-25 12:00:00,2030,2,25,NA,-0.614166843465065,11.0159429666664
2030-02-26 12:00:00,2030,2,26,NA,-0.546076290309462,8.24079139528193
2030-02-27 12:00:00,2030,2,27,NA,-0.288677766253828,6.60335329685273
2030-02-28 12:00:00,2030,2,28,NA,-0.0300577541327534,7.28450068458721
2030-03-01 12:00:00,2030,3,1,NA,0.34592119020262,11.8473016389101
2030-03-02 12:00:00,2030,3,2,NA,-1.58543155319307,9.01408369764425
2030-03-03 12:00:00,2030,3,3,NA,0.837681164738939,5.85762962581592
2030-03-04 12:00:00,2030,3,4,NA,0.520752933916421,4.79738377546012
2030-03-05 12:00:00,2030,3,5,NA,-0.112792163424194,8.99919509029025
2030-03-06 12:00:00,2030,3,6,NA,-1.00253191771302,14.8429029660501
2030-03-07 12:00:00,2030,3,7,NA,-3.56841668419109,9.22446933524459
2030-03-08 12:00:00,2030,3,8,NA,-4.15078129225676,13.2595932117691
2030-03-09 12:00:00,2030,3,9,NA,-2.51478499558333,15.7903272890352
2030-03-10 12:00:00,2030,3,10,NA,-0.59175922475705,16.4853025527867
2030-03-11 12:00:00,2030,3,11,NA,-0.685078524060536,8.66745859184572
2030-03-12 12:00:00,2030,3,12,NA,-4.73165935883007,2.30503723842944
2030-03-13 12:00:00,2030,3,13,NA,-0.950197576002807,6.47149451058434
2030-03-14 12:00:00,2030,3,14,NA,-1.36184649301853,11.9138336672481
2030-03-15 12:00:00,2030,3,15,NA,0.0725004552382451,16.7924795526325
2030-03-16 12:00:00,2030,3,16,NA,-0.316409724895006,15.5835883229567
2030-03-17 12:00:00,2030,3,17,NA,0.0364644091268724,11.1127013293011
2030-03-18 12:00:00,2030,3,18,NA,0.647093499122308,14.7013954273403
2030-03-19 12:00:00,2030,3,19,NA,1.67951790246313,15.9299814352079
2030-03-20 12:00:00,2030,3,20,NA,6.26610754001612,22.6359371185154
2030-03-21 12:00:00,2030,3,21,NA,10.0248035171453,21.4624211772905
2030-03-22 12:00:00,2030,3,22,NA,7.91232790812886,21.3085837872625
2030-03-23 12:00:00,2030,3,23,NA,8.41960857169743,18.768982670695
2030-03-24 12:00:00,2030,3,24,NA,3.22264306328305,9.92765810042028
2030-03-25 12:00:00,2030,3,25,NA,-1.10783761529366,10.0222234599606
2030-03-26 12:00:00,2030,3,26,NA,-1.08281651064375,9.27757008530347
2030-03-27 12:00:00,2030,3,27,NA,1.72263672059511,16.309396904225
2030-03-28 12:00:00,2030,3,28,NA,4.1784629410021,15.4733606684541
2030-03-29 12:00:00,2030,3,29,NA,4.48848507813762,20.3884831259893
2030-03-30 12:00:00,2030,3,30,NA,3.40536528887965,17.0952490631584
2030-03-31 12:00:00,2030,3,31,NA,7.10168917984218,16.4542262957484
2030-04-01 12:00:00,2030,4,1,NA,6.63551428312062,18.0324376023272
2030-04-02 12:00:00,2030,4,2,NA,5.42690024938697,9.18356032840745
2030-04-03 12:00:00,2030,4,3,NA,4.52878812083391,15.386114843647
2030-04-04 12:00:00,2030,4,4,NA,5.83762438809918,12.7984231121491
2030-04-05 12:00:00,2030,4,5,NA,3.48330996606315,16.286570035465
2030-04-06 12:00:00,2030,4,6,NA,3.76715787509805,19.4179519806919
2030-04-07 12:00:00,2030,4,7,NA,5.04211058987663,19.162646855803
2030-04-08 12:00:00,2030,4,8,NA,5.91785975323926,21.6992693536788
2030-04-09 12:00:00,2030,4,9,NA,10.2399613051653,25.9488081989486
2030-04-10 12:00:00,2030,4,10,NA,12.8648599313182,23.0656848322857
2030-04-11 12:00:00,2030,4,11,NA,11.1304230247103,23.7581323033082
2030-04-12 12:00:00,2030,4,12,NA,10.2949355663696,27.1784625924506
2030-04-13 12:00:00,2030,4,13,NA,11.7005240790893,23.5369682913595
2030-04-14 12:00:00,2030,4,14,NA,11.3835662910633,19.3266929839729
2030-04-15 12:00:00,2030,4,15,NA,10.6175224424815,15.5424031801573
2030-04-16 12:00:00,2030,4,16,NA,10.2787787520984,23.1085723004238
2030-04-17 12:00:00,2030,4,17,NA,10.8309120756694,16.7601430137441
2030-04-18 12:00:00,2030,4,18,NA,10.4421060235689,25.1772396669791
2030-04-19 12:00:00,2030,4,19,NA,7.7176100410783,20.959309973663
2030-04-20 12:00:00,2030,4,20,NA,7.24470257078325,18.6724279733124
2030-04-21 12:00:00,2030,4,21,NA,7.14626659220218,23.0075909217673
2030-04-22 12:00:00,2030,4,22,NA,11.2660367973318,25.7954521495588
2030-04-23 12:00:00,2030,4,23,NA,11.453783628956,23.3722125079532
2030-04-24 12:00:00,2030,4,24,NA,9.70532911023781,25.9851304406466
2030-04-25 12:00:00,2030,4,25,NA,11.4238046533199,27.4743307448019
2030-04-26 12:00:00,2030,4,26,NA,13.8080582841958,20.380126517979
2030-04-27 12:00:00,2030,4,27,NA,10.8807141287176,23.9712254993538
2030-04-28 12:00:00,2030,4,28,NA,10.0384574284723,18.6452846720768
2030-04-29 12:00:00,2030,4,29,NA,8.85155168263432,20.7040548119925
2030-04-30 12:00:00,2030,4,30,NA,7.61783811920437,23.0663306014797
2030-05-01 12:00:00,2030,5,1,NA,8.01490331115832,23.9582510541001
2030-05-02 12:00:00,2030,5,2,NA,9.93282593295249,28.4201975995321
2030-05-03 12:00:00,2030,5,3,NA,11.3128545050999,27.968280736451
2030-05-04 12:00:00,2030,5,4,NA,12.0159481730117,28.1194120512775
2030-05-05 12:00:00,2030,5,5,NA,14.1909009749607,26.0664782030429
2030-05-06 12:00:00,2030,5,6,NA,9.60464351063347,27.2866409226591
2030-05-07 12:00:00,2030,5,7,NA,11.6833483694009,27.3581177154391
2030-05-08 12:00:00,2030,5,8,NA,10.897011100971,22.7725883290532
2030-05-09 12:00:00,2030,5,9,NA,9.98746805679713,19.6517420694774
2030-05-10 12:00:00,2030,5,10,NA,8.65070177813651,23.0877082489352
2030-05-11 12:00:00,2030,5,11,NA,11.7377136877896,23.4824325619879
2030-05-12 12:00:00,2030,5,12,NA,7.9083727611307,24.0543138541073
2030-05-13 12:00:00,2030,5,13,NA,11.1304606254558,26.8259085409516
2030-05-14 12:00:00,2030,5,14,NA,11.4982453957171,26.5216921511807
2030-05-15 12:00:00,2030,5,15,NA,13.1490944763382,29.661165370927
2030-05-16 12:00:00,2030,5,16,NA,13.353119151536,28.2131668339398
2030-05-17 12:00:00,2030,5,17,NA,13.3293801591617,24.2899604367248
2030-05-18 12:00:00,2030,5,18,NA,15.5146406995812,22.9779563491145
2030-05-19 12:00:00,2030,5,19,NA,14.7879901117242,27.4412402866374
2030-05-20 12:00:00,2030,5,20,NA,16.5301692797377,32.3624840654475
2030-05-21 12:00:00,2030,5,21,NA,16.0504569155948,31.4383118886635
2030-05-22 12:00:00,2030,5,22,NA,17.8071420434039,23.6757833827528
2030-05-23 12:00:00,2030,5,23,NA,17.749874014526,21.5592016164816
2030-05-24 12:00:00,2030,5,24,NA,15.1649046971674,20.9228392742109
2030-05-25 12:00:00,2030,5,25,NA,13.1950862247928,26.5814723471124
2030-05-26 12:00:00,2030,5,26,NA,15.5954824053657,26.7230819379589
2030-05-27 12:00:00,2030,5,27,NA,16.6936830894476,28.1982156224905
2030-05-28 12:00:00,2030,5,28,NA,16.0119352810844,31.035382036548
2030-05-29 12:00:00,2030,5,29,NA,15.3670775541176,32.1203241772702
2030-05-30 12:00:00,2030,5,30,NA,17.3432674969394,35.1986553013934
2030-05-31 12:00:00,2030,5,31,NA,20.4671659285054,33.937219285684
2030-06-01 12:00:00,2030,6,1,NA,17.931850469523,33.8383633557615
2030-06-02 12:00:00,2030,6,2,NA,20.121784120567,32.5561061065623
2030-06-03 12:00:00,2030,6,3,NA,21.8340584652744,28.8839983229127
2030-06-04 12:00:00,2030,6,4,NA,21.0184212625918,29.8950365316091
2030-06-05 12:00:00,2030,6,5,NA,22.4461494209207,30.9011171358879
2030-06-06 12:00:00,2030,6,6,NA,21.3336474395105,30.3365155939405
2030-06-07 12:00:00,2030,6,7,NA,23.6960081870342,29.1342545762411
2030-06-08 12:00:00,2030,6,8,NA,19.3652382441234,24.3465980230092
2030-06-09 12:00:00,2030,6,9,NA,17.7134136093945,28.7527116940858
2030-06-10 12:00:00,2030,6,10,NA,19.5193227488503,29.6685257606367
2030-06-11 12:00:00,2030,6,11,NA,22.9040022771846,28.6560208790236
2030-06-12 12:00:00,2030,6,12,NA,21.8930328788081,32.6393045888073
2030-06-13 12:00:00,2030,6,13,NA,21.9313713083454,31.2166373057457
2030-06-14 12:00:00,2030,6,14,NA,24.4566393312214,29.4662590983565
2030-06-15 12:00:00,2030,6,15,NA,21.8995172952444,26.9444960207053
2030-06-16 12:00:00,2030,6,16,NA,21.2020689212676,28.0923262174665
2030-06-17 12:00:00,2030,6,17,NA,20.2910147746793,30.4007902806564
2030-06-18 12:00:00,2030,6,18,NA,21.1399060169994,29.3579809990096
2030-06-19 12:00:00,2030,6,19,NA,18.8748918518555,30.5979932024821
2030-06-20 12:00:00,2030,6,20,NA,19.015373029461,30.1394793915032
2030-06-21 12:00:00,2030,6,21,NA,16.9452986296315,30.0009320098133
2030-06-22 12:00:00,2030,6,22,NA,17.9940460647751,29.1670221335342
2030-06-23 12:00:00,2030,6,23,NA,18.4502688882805,33.1929292577694
2030-06-24 12:00:00,2030,6,24,NA,18.6331806091138,24.6710849958239
2030-06-25 12:00:00,2030,6,25,NA,18.8831692786058,28.5353634792469
2030-06-26 12:00:00,2030,6,26,NA,21.1235470498638,35.2839249398916
2030-06-27 12:00:00,2030,6,27,NA,22.1427642393678,35.4243890332246
2030-06-28 12:00:00,2030,6,28,NA,23.428702227764,34.922526185511
2030-06-29 12:00:00,2030,6,29,NA,20.9882332317675,36.8280683783517
2030-06-30 12:00:00,2030,6,30,NA,21.8974150019952,33.0206223132221
2030-07-01 12:00:00,2030,7,1,NA,22.9250315595994,30.0005290263047
2030-07-02 12:00:00,2030,7,2,NA,21.9232043909034,31.8523173674455
2030-07-03 12:00:00,2030,7,3,NA,22.8307555958348,28.7443227149816
2030-07-04 12:00:00,2030,7,4,NA,21.7421875857871,30.3271678771358
2030-07-05 12:00:00,2030,7,5,NA,24.9002799695396,32.5451827965958
2030-07-06 12:00:00,2030,7,6,NA,24.5412368716376,32.3997445212656
2030-07-07 12:00:00,2030,7,7,NA,26.3019958822023,30.233248534715
2030-07-08 12:00:00,2030,7,8,NA,21.2628995653144,29.0503234221881
2030-07-09 12:00:00,2030,7,9,NA,18.6359898383414,24.0081476518836
2030-07-10 12:00:00,2030,7,10,NA,21.2914855285519,28.3794518684661
2030-07-11 12:00:00,2030,7,11,NA,22.8522755072525,30.6318157293421
2030-07-12 12:00:00,2030,7,12,NA,23.2587664638531,28.4622886383365
2030-07-13 12:00:00,2030,7,13,NA,23.0394811367974,27.9594000115174
2030-07-14 12:00:00,2030,7,14,NA,23.4151793330014,32.0001596243501
2030-07-15 12:00:00,2030,7,15,NA,23.7079130122557,33.1546409575983
2030-07-16 12:00:00,2030,7,16,NA,25.4972270988113,34.8881586180744
2030-07-17 12:00:00,2030,7,17,NA,26.1521801921012,33.956716664236
2030-07-18 12:00:00,2030,7,18,NA,23.9158510037506,31.6420123472149
2030-07-19 12:00:00,2030,7,19,NA,23.549827330564,32.6568176322051
2030-07-20 12:00:00,2030,7,20,NA,23.9783914202992,32.897459173772
2030-07-21 12:00:00,2030,7,21,NA,23.3654075496475,31.5923632305537
2030-07-22 12:00:00,2030,7,22,NA,25.6269386200179,32.5776785309325
2030-07-23 12:00:00,2030,7,23,NA,24.4289196272493,27.7766237889881
2030-07-24 12:00:00,2030,7,24,NA,23.8802650285959,27.8752357962224
2030-07-25 12:00:00,2030,7,25,NA,22.1949208418218,28.6999117974378
2030-07-26 12:00:00,2030,7,26,NA,20.4701968908254,26.4171035977841
2030-07-27 12:00:00,2030,7,27,NA,23.0846180279219,27.6746388917026
2030-07-28 12:00:00,2030,7,28,NA,23.219913922962,27.838901768457
2030-07-29 12:00:00,2030,7,29,NA,24.8878089233984,31.3796211227284
2030-07-30 12:00:00,2030,7,30,NA,24.6135565942475,31.9732818198382
2030-07-31 12:00:00,2030,7,31,NA,24.3527056311608,30.5177602514324
2030-08-01 12:00:00,2030,8,1,NA,25.5862900867847,34.8413200519698
2030-08-02 12:00:00,2030,8,2,NA,25.8645231495842,36.4406054889105
2030-08-03 12:00:00,2030,8,3,NA,26.5919654462997,37.2894668121007
2030-08-04 12:00:00,2030,8,4,NA,25.9001466529488,33.5917951305653
2030-08-05 12:00:00,2030,8,5,NA,25.3376054264155,35.5542938080297
2030-08-06 12:00:00,2030,8,6,NA,25.2874579793551,34.4643715670488
2030-08-07 12:00:00,2030,8,7,NA,24.130305226056,33.0107526634101
2030-08-08 12:00:00,2030,8,8,NA,25.2452348114439,29.6841263563209
2030-08-09 12:00:00,2030,8,9,NA,25.6819583501387,32.4015275326905
2030-08-10 12:00:00,2030,8,10,NA,24.6665030444188,33.3050442575604
2030-08-11 12:00:00,2030,8,11,NA,25.3261178311901,29.0665833169805
2030-08-12 12:00:00,2030,8,12,NA,24.8955176554603,30.6559341814375
2030-08-13 12:00:00,2030,8,13,NA,25.0351458881198,35.5227103429752
2030-08-14 12:00:00,2030,8,14,NA,24.4610044096737,35.0664788161816
2030-08-15 12:00:00,2030,8,15,NA,25.282200848313,33.9303457297769
2030-08-16 12:00:00,2030,8,16,NA,26.0623597627928,36.3905044024286
2030-08-17 12:00:00,2030,8,17,NA,27.0560408830393,36.2190529824621
2030-08-18 12:00:00,2030,8,18,NA,28.3829543673355,33.9519780821295
2030-08-19 12:00:00,2030,8,19,NA,27.6423378254629,33.031825147764
2030-08-20 12:00:00,2030,8,20,NA,25.357509860405,34.7481246117424
2030-08-21 12:00:00,2030,8,21,NA,24.3858663865415,34.2896549983666
2030-08-22 12:00:00,2030,8,22,NA,25.4259775945328,32.8413870128854
2030-08-23 12:00:00,2030,8,23,NA,26.337381651898,33.0692440531893
2030-08-24 12:00:00,2030,8,24,NA,26.5772506517313,30.7917543491457
2030-08-25 12:00:00,2030,8,25,NA,25.8156791779276,29.4001601128588
2030-08-26 12:00:00,2030,8,26,NA,23.4726800419188,32.4416377612216
2030-08-27 12:00:00,2030,8,27,NA,23.8946991659507,32.4590807875355
2030-08-28 12:00:00,2030,8,28,NA,19.1348080895582,30.2670695622758
2030-08-29 12:00:00,2030,8,29,NA,20.8876710270354,33.3653412060594
2030-08-30 12:00:00,2030,8,30,NA,22.3671034612848,32.9623810324971
2030-08-31 12:00:00,2030,8,31,NA,24.5710584978962,33.0513655203266
2030-09-01 12:00:00,2030,9,1,NA,28.0820195293989,30.2196685622147
2030-09-02 12:00:00,2030,9,2,NA,24.0411053969031,31.8350286053018
2030-09-03 12:00:00,2030,9,3,NA,20.2240366074936,26.3713086482644
2030-09-04 12:00:00,2030,9,4,NA,20.7430952398669,23.8945951453359
2030-09-05 12:00:00,2030,9,5,NA,19.9269055531955,29.220036946348
2030-09-06 12:00:00,2030,9,6,NA,19.2814230100959,29.2064783161069
2030-09-07 12:00:00,2030,9,7,NA,19.6577566951752,30.0670111751455
2030-09-08 12:00:00,2030,9,8,NA,21.9432398992757,31.3484917503622
2030-09-09 12:00:00,2030,9,9,NA,19.329383118295,28.8142568386338
2030-09-10 12:00:00,2030,9,10,NA,20.4420778399166,30.0245188828002
2030-09-11 12:00:00,2030,9,11,NA,19.119879993941,27.9947249747198
2030-09-12 12:00:00,2030,9,12,NA,19.806656896259,28.4315120125059
2030-09-13 12:00:00,2030,9,13,NA,20.5896027238723,29.600331760965
2030-09-14 12:00:00,2030,9,14,NA,20.7946650355268,26.6597889634038
2030-09-15 12:00:00,2030,9,15,NA,18.3992428425047,25.7143446240326
2030-09-16 12:00:00,2030,9,16,NA,17.6737914666903,24.9939103735097
2030-09-17 12:00:00,2030,9,17,NA,17.9028157862888,28.4198486795511
2030-09-18 12:00:00,2030,9,18,NA,16.9372895481718,28.4438877381299
2030-09-19 12:00:00,2030,9,19,NA,20.8344520228518,26.4930198350666
2030-09-20 12:00:00,2030,9,20,NA,19.2736599957372,24.0689490134613
2030-09-21 12:00:00,2030,9,21,NA,18.7534077028112,24.6830291027698
2030-09-22 12:00:00,2030,9,22,NA,18.9741075795312,27.9288269395338
2030-09-23 12:00:00,2030,9,23,NA,16.7755282363126,27.824650128324
2030-09-24 12:00:00,2030,9,24,NA,15.7355189086784,26.2790568387763
2030-09-25 12:00:00,2030,9,25,NA,16.7368723331542,27.0404326972112
2030-09-26 12:00:00,2030,9,26,NA,15.7766616173133,27.2540743548369
2030-09-27 12:00:00,2030,9,27,NA,15.7758744930049,25.7097704083572
2030-09-28 12:00:00,2030,9,28,NA,12.2806711248628,18.7494826381026
2030-09-29 12:00:00,2030,9,29,NA,15.0370345056917,18.8843408316143
2030-09-30 12:00:00,2030,9,30,NA,13.0478288430112,20.7184082376827
2030-10-01 12:00:00,2030,10,1,NA,14.8271037614606,24.7450979250915
2030-10-02 12:00:00,2030,10,2,NA,12.7377964366642,25.1969088065613
2030-10-03 12:00:00,2030,10,3,NA,12.355007346841,25.7628512826781
2030-10-04 12:00:00,2030,10,4,NA,17.8543082741824,26.700154312072
2030-10-05 12:00:00,2030,10,5,NA,15.1894631881457,27.7597558766743
2030-10-06 12:00:00,2030,10,6,NA,14.8477200388893,23.9407818284012
2030-10-07 12:00:00,2030,10,7,NA,15.1158250080698,26.7390350394036
2030-10-08 12:00:00,2030,10,8,NA,15.4914770535241,25.2875745433401
2030-10-09 12:00:00,2030,10,9,NA,16.0598325930155,22.4786796392349
2030-10-10 12:00:00,2030,10,10,NA,15.8548181132929,25.5998047530946
2030-10-11 12:00:00,2030,10,11,NA,14.348593878871,25.7469274871212
2030-10-12 12:00:00,2030,10,12,NA,14.8890719829517,24.858675050661
2030-10-13 12:00:00,2030,10,13,NA,15.9108123248481,23.0962619093738
2030-10-14 12:00:00,2030,10,14,NA,14.4546376493894,21.7561452342499
2030-10-15 12:00:00,2030,10,15,NA,11.6848569105728,22.8056077530669
2030-10-16 12:00:00,2030,10,16,NA,15.0601288445934,21.0964885185449
2030-10-17 12:00:00,2030,10,17,NA,14.0341789791696,19.4745782906714
2030-10-18 12:00:00,2030,10,18,NA,12.9910738185243,18.9103343628114
2030-10-19 12:00:00,2030,10,19,NA,15.4093401492227,23.2271195898983
2030-10-20 12:00:00,2030,10,20,NA,15.1590746390969,21.8592078656633
2030-10-21 12:00:00,2030,10,21,NA,12.1858668381933,22.0696567353713
2030-10-22 12:00:00,2030,10,22,NA,9.4325644063571,21.4170905717432
2030-10-23 12:00:00,2030,10,23,NA,10.2648645119738,21.5790144194641
2030-10-24 12:00:00,2030,10,24,NA,10.3325169039765,20.2038239522762
2030-10-25 12:00:00,2030,10,25,NA,6.17476399590933,16.5199801779201
2030-10-26 12:00:00,2030,10,26,NA,7.53262854207958,19.5020003469022
2030-10-27 12:00:00,2030,10,27,NA,7.64620414358784,21.8680683026791
2030-10-28 12:00:00,2030,10,28,NA,7.12979581846169,20.8169398893086
2030-10-29 12:00:00,2030,10,29,NA,9.8900582334459,17.2154857577926
2030-10-30 12:00:00,2030,10,30,NA,8.22736876874743,17.5449875859227
2030-10-31 12:00:00,2030,10,31,NA,8.77401259714732,20.5986625947166
2030-11-01 12:00:00,2030,11,1,NA,7.83836771589623,22.7197557466126
2030-11-02 12:00:00,2030,11,2,NA,9.30915785682334,20.5065344559073
2030-11-03 12:00:00,2030,11,3,NA,8.75414448802162,22.4553738727291
2030-11-04 12:00:00,2030,11,4,NA,10.4463181190594,24.0301662159659
2030-11-05 12:00:00,2030,11,5,NA,13.1696667126082,27.1025142250534
2030-11-06 12:00:00,2030,11,6,NA,14.7602932339232,16.82818372711
2030-11-07 12:00:00,2030,11,7,NA,9.89156638877864,18.5649524720821
2030-11-08 12:00:00,2030,11,8,NA,5.00273811941079,16.5251402811873
2030-11-09 12:00:00,2030,11,9,NA,5.9261320157679,18.9557375545122
2030-11-10 12:00:00,2030,11,10,NA,4.53893471425694,15.9433492302044
2030-11-11 12:00:00,2030,11,11,NA,5.23220560285909,16.5957823341187
2030-11-12 12:00:00,2030,11,12,NA,9.20732844884367,24.2666857412622
2030-11-13 12:00:00,2030,11,13,NA,8.87324264540778,17.069029828209
2030-11-14 12:00:00,2030,11,14,NA,5.3578543751951,19.1873169924985
2030-11-15 12:00:00,2030,11,15,NA,1.0101250635669,10.343943228845
2030-11-16 12:00:00,2030,11,16,NA,-0.44074234231193,10.8077115261236
2030-11-17 12:00:00,2030,11,17,NA,-4.07931651264457,7.70498054251537
2030-11-18 12:00:00,2030,11,18,NA,-2.65926751569262,10.7651000947554
2030-11-19 12:00:00,2030,11,19,NA,-0.155805245462843,12.394097572189
2030-11-20 12:00:00,2030,11,20,NA,1.38931285279959,12.7922565896495
2030-11-21 12:00:00,2030,11,21,NA,0.377039946797186,15.5015728765043
2030-11-22 12:00:00,2030,11,22,NA,4.84403354218058,18.1222207818049
2030-11-23 12:00:00,2030,11,23,NA,7.77155793846402,18.1334308344079
2030-11-24 12:00:00,2030,11,24,NA,7.24106356971345,16.8649553626748
2030-11-25 12:00:00,2030,11,25,NA,5.26122278057374,14.6871841375636
2030-11-26 12:00:00,2030,11,26,NA,3.37466455801618,11.377367045243
2030-11-27 12:00:00,2030,11,27,NA,0.355112076843323,8.66456424158654
2030-11-28 12:00:00,2030,11,28,NA,1.60678237332376,9.2626506646601
2030-11-29 12:00:00,2030,11,29,NA,-0.506039423598412,4.6607554811899
2030-11-30 12:00:00,2030,11,30,NA,-0.436982946439583,0.708664244428016
2030-12-01 12:00:00,2030,12,1,NA,-2.77605725278204,3.41114697906886
2030-12-02 12:00:00,2030,12,2,NA,-4.13304708911034,7.87980604579571
2030-12-03 12:00:00,2030,12,3,NA,-3.1921567000239,10.957524269771
2030-12-04 12:00:00,2030,12,4,NA,0.610146275491733,10.8436324930724
2030-12-05 12:00:00,2030,12,5,NA,0.822483487107494,14.0682188506785
2030-12-06 12:00:00,2030,12,6,NA,3.61067083414494,19.3311379111682
2030-12-07 12:00:00,2030,12,7,NA,6.59022058242097,18.7077085472482
2030-12-08 12:00:00,2030,12,8,NA,2.71606345244734,13.126458648668
2030-12-09 12:00:00,2030,12,9,NA,9.52089107606924,17.6688644777511
2030-12-10 12:00:00,2030,12,10,NA,8.89038257753863,10.2009822911395
2030-12-11 12:00:00,2030,12,11,NA,4.27474825351431,9.67774762990864
2030-12-12 12:00:00,2030,12,12,NA,-1.55612885707389,3.77544911520699
2030-12-13 12:00:00,2030,12,13,NA,-1.2866260116015,8.75143669979264
2030-12-14 12:00:00,2030,12,14,NA,-1.17065410731462,8.02969899977728
2030-12-15 12:00:00,2030,12,15,NA,-4.06326845988949,4.4348527483376
2030-12-16 12:00:00,2030,12,16,NA,-6.77554901404149,3.33824596254015
2030-12-17 12:00:00,2030,12,17,NA,-5.25877764508974,8.58627176341944
2030-12-18 12:00:00,2030,12,18,NA,-2.14439493031435,6.84219585760022
2030-12-19 12:00:00,2030,12,19,NA,-4.46851166353577,7.03124696888623
2030-12-20 12:00:00,2030,12,20,NA,-4.02928560709706,4.85480305181409
2030-12-21 12:00:00,2030,12,21,NA,-5.27978549228078,-0.188517402811432
2030-12-22 12:00:00,2030,12,22,NA,-3.99807762318725,1.5005077639461
2030-12-23 12:00:00,2030,12,23,NA,-3.5322577312367,9.73307347276651
2030-12-24 12:00:00,2030,12,24,NA,-6.74816051899628,0.235713744032198
2030-12-25 12:00:00,2030,12,25,NA,-7.44138365046523,3.27383129197523
2030-12-26 12:00:00,2030,12,26,NA,-10.7636162680834,-1.70517538492068
2030-12-27 12:00:00,2030,12,27,NA,-10.1447663738853,-3.23235731600958
2030-12-28 12:00:00,2030,12,28,NA,-9.40456706245531,1.36928303833902
2030-12-29 12:00:00,2030,12,29,NA,-8.78480326379063,3.45086134314479
2030-12-30 12:00:00,2030,12,30,NA,-5.1077845727212,8.25974409549142
2030-12-31 12:00:00,2030,12,31,NA,-6.16562063683569,-3.83546023711712
2031-01-01 12:00:00,2031,1,1,NA,-3.64061424685604,4.4481258438595
2031-01-02 12:00:00,2031,1,2,NA,-3.67941475025318,8.27981421630226
2031-01-03 12:00:00,2031,1,3,NA,-4.47900196739004,3.88107535438204
2031-01-04 12:00:00,2031,1,4,NA,-3.63360830227152,4.46129598189704
2031-01-05 12:00:00,2031,1,5,NA,-5.32195466701557,0.0892808692840514
2031-01-06 12:00:00,2031,1,6,NA,-11.4906182166336,-2.40499594232106
2031-01-07 12:00:00,2031,1,7,NA,-10.0129309888134,2.8993308069162
2031-01-08 12:00:00,2031,1,8,NA,-13.4001015123829,7.31609400532547
2031-01-09 12:00:00,2031,1,9,NA,-5.87470518921397,4.17658045364729
2031-01-10 12:00:00,2031,1,10,NA,-6.28214513678392,2.78897116810468
2031-01-11 12:00:00,2031,1,11,NA,-5.85251779725252,2.24238648691605
2031-01-12 12:00:00,2031,1,12,NA,-5.29481045471164,4.10374307707673
2031-01-13 12:00:00,2031,1,13,NA,-7.83281968561742,-0.00756298610138373
2031-01-14 12:00:00,2031,1,14,NA,-13.5547140245023,-5.09121965728186
2031-01-15 12:00:00,2031,1,15,NA,-10.8104427479872,-3.13556883186222
2031-01-16 12:00:00,2031,1,16,NA,-9.65022308137018,-4.75889989550948
2031-01-17 12:00:00,2031,1,17,NA,-9.08346751125954,3.25325261440745
2031-01-18 12:00:00,2031,1,18,NA,-5.60432060996185,-0.569444466970045
2031-01-19 12:00:00,2031,1,19,NA,-5.33045684197152,6.78580936467062
2031-01-20 12:00:00,2031,1,20,NA,-1.83896354387254,6.20830175689845
2031-01-21 12:00:00,2031,1,21,NA,-4.38964398421943,7.89382219630578
2031-01-22 12:00:00,2031,1,22,NA,-0.959316887675684,13.5096425293513
2031-01-23 12:00:00,2031,1,23,NA,-2.8137464963701,9.24769054760745
2031-01-24 12:00:00,2031,1,24,NA,-3.38823932590571,2.45154324232196
2031-01-25 12:00:00,2031,1,25,NA,-4.77124614080254,5.19442439654549
2031-01-26 12:00:00,2031,1,26,NA,-2.50956837751824,7.44121710855159
2031-01-27 12:00:00,2031,1,27,NA,-6.02896920332238,1.53895710218147
2031-01-28 12:00:00,2031,1,28,NA,-2.3666657830349,2.92175044649163
2031-01-29 12:00:00,2031,1,29,NA,-2.52093128925592,5.85714719664381
2031-01-30 12:00:00,2031,1,30,NA,-5.05014928139653,1.04337171276572
2031-01-31 12:00:00,2031,1,31,NA,-4.6610943635625,4.93454388081707
2031-02-01 12:00:00,2031,2,1,NA,-3.20633779207525,6.06787480024385
2031-02-02 12:00:00,2031,2,2,NA,-6.51068984883454,7.20794626105092
2031-02-03 12:00:00,2031,2,3,NA,-5.63129427511312,9.48244989095139
2031-02-04 12:00:00,2031,2,4,NA,-4.53122267565323,10.9340506259444
2031-02-05 12:00:00,2031,2,5,NA,-7.31501011650684,1.10768577604187
2031-02-06 12:00:00,2031,2,6,NA,-4.49000305587487,2.82418850367199
2031-02-07 12:00:00,2031,2,7,NA,-3.39648206928663,5.49049116457693
2031-02-08 12:00:00,2031,2,8,NA,-1.33953205806874,9.25998319276858
2031-02-09 12:00:00,2031,2,9,NA,-6.60626088981883,-0.393368379148643
2031-02-10 12:00:00,2031,2,10,NA,-8.5980902129306,3.24426758267914
2031-02-11 12:00:00,2031,2,11,NA,-8.75280538253887,3.04559513119684
2031-02-12 12:00:00,2031,2,12,NA,-8.8281729996952,7.84471204693445
2031-02-13 12:00:00,2031,2,13,NA,-4.60297100151003,6.87119846097677
2031-02-14 12:00:00,2031,2,14,NA,-5.25226630269075,5.81032521528491
2031-02-15 12:00:00,2031,2,15,NA,-8.33597118776444,3.77662030607161
2031-02-16 12:00:00,2031,2,16,NA,-7.85057538018479,9.92967864056503
2031-02-17 12:00:00,2031,2,17,NA,-6.79259450534529,9.53862842790372
2031-02-18 12:00:00,2031,2,18,NA,-4.4434527698854,8.39081818481554
2031-02-19 12:00:00,2031,2,19,NA,-2.69524909681154,13.4174630693545
2031-02-20 12:00:00,2031,2,20,NA,0.738523393447824,14.2017301669058
2031-02-21 12:00:00,2031,2,21,NA,0.382638990667362,12.1618372789615
2031-02-22 12:00:00,2031,2,22,NA,-0.400970186372027,10.0748740230178
2031-02-23 12:00:00,2031,2,23,NA,-1.67713277909694,13.939768347646
2031-02-24 12:00:00,2031,2,24,NA,-0.114835307825038,14.3103544311783
2031-02-25 12:00:00,2031,2,25,NA,4.5943607130182,23.7287427310644
2031-02-26 12:00:00,2031,2,26,NA,7.56576749759317,19.9467389396866
2031-02-27 12:00:00,2031,2,27,NA,5.41573737932424,10.9513417020825
2031-02-28 12:00:00,2031,2,28,NA,1.92809186715753,14.4934848368905
2031-03-01 12:00:00,2031,3,1,NA,0.978511086602276,13.4168377668653
2031-03-02 12:00:00,2031,3,2,NA,-4.62381884775313,11.0221492162715
2031-03-03 12:00:00,2031,3,3,NA,-3.56035100896885,12.3853057527354
2031-03-04 12:00:00,2031,3,4,NA,-1.08957208470658,17.1239564664697
2031-03-05 12:00:00,2031,3,5,NA,3.62847863365048,16.1536626283761
2031-03-06 12:00:00,2031,3,6,NA,3.94458085998511,13.0115014199724
2031-03-07 12:00:00,2031,3,7,NA,5.16677891597904,15.0492925559865
2031-03-08 12:00:00,2031,3,8,NA,3.22828706804571,10.2929335680058
2031-03-09 12:00:00,2031,3,9,NA,7.04426043355758,17.4046470295048
2031-03-10 12:00:00,2031,3,10,NA,4.96083012292201,16.0908911981763
2031-03-11 12:00:00,2031,3,11,NA,8.13154362027241,16.8612560490482
2031-03-12 12:00:00,2031,3,12,NA,7.28718583154622,18.3634227517204
2031-03-13 12:00:00,2031,3,13,NA,4.56642567318787,20.6005264622715
2031-03-14 12:00:00,2031,3,14,NA,6.68898508308543,19.4985458326663
2031-03-15 12:00:00,2031,3,15,NA,4.47258153367697,15.1575808324696
2031-03-16 12:00:00,2031,3,16,NA,3.6553812845201,15.4130932165237
2031-03-17 12:00:00,2031,3,17,NA,8.456450148686,16.6311983990109
2031-03-18 12:00:00,2031,3,18,NA,0.512142610625667,15.7847733954155
2031-03-19 12:00:00,2031,3,19,NA,3.79738492727252,16.2847159974695
2031-03-20 12:00:00,2031,3,20,NA,4.5075673965361,16.2519363247448
2031-03-21 12:00:00,2031,3,21,NA,6.95692492924181,12.3230261077774
2031-03-22 12:00:00,2031,3,22,NA,3.68651307703738,10.3915281141746
2031-03-23 12:00:00,2031,3,23,NA,6.02671335319338,9.66082221909313
2031-03-24 12:00:00,2031,3,24,NA,5.28836425089457,16.4560173009834
2031-03-25 12:00:00,2031,3,25,NA,5.40667575338354,15.0934627795115
2031-03-26 12:00:00,2031,3,26,NA,8.81304634208127,19.0168054232768
2031-03-27 12:00:00,2031,3,27,NA,11.6913841579275,23.1822087983143
2031-03-28 12:00:00,2031,3,28,NA,12.5788197627278,22.7616319128859
2031-03-29 12:00:00,2031,3,29,NA,11.1150953962978,20.077683312678
2031-03-30 12:00:00,2031,3,30,NA,5.86529375490408,20.8680685212022
2031-03-31 12:00:00,2031,3,31,NA,4.98969614306664,12.661713409929
2031-04-01 12:00:00,2031,4,1,NA,7.56514740942897,20.7292523943214
2031-04-02 12:00:00,2031,4,2,NA,6.24024063841852,21.9060623798272
2031-04-03 12:00:00,2031,4,3,NA,8.3511108788429,24.1907261637016
2031-04-04 12:00:00,2031,4,4,NA,10.5449067870861,23.2568790261422
2031-04-05 12:00:00,2031,4,5,NA,11.1382238364636,23.5654132575847
2031-04-06 12:00:00,2031,4,6,NA,6.43860649889582,16.2560186389814
2031-04-07 12:00:00,2031,4,7,NA,-0.283869693897083,18.2245945839881
2031-04-08 12:00:00,2031,4,8,NA,-0.735391059452292,17.5875340189604
2031-04-09 12:00:00,2031,4,9,NA,0.71349196784251,18.5094193344688
2031-04-10 12:00:00,2031,4,10,NA,4.22000167995825,20.9278926081646
2031-04-11 12:00:00,2031,4,11,NA,8.54365872257442,23.5585982843108
2031-04-12 12:00:00,2031,4,12,NA,10.0529753819599,25.9963231249017
2031-04-13 12:00:00,2031,4,13,NA,10.3195670830261,24.8508002709389
2031-04-14 12:00:00,2031,4,14,NA,12.6584750116893,19.1210206315897
2031-04-15 12:00:00,2031,4,15,NA,8.8496351112504,23.5847687546606
2031-04-16 12:00:00,2031,4,16,NA,8.9569082629071,23.6920419063173
2031-04-17 12:00:00,2031,4,17,NA,11.3094859670981,23.3547573775126
2031-04-18 12:00:00,2031,4,18,NA,12.810309151525,26.6271185804499
2031-04-19 12:00:00,2031,4,19,NA,15.3949317468916,26.3048443358863
2031-04-20 12:00:00,2031,4,20,NA,17.9008217213613,25.5327763894532
2031-04-21 12:00:00,2031,4,21,NA,14.2143957354754,24.0882914244423
2031-04-22 12:00:00,2031,4,22,NA,11.5990279810291,26.2418287022227
2031-04-23 12:00:00,2031,4,23,NA,15.6351178769405,29.016358008181
2031-04-24 12:00:00,2031,4,24,NA,14.5587728146311,18.6484655655281
2031-04-25 12:00:00,2031,4,25,NA,9.29569911364952,22.8532920621181
2031-04-26 12:00:00,2031,4,26,NA,8.95604805563175,20.2891256797726
2031-04-27 12:00:00,2031,4,27,NA,11.0439041315418,22.9623330105391
2031-04-28 12:00:00,2031,4,28,NA,10.5176611685859,19.5846145554603
2031-04-29 12:00:00,2031,4,29,NA,9.50056995424861,19.4997190870163
2031-04-30 12:00:00,2031,4,30,NA,8.14274388477016,22.6160445863346
2031-05-01 12:00:00,2031,5,1,NA,8.03711117148271,22.3686278993602
2031-05-02 12:00:00,2031,5,2,NA,7.73003084952592,22.9770924353289
2031-05-03 12:00:00,2031,5,3,NA,10.9564547018645,24.6553833617574
2031-05-04 12:00:00,2031,5,4,NA,12.188228355486,22.4080657336822
2031-05-05 12:00:00,2031,5,5,NA,11.8319852880313,27.5947650671422
2031-05-06 12:00:00,2031,5,6,NA,13.3051084037093,27.0046220920879
2031-05-07 12:00:00,2031,5,7,NA,12.7106825012824,25.4654282703833
2031-05-08 12:00:00,2031,5,8,NA,12.6373308374225,24.7457517928057
2031-05-09 12:00:00,2031,5,9,NA,13.9413924160198,24.8292181812299
2031-05-10 12:00:00,2031,5,10,NA,12.9735490741946,24.7303286168597
2031-05-11 12:00:00,2031,5,11,NA,13.1551442153125,23.5286401957458
2031-05-12 12:00:00,2031,5,12,NA,13.3428914307271,21.5781185216263
2031-05-13 12:00:00,2031,5,13,NA,12.2127289976236,24.7926245842463
2031-05-14 12:00:00,2031,5,14,NA,10.1872034371019,22.9172657998787
2031-05-15 12:00:00,2031,5,15,NA,15.1929254656514,18.8605834378917
2031-05-16 12:00:00,2031,5,16,NA,15.423316165975,25.6387219929402
2031-05-17 12:00:00,2031,5,17,NA,14.7681902482628,28.5487479259263
2031-05-18 12:00:00,2031,5,18,NA,11.6924973194158,30.8704745237788
2031-05-19 12:00:00,2031,5,19,NA,16.4820749889226,28.9231827418932
2031-05-20 12:00:00,2031,5,20,NA,15.8888730437724,19.5821110026526
2031-05-21 12:00:00,2031,5,21,NA,9.80283072663226,16.6974644420219
2031-05-22 12:00:00,2031,5,22,NA,7.29196041937324,19.0107201574144
2031-05-23 12:00:00,2031,5,23,NA,9.00648906427506,22.7141170795326
2031-05-24 12:00:00,2031,5,24,NA,10.2017187113873,28.9395343886938
2031-05-25 12:00:00,2031,5,25,NA,8.2803867532312,30.0357593537941
2031-05-26 12:00:00,2031,5,26,NA,11.9945536061616,31.1725308105245
2031-05-27 12:00:00,2031,5,27,NA,13.5517589563024,32.3132256698222
2031-05-28 12:00:00,2031,5,28,NA,15.7171767074876,30.8883242925882
2031-05-29 12:00:00,2031,5,29,NA,19.7954408232659,23.7107888063682
2031-05-30 12:00:00,2031,5,30,NA,22.210492214941,30.0831093767459
2031-05-31 12:00:00,2031,5,31,NA,18.7695782102041,29.5359600240778
2031-06-01 12:00:00,2031,6,1,NA,23.7054320207098,29.9221674927149
2031-06-02 12:00:00,2031,6,2,NA,20.509251142171,25.017166205891
2031-06-03 12:00:00,2031,6,3,NA,18.2076817414616,27.2928455088847
2031-06-04 12:00:00,2031,6,4,NA,17.6521939289323,26.669970813483
2031-06-05 12:00:00,2031,6,5,NA,19.3442345597936,26.4203238300721
2031-06-06 12:00:00,2031,6,6,NA,17.3013068774271,28.3754567336121
2031-06-07 12:00:00,2031,6,7,NA,18.1161682338009,30.6162256089552
2031-06-08 12:00:00,2031,6,8,NA,18.6366062542596,30.7002432995878
2031-06-09 12:00:00,2031,6,9,NA,21.1745408328559,26.6906205375456
2031-06-10 12:00:00,2031,6,10,NA,18.2833740604588,22.5401913905088
2031-06-11 12:00:00,2031,6,11,NA,18.9446242311063,24.9493933276035
2031-06-12 12:00:00,2031,6,12,NA,18.9218569103268,27.9338416835374
2031-06-13 12:00:00,2031,6,13,NA,22.6680806680407,27.1775775395781
2031-06-14 12:00:00,2031,6,14,NA,22.0404901148297,26.4426023257328
2031-06-15 12:00:00,2031,6,15,NA,20.3974751254703,27.5367537641307
2031-06-16 12:00:00,2031,6,16,NA,17.0418580222273,29.5955366817077
2031-06-17 12:00:00,2031,6,17,NA,17.7792437693075,23.4641112466212
2031-06-18 12:00:00,2031,6,18,NA,17.0233368520454,23.5096285140731
2031-06-19 12:00:00,2031,6,19,NA,16.2069136658573,29.4885384597141
2031-06-20 12:00:00,2031,6,20,NA,16.4440426383883,26.808807267013
2031-06-21 12:00:00,2031,6,21,NA,17.3913377605912,27.3148807222195
2031-06-22 12:00:00,2031,6,22,NA,17.6752209517336,29.6884834451773
2031-06-23 12:00:00,2031,6,23,NA,18.3538206028649,28.5221178126441
2031-06-24 12:00:00,2031,6,24,NA,17.4997769625897,28.2643914570711
2031-06-25 12:00:00,2031,6,25,NA,17.8689833418646,31.9591592938944
2031-06-26 12:00:00,2031,6,26,NA,19.2166275728127,31.3704076133431
2031-06-27 12:00:00,2031,6,27,NA,21.5816589978901,31.7444920066371
2031-06-28 12:00:00,2031,6,28,NA,20.6710285485262,31.4173002585255
2031-06-29 12:00:00,2031,6,29,NA,22.1151199117614,29.1439928768515
2031-06-30 12:00:00,2031,6,30,NA,21.6469016297909,32.7701089410177
2031-07-01 12:00:00,2031,7,1,NA,23.2102189139933,32.2455940158689
2031-07-02 12:00:00,2031,7,2,NA,22.9542586467539,31.9720355313046
2031-07-03 12:00:00,2031,7,3,NA,21.7145944469558,25.9390048694241
2031-07-04 12:00:00,2031,7,4,NA,19.2578116552706,24.6299694688128
2031-07-05 12:00:00,2031,7,5,NA,18.7256023227961,23.6670284221896
2031-07-06 12:00:00,2031,7,6,NA,19.4283440062483,25.235272785493
2031-07-07 12:00:00,2031,7,7,NA,17.5028327885421,22.7363934443578
2031-07-08 12:00:00,2031,7,8,NA,18.9243526039741,23.7856199064287
2031-07-09 12:00:00,2031,7,9,NA,19.3603183095208,26.3752391144102
2031-07-10 12:00:00,2031,7,10,NA,19.4162725842917,27.5292279608373
2031-07-11 12:00:00,2031,7,11,NA,19.8216837260762,27.6586992608371
2031-07-12 12:00:00,2031,7,12,NA,21.3475516977035,30.1786324559973
2031-07-13 12:00:00,2031,7,13,NA,21.9796160365904,33.1041067288477
2031-07-14 12:00:00,2031,7,14,NA,19.9522302683394,30.1234082407547
2031-07-15 12:00:00,2031,7,15,NA,22.8215448426607,29.5347226264389
2031-07-16 12:00:00,2031,7,16,NA,23.48837228136,32.879303800623
2031-07-17 12:00:00,2031,7,17,NA,23.1520286891695,33.0571142760808
2031-07-18 12:00:00,2031,7,18,NA,24.551220858531,28.8517808444004
2031-07-19 12:00:00,2031,7,19,NA,21.073558498539,24.6304270808044
2031-07-20 12:00:00,2031,7,20,NA,19.9948990760387,29.5330077510143
2031-07-21 12:00:00,2031,7,21,NA,22.2992848707206,30.4191516943922
2031-07-22 12:00:00,2031,7,22,NA,22.5123250868644,31.07385505233
2031-07-23 12:00:00,2031,7,23,NA,24.9084597780317,32.6913079709697
2031-07-24 12:00:00,2031,7,24,NA,24.8348827746391,34.5227280037852
2031-07-25 12:00:00,2031,7,25,NA,26.6385302605838,33.0272628552082
2031-07-26 12:00:00,2031,7,26,NA,26.7893651974509,31.2637517787505
2031-07-27 12:00:00,2031,7,27,NA,26.1180402073618,28.0736065322095
2031-07-28 12:00:00,2031,7,28,NA,24.6695455400198,31.2721022976783
2031-07-29 12:00:00,2031,7,29,NA,25.6545649558854,29.2726325824261
2031-07-30 12:00:00,2031,7,30,NA,25.8075318747997,31.5139231721553
2031-07-31 12:00:00,2031,7,31,NA,23.0259499551415,32.944113321269
2031-08-01 12:00:00,2031,8,1,NA,22.8584883927641,31.5704926168286
2031-08-02 12:00:00,2031,8,2,NA,20.5175379883861,31.0435037002888
2031-08-03 12:00:00,2031,8,3,NA,20.947541493846,28.4188217900328
2031-08-04 12:00:00,2031,8,4,NA,22.393211563756,29.4659165233492
2031-08-05 12:00:00,2031,8,5,NA,20.6238075047207,31.1815002142427
2031-08-06 12:00:00,2031,8,6,NA,21.9729950536344,31.5672866173858
2031-08-07 12:00:00,2031,8,7,NA,22.3497052827236,30.4069084229598
2031-08-08 12:00:00,2031,8,8,NA,23.228753478251,32.4061884174267
2031-08-09 12:00:00,2031,8,9,NA,24.4602626577243,34.1694309743549
2031-08-10 12:00:00,2031,8,10,NA,24.6662503228029,35.6634188399372
2031-08-11 12:00:00,2031,8,11,NA,22.0442454795504,30.6015534618352
2031-08-12 12:00:00,2031,8,12,NA,24.7489528826791,35.3044457418305
2031-08-13 12:00:00,2031,8,13,NA,25.3391650748546,34.9653213100085
2031-08-14 12:00:00,2031,8,14,NA,24.3356999999978,33.6223644249559
2031-08-15 12:00:00,2031,8,15,NA,25.4550473660777,32.9591733190214
2031-08-16 12:00:00,2031,8,16,NA,24.2470159314914,34.9262124149192
2031-08-17 12:00:00,2031,8,17,NA,26.133274236809,35.5238889881464
2031-08-18 12:00:00,2031,8,18,NA,26.2959649479907,33.041816179559
2031-08-19 12:00:00,2031,8,19,NA,24.9965971223269,33.4432368264718
2031-08-20 12:00:00,2031,8,20,NA,25.307536867045,33.9470849118549
2031-08-21 12:00:00,2031,8,21,NA,24.2251744702037,34.3320911627356
2031-08-22 12:00:00,2031,8,22,NA,25.5715697239797,33.3224487167794
2031-08-23 12:00:00,2031,8,23,NA,26.6907444446394,30.4878031975409
2031-08-24 12:00:00,2031,8,24,NA,25.7133729575727,30.5804468276383
2031-08-25 12:00:00,2031,8,25,NA,24.9976392036867,27.4019316908417
2031-08-26 12:00:00,2031,8,26,NA,22.2593169145597,24.6636094017147
2031-08-27 12:00:00,2031,8,27,NA,19.22284397175,29.076110029689
2031-08-28 12:00:00,2031,8,28,NA,18.8108932683114,28.0618763941103
2031-08-29 12:00:00,2031,8,29,NA,24.3257368312415,29.1430777687412
2031-08-30 12:00:00,2031,8,30,NA,24.3445328992298,28.4064204903279
2031-08-31 12:00:00,2031,8,31,NA,20.7095541451282,27.1768394595263
2031-09-01 12:00:00,2031,9,1,NA,21.9990511479387,29.6783687902929
2031-09-02 12:00:00,2031,9,2,NA,23.1728956701546,32.7032683539968
2031-09-03 12:00:00,2031,9,3,NA,20.9025060758292,32.4276876082749
2031-09-04 12:00:00,2031,9,4,NA,21.7379961594629,32.1048656049503
2031-09-05 12:00:00,2031,9,5,NA,20.8408679014374,32.2615237435103
2031-09-06 12:00:00,2031,9,6,NA,24.1087067463603,29.3959996156892
2031-09-07 12:00:00,2031,9,7,NA,20.8872667597356,28.5544152242603
2031-09-08 12:00:00,2031,9,8,NA,22.1551141518957,24.6112495443953
2031-09-09 12:00:00,2031,9,9,NA,19.7769113371413,30.7159451413754
2031-09-10 12:00:00,2031,9,10,NA,18.8929656882859,33.2722256617567
2031-09-11 12:00:00,2031,9,11,NA,19.3277128235408,32.8231486836425
2031-09-12 12:00:00,2031,9,12,NA,19.6214832983762,34.604558359051
2031-09-13 12:00:00,2031,9,13,NA,20.1048597422138,32.5735855722924
2031-09-14 12:00:00,2031,9,14,NA,19.1797372315443,34.7399334976053
2031-09-15 12:00:00,2031,9,15,NA,17.8911523594124,28.4540393687248
2031-09-16 12:00:00,2031,9,16,NA,20.5200917642542,30.1173320845081
2031-09-17 12:00:00,2031,9,17,NA,21.2533210701383,29.8788686337556
2031-09-18 12:00:00,2031,9,18,NA,19.653761306725,28.408670085176
2031-09-19 12:00:00,2031,9,19,NA,14.4295214841306,26.1782675706892
2031-09-20 12:00:00,2031,9,20,NA,16.308026782846,26.623624235835
2031-09-21 12:00:00,2031,9,21,NA,18.0501868873665,29.0814572487824
2031-09-22 12:00:00,2031,9,22,NA,17.3047583835593,26.3128365793399
2031-09-23 12:00:00,2031,9,23,NA,16.1514792938077,26.3812844426716
2031-09-24 12:00:00,2031,9,24,NA,15.6065584086039,24.2293443509353
2031-09-25 12:00:00,2031,9,25,NA,13.4071234381989,24.9683542907546
2031-09-26 12:00:00,2031,9,26,NA,14.4901214464755,25.801891045031
2031-09-27 12:00:00,2031,9,27,NA,16.3444932729474,26.9219688497846
2031-09-28 12:00:00,2031,9,28,NA,15.8877881998903,27.3902227607015
2031-09-29 12:00:00,2031,9,29,NA,16.5930198197324,29.1864546698862
2031-09-30 12:00:00,2031,9,30,NA,20.0052564873784,29.59519723053
2031-10-01 12:00:00,2031,10,1,NA,19.9434006931891,28.9626401848212
2031-10-02 12:00:00,2031,10,2,NA,20.9214704244822,27.2681783952672
2031-10-03 12:00:00,2031,10,3,NA,16.4347826256269,30.5995104085472
2031-10-04 12:00:00,2031,10,4,NA,15.6160750360637,25.189974387109
2031-10-05 12:00:00,2031,10,5,NA,16.3175627663824,21.9838793949169
2031-10-06 12:00:00,2031,10,6,NA,12.4881515711465,15.8451358868685
2031-10-07 12:00:00,2031,10,7,NA,10.2046563402322,16.2217534235255
2031-10-08 12:00:00,2031,10,8,NA,12.2650488761257,21.8294296054844
2031-10-09 12:00:00,2031,10,9,NA,11.0570485600365,20.4395710914682
2031-10-10 12:00:00,2031,10,10,NA,12.2944993602467,26.1433603586219
2031-10-11 12:00:00,2031,10,11,NA,20.8313116233319,27.5374577329009
2031-10-12 12:00:00,2031,10,12,NA,18.7261231396148,27.0316810205067
2031-10-13 12:00:00,2031,10,13,NA,21.8147713126495,30.1712488100513
2031-10-14 12:00:00,2031,10,14,NA,18.0423318568304,29.0856620227743
2031-10-15 12:00:00,2031,10,15,NA,15.1817074091142,25.7020166373624
2031-10-16 12:00:00,2031,10,16,NA,13.7341943075548,21.7003932505426
2031-10-17 12:00:00,2031,10,17,NA,11.9941759485558,20.7846661526755
2031-10-18 12:00:00,2031,10,18,NA,8.61244562530851,20.3596199561157
2031-10-19 12:00:00,2031,10,19,NA,8.91104042381855,19.9080473778145
2031-10-20 12:00:00,2031,10,20,NA,7.35876195590971,19.0304975294045
2031-10-21 12:00:00,2031,10,21,NA,8.57041111794053,22.6097677740015
2031-10-22 12:00:00,2031,10,22,NA,9.11750465452665,21.6808784349614
2031-10-23 12:00:00,2031,10,23,NA,8.80818334092707,25.5670837081739
2031-10-24 12:00:00,2031,10,24,NA,9.0333959020585,23.5103737586165
2031-10-25 12:00:00,2031,10,25,NA,9.3061003340256,23.1535284763829
2031-10-26 12:00:00,2031,10,26,NA,8.21208516671402,23.5343163434783
2031-10-27 12:00:00,2031,10,27,NA,9.12520692024219,22.8530349180077
2031-10-28 12:00:00,2031,10,28,NA,10.2575184068415,21.5635509428285
2031-10-29 12:00:00,2031,10,29,NA,10.6679268528804,22.2324354673089
2031-10-30 12:00:00,2031,10,30,NA,7.34216169168676,16.4644278595269
2031-10-31 12:00:00,2031,10,31,NA,5.90558268428286,19.4300181939566
2031-11-01 12:00:00,2031,11,1,NA,6.21392815650513,18.8425850727655
2031-11-02 12:00:00,2031,11,2,NA,4.83090022417976,15.8279071781757
2031-11-03 12:00:00,2031,11,3,NA,4.64091707129178,19.9976234978568
2031-11-04 12:00:00,2031,11,4,NA,3.62975451637525,10.3549961943758
2031-11-05 12:00:00,2031,11,5,NA,3.60921924374155,17.22037330714
2031-11-06 12:00:00,2031,11,6,NA,5.18126578933511,15.7170056298284
2031-11-07 12:00:00,2031,11,7,NA,3.45564895309498,18.8197937188554
2031-11-08 12:00:00,2031,11,8,NA,5.23244351051174,11.4519950831641
2031-11-09 12:00:00,2031,11,9,NA,9.01261869193723,15.5692648142499
2031-11-10 12:00:00,2031,11,10,NA,3.35612675689265,16.8213802309678
2031-11-11 12:00:00,2031,11,11,NA,4.73647559541234,16.0167026086015
2031-11-12 12:00:00,2031,11,12,NA,7.97201129527389,18.2003570001155
2031-11-13 12:00:00,2031,11,13,NA,10.0276835730241,16.339160462742
2031-11-14 12:00:00,2031,11,14,NA,7.91621035519044,17.2462398954424
2031-11-15 12:00:00,2031,11,15,NA,6.09549014377933,13.2679460322233
2031-11-16 12:00:00,2031,11,16,NA,5.43456046682231,13.6408549390281
2031-11-17 12:00:00,2031,11,17,NA,4.99339697242178,17.6956163772454
2031-11-18 12:00:00,2031,11,18,NA,6.08667445570684,20.0469050468547
2031-11-19 12:00:00,2031,11,19,NA,5.22655350677067,17.5438899655457
2031-11-20 12:00:00,2031,11,20,NA,3.65381608379584,19.0179608495563
2031-11-21 12:00:00,2031,11,21,NA,2.10936606077043,16.2828525438635
2031-11-22 12:00:00,2031,11,22,NA,3.14173055590349,9.16796120438747
2031-11-23 12:00:00,2031,11,23,NA,6.79161227604021,15.7043271006657
2031-11-24 12:00:00,2031,11,24,NA,0.5376645965565,13.7470958630465
2031-11-25 12:00:00,2031,11,25,NA,0.084903215257107,12.5246583171512
2031-11-26 12:00:00,2031,11,26,NA,1.56847256702929,8.29371424502983
2031-11-27 12:00:00,2031,11,27,NA,0.220386746036092,10.5508527812225
2031-11-28 12:00:00,2031,11,28,NA,0.284572196196496,10.4704576374462
2031-11-29 12:00:00,2031,11,29,NA,1.54701771352246,14.1762543001385
2031-11-30 12:00:00,2031,11,30,NA,-0.248353254367318,12.3086269654095
2031-12-01 12:00:00,2031,12,1,NA,0.261267125946356,10.2521042050581
2031-12-02 12:00:00,2031,12,2,NA,1.17741415508119,6.32201923409041
2031-12-03 12:00:00,2031,12,3,NA,0.0822012966638139,10.6309719163913
2031-12-04 12:00:00,2031,12,4,NA,0.264306162665576,11.384747797359
2031-12-05 12:00:00,2031,12,5,NA,6.21008580927437,14.0655008061229
2031-12-06 12:00:00,2031,12,6,NA,-3.66094209229776,6.19727319246916
2031-12-07 12:00:00,2031,12,7,NA,-3.22567074919347,6.60938441971477
2031-12-08 12:00:00,2031,12,8,NA,-4.52155288907258,9.85830528901584
2031-12-09 12:00:00,2031,12,9,NA,-1.5015693666296,10.9499818085004
2031-12-10 12:00:00,2031,12,10,NA,-1.92543023097223,8.78855860529404
2031-12-11 12:00:00,2031,12,11,NA,0.772389304949596,11.9607314464629
2031-12-12 12:00:00,2031,12,12,NA,0.515009657103431,8.7661167568689
2031-12-13 12:00:00,2031,12,13,NA,-2.43665166299787,7.00984551211029
2031-12-14 12:00:00,2031,12,14,NA,-1.55561805515488,3.54022395985326
2031-12-15 12:00:00,2031,12,15,NA,-1.24101640057934,4.10670263672228
2031-12-16 12:00:00,2031,12,16,NA,-3.79048557454179,4.06492942230674
2031-12-17 12:00:00,2031,12,17,NA,-2.94680095848564,7.29913830925124
2031-12-18 12:00:00,2031,12,18,NA,-7.00570985521563,1.98335956516771
2031-12-19 12:00:00,2031,12,19,NA,-7.63232986946084,4.12593540014205
2031-12-20 12:00:00,2031,12,20,NA,-5.42171780145861,5.81341627032181
2031-12-21 12:00:00,2031,12,21,NA,-0.308048942138383,1.71548176114826
2031-12-22 12:00:00,2031,12,22,NA,-0.671258728786974,6.41256801880843
2031-12-23 12:00:00,2031,12,23,NA,-1.82832391217992,7.32658507084747
2031-12-24 12:00:00,2031,12,24,NA,-1.66517348103065,6.36269846177484
2031-12-25 12:00:00,2031,12,25,NA,-3.24762654515092,5.17708442422632
2031-12-26 12:00:00,2031,12,26,NA,-3.41147398758663,1.75324713710153
2031-12-27 12:00:00,2031,12,27,NA,-4.26091947822919,1.74625011462641
2031-12-28 12:00:00,2031,12,28,NA,-3.4800452351817,4.87094152616524
2031-12-29 12:00:00,2031,12,29,NA,-5.80108481892977,4.46994232837299
2031-12-30 12:00:00,2031,12,30,NA,-6.58912934381548,6.77134343413301
2031-12-31 12:00:00,2031,12,31,NA,-2.45967016078927,9.78176613232255
2032-01-01 12:00:00,2032,1,1,NA,-0.756223955770438,13.4738619248669
2032-01-02 12:00:00,2032,1,2,NA,-2.35905789522905,6.23773956905995
2032-01-03 12:00:00,2032,1,3,NA,-3.65116441416448,4.95827764091545
2032-01-04 12:00:00,2032,1,4,NA,-3.99150232719592,5.16017031623063
2032-01-05 12:00:00,2032,1,5,NA,-3.53052909310406,4.82149561702019
2032-01-06 12:00:00,2032,1,6,NA,0.304456533575294,8.24193214395027
2032-01-07 12:00:00,2032,1,7,NA,-0.319789326506804,7.92564408099673
2032-01-08 12:00:00,2032,1,8,NA,0.555132661242915,4.88949124341948
2032-01-09 12:00:00,2032,1,9,NA,-3.46713100956511,4.57518981241497
2032-01-10 12:00:00,2032,1,10,NA,-4.05010602513519,2.48031007604018
2032-01-11 12:00:00,2032,1,11,NA,-4.23972713440677,0.283196034354732
2032-01-12 12:00:00,2032,1,12,NA,-8.03654048930301,1.00393550507184
2032-01-13 12:00:00,2032,1,13,NA,-5.92169521429383,8.33497911149108
2032-01-14 12:00:00,2032,1,14,NA,-1.39800432574316,9.41209973038563
2032-01-15 12:00:00,2032,1,15,NA,0.319143348647977,7.47759016754616
2032-01-16 12:00:00,2032,1,16,NA,0.61877751108977,6.777850692755
2032-01-17 12:00:00,2032,1,17,NA,-2.03939460954326,7.97246621386883
2032-01-18 12:00:00,2032,1,18,NA,-2.93443520684037,7.07360063373127
2032-01-19 12:00:00,2032,1,19,NA,-2.36836029848773,6.73634454056374
2032-01-20 12:00:00,2032,1,20,NA,-7.24073375880816,-1.08782253252028
2032-01-21 12:00:00,2032,1,21,NA,-8.09461553451097,-1.28287048495723
2032-01-22 12:00:00,2032,1,22,NA,-5.40086800277843,3.37581925440835
2032-01-23 12:00:00,2032,1,23,NA,-4.50519043939291,4.11344226982886
2032-01-24 12:00:00,2032,1,24,NA,-7.31151843505485,3.75492784320543
2032-01-25 12:00:00,2032,1,25,NA,-5.84196784502725,6.33068414396374
2032-01-26 12:00:00,2032,1,26,NA,-0.93161916901602,8.82082383316758
2032-01-27 12:00:00,2032,1,27,NA,-0.176223771611222,7.57158271843716
2032-01-28 12:00:00,2032,1,28,NA,-2.10661284064506,2.93385529344368
2032-01-29 12:00:00,2032,1,29,NA,-3.19392778886298,0.839776961808431
2032-01-30 12:00:00,2032,1,30,NA,-2.34975021251633,1.72049936882144
2032-01-31 12:00:00,2032,1,31,NA,-10.1695179437531,-7.37345749358867
2032-02-01 12:00:00,2032,2,1,NA,-9.43685091460626,-4.31944584557911
2032-02-02 12:00:00,2032,2,2,NA,-8.93025523507168,-1.48737859258404
2032-02-03 12:00:00,2032,2,3,NA,-8.52614320733432,2.99529827294673
2032-02-04 12:00:00,2032,2,4,NA,-5.04370871291028,5.56327020456912
2032-02-05 12:00:00,2032,2,5,NA,-5.73551393546547,7.75529926786979
2032-02-06 12:00:00,2032,2,6,NA,-4.65235258435453,6.86111069263271
2032-02-07 12:00:00,2032,2,7,NA,-4.54612905078452,9.80961856323204
2032-02-08 12:00:00,2032,2,8,NA,-2.80665158799897,8.90301104294241
2032-02-09 12:00:00,2032,2,9,NA,-1.7879069054203,9.18938208365764
2032-02-10 12:00:00,2032,2,10,NA,-2.84707418904176,8.78303562108973
2032-02-11 12:00:00,2032,2,11,NA,-6.90928723549565,3.69022801534167
2032-02-12 12:00:00,2032,2,12,NA,-7.43127691851817,6.0872298458865
2032-02-13 12:00:00,2032,2,13,NA,-5.63504688208557,4.62693879196116
2032-02-14 12:00:00,2032,2,14,NA,-8.10981819414101,9.58682765126941
2032-02-15 12:00:00,2032,2,15,NA,-6.04000800159821,10.6921705953292
2032-02-16 12:00:00,2032,2,16,NA,-5.02037880723123,11.0932281032424
2032-02-17 12:00:00,2032,2,17,NA,-6.17286368050509,6.7731634349064
2032-02-18 12:00:00,2032,2,18,NA,-3.33048588169144,12.0651512901951
2032-02-19 12:00:00,2032,2,19,NA,-5.89061091371704,5.45635358460284
2032-02-20 12:00:00,2032,2,20,NA,-0.680656093412624,12.3846805218596
2032-02-21 12:00:00,2032,2,21,NA,1.44842028578119,13.5610117796172
2032-02-22 12:00:00,2032,2,22,NA,1.55085476804523,15.1425331144463
2032-02-23 12:00:00,2032,2,23,NA,1.50961220496671,16.6472321448494
2032-02-24 12:00:00,2032,2,24,NA,0.554941455427706,14.9480111480984
2032-02-25 12:00:00,2032,2,25,NA,5.39348249699912,11.6462025120786
2032-02-26 12:00:00,2032,2,26,NA,3.33087619386932,14.911170528947
2032-02-27 12:00:00,2032,2,27,NA,1.46687584124212,14.6803274161299
2032-02-28 12:00:00,2032,2,28,NA,-2.75217197337342,5.70245076729762
2032-02-29 12:00:00,2032,2,29,NA,-1.53353446884074,4.09480833795508
2032-03-01 12:00:00,2032,3,1,NA,-4.47077491158922,11.8014843399353
2032-03-02 12:00:00,2032,3,2,NA,-1.3939157414717,14.2677988502938
2032-03-03 12:00:00,2032,3,3,NA,1.10194217662818,11.8642329637707
2032-03-04 12:00:00,2032,3,4,NA,-0.350610368414749,12.1367207017822
2032-03-05 12:00:00,2032,3,5,NA,-3.71911298353076,12.4309825877751
2032-03-06 12:00:00,2032,3,6,NA,2.06412411897358,11.6900505712653
2032-03-07 12:00:00,2032,3,7,NA,2.01528638846426,15.300183854759
2032-03-08 12:00:00,2032,3,8,NA,2.54850230682436,14.6059138208949
2032-03-09 12:00:00,2032,3,9,NA,-1.93199262228502,14.682258123361
2032-03-10 12:00:00,2032,3,10,NA,3.02034504235165,12.1670531683082
2032-03-11 12:00:00,2032,3,11,NA,2.65338380156863,18.5885083509586
2032-03-12 12:00:00,2032,3,12,NA,2.57872194322101,19.0661530228206
2032-03-13 12:00:00,2032,3,13,NA,3.11820414781352,12.2884987467234
2032-03-14 12:00:00,2032,3,14,NA,6.27117997194997,18.0997730867477
2032-03-15 12:00:00,2032,3,15,NA,7.5227478224148,19.3646953152733
2032-03-16 12:00:00,2032,3,16,NA,5.46987646880941,19.9928710070429
2032-03-17 12:00:00,2032,3,17,NA,2.95694937170594,17.1954387676213
2032-03-18 12:00:00,2032,3,18,NA,3.42017623093811,18.071201553043
2032-03-19 12:00:00,2032,3,19,NA,5.26829077295549,17.2060759004958
2032-03-20 12:00:00,2032,3,20,NA,9.62182772653282,16.2233279940173
2032-03-21 12:00:00,2032,3,21,NA,1.36276536389926,13.9357081270977
2032-03-22 12:00:00,2032,3,22,NA,5.50413067663856,19.9488077423023
2032-03-23 12:00:00,2032,3,23,NA,5.70541314874326,22.1542279731075
2032-03-24 12:00:00,2032,3,24,NA,8.2222766095884,24.7733131857439
2032-03-25 12:00:00,2032,3,25,NA,8.97524739253931,20.7526856289345
2032-03-26 12:00:00,2032,3,26,NA,5.97942625228318,16.8552321255962
2032-03-27 12:00:00,2032,3,27,NA,5.67240630237808,18.9723277378327
2032-03-28 12:00:00,2032,3,28,NA,4.44709536420447,12.8249895451105
2032-03-29 12:00:00,2032,3,29,NA,3.8807991406319,18.4929425076273
2032-03-30 12:00:00,2032,3,30,NA,1.88336439461796,15.4340395508001
2032-03-31 12:00:00,2032,3,31,NA,3.23256724360692,17.8652754152783
2032-04-01 12:00:00,2032,4,1,NA,7.05612193192018,19.9047179792817
2032-04-02 12:00:00,2032,4,2,NA,7.90975337495201,18.546876007753
2032-04-03 12:00:00,2032,4,3,NA,7.20184487477132,22.1191489557879
2032-04-04 12:00:00,2032,4,4,NA,7.48384836869641,19.9905710359609
2032-04-05 12:00:00,2032,4,5,NA,7.24052273944193,22.4706698930464
2032-04-06 12:00:00,2032,4,6,NA,6.72686280442862,25.1744615678174
2032-04-07 12:00:00,2032,4,7,NA,7.8832666129413,24.3130651123469
2032-04-08 12:00:00,2032,4,8,NA,10.6953812734834,18.6630097289721
2032-04-09 12:00:00,2032,4,9,NA,8.10378713967717,21.8903957404599
2032-04-10 12:00:00,2032,4,10,NA,9.83162516596133,19.9331905212936
2032-04-11 12:00:00,2032,4,11,NA,16.947541155902,19.6559507612185
2032-04-12 12:00:00,2032,4,12,NA,13.9777221613256,22.3619249393339
2032-04-13 12:00:00,2032,4,13,NA,10.6790156040071,23.5333737857323
2032-04-14 12:00:00,2032,4,14,NA,12.6447907777387,21.3649287667858
2032-04-15 12:00:00,2032,4,15,NA,11.4201695654996,18.3070794880181
2032-04-16 12:00:00,2032,4,16,NA,11.2866587398782,20.6128720904573
2032-04-17 12:00:00,2032,4,17,NA,9.65523895479656,21.4836930752557
2032-04-18 12:00:00,2032,4,18,NA,8.76247115542975,15.4806819712901
2032-04-19 12:00:00,2032,4,19,NA,8.05198014487394,24.6087301281743
2032-04-20 12:00:00,2032,4,20,NA,6.95271345738228,22.5953855909006
2032-04-21 12:00:00,2032,4,21,NA,8.40253290522206,24.0390153003587
2032-04-22 12:00:00,2032,4,22,NA,16.2632369577998,22.65799904698
2032-04-23 12:00:00,2032,4,23,NA,13.8682456566484,25.3793869082634
2032-04-24 12:00:00,2032,4,24,NA,14.9190250584952,28.6659264687619
2032-04-25 12:00:00,2032,4,25,NA,14.3205056114,27.5972433343471
2032-04-26 12:00:00,2032,4,26,NA,14.3607297212255,24.8368439144971
2032-04-27 12:00:00,2032,4,27,NA,14.6521042601565,19.5769849978324
2032-04-28 12:00:00,2032,4,28,NA,13.5577463971929,17.6360267493049
2032-04-29 12:00:00,2032,4,29,NA,12.1845421792123,23.1070833619469
2032-04-30 12:00:00,2032,4,30,NA,10.4772981310158,16.2861789709614
2032-05-01 12:00:00,2032,5,1,NA,11.0561872370689,20.876216942926
2032-05-02 12:00:00,2032,5,2,NA,9.028012874726,26.4379513520027
2032-05-03 12:00:00,2032,5,3,NA,8.8453338401977,20.0643412448498
2032-05-04 12:00:00,2032,5,4,NA,10.1449057451507,23.2399519039361
2032-05-05 12:00:00,2032,5,5,NA,8.19901712766473,21.6690704848433
2032-05-06 12:00:00,2032,5,6,NA,7.37129426717176,23.2778071534102
2032-05-07 12:00:00,2032,5,7,NA,9.62204834493384,24.4037376214248
2032-05-08 12:00:00,2032,5,8,NA,9.58388890853399,22.2537643181563
2032-05-09 12:00:00,2032,5,9,NA,8.42759692948247,18.3804188508512
2032-05-10 12:00:00,2032,5,10,NA,8.86673498197079,23.4246138689213
2032-05-11 12:00:00,2032,5,11,NA,9.34734886687654,28.9278912238202
2032-05-12 12:00:00,2032,5,12,NA,10.4665282784998,24.3252858347176
2032-05-13 12:00:00,2032,5,13,NA,14.4880194794268,23.4105099477538
2032-05-14 12:00:00,2032,5,14,NA,12.3819791208107,26.5540250697232
2032-05-15 12:00:00,2032,5,15,NA,12.6968804931092,30.4713448775488
2032-05-16 12:00:00,2032,5,16,NA,13.864414328606,29.2240657984277
2032-05-17 12:00:00,2032,5,17,NA,13.8453229084291,28.2367078730774
2032-05-18 12:00:00,2032,5,18,NA,16.2816276903874,27.3112390934508
2032-05-19 12:00:00,2032,5,19,NA,14.3340993734839,19.7204180117637
2032-05-20 12:00:00,2032,5,20,NA,15.8924936211457,22.8465402138515
2032-05-21 12:00:00,2032,5,21,NA,16.7440295451107,22.9499133579005
2032-05-22 12:00:00,2032,5,22,NA,17.1849435864375,21.6928586501575
2032-05-23 12:00:00,2032,5,23,NA,16.083176216403,24.6419722953406
2032-05-24 12:00:00,2032,5,24,NA,14.3715106272566,27.0247608021698
2032-05-25 12:00:00,2032,5,25,NA,14.1082764590528,28.7763218901433
2032-05-26 12:00:00,2032,5,26,NA,14.7654813715278,24.8029280061627
2032-05-27 12:00:00,2032,5,27,NA,12.8510688930362,22.4175901433069
2032-05-28 12:00:00,2032,5,28,NA,12.6197940323754,28.6524290931549
2032-05-29 12:00:00,2032,5,29,NA,15.8323073471462,28.5335522423517
2032-05-30 12:00:00,2032,5,30,NA,17.5384177626888,33.5122326578662
2032-05-31 12:00:00,2032,5,31,NA,17.3880049451583,33.0627742911965
2032-06-01 12:00:00,2032,6,1,NA,21.9348204163592,30.0282994071363
2032-06-02 12:00:00,2032,6,2,NA,21.1171078453042,26.0098203241769
2032-06-03 12:00:00,2032,6,3,NA,17.9289514098315,29.930724853594
2032-06-04 12:00:00,2032,6,4,NA,18.6638450553411,31.9260891568854
2032-06-05 12:00:00,2032,6,5,NA,18.4639696228187,32.971892940481
2032-06-06 12:00:00,2032,6,6,NA,18.3799790996208,31.9705778292277
2032-06-07 12:00:00,2032,6,7,NA,22.5294441402039,31.4700087074093
2032-06-08 12:00:00,2032,6,8,NA,22.068999708556,32.4925469881664
2032-06-09 12:00:00,2032,6,9,NA,23.1571319513505,30.577383447726
2032-06-10 12:00:00,2032,6,10,NA,21.3037189305431,29.940004089056
2032-06-11 12:00:00,2032,6,11,NA,20.4876317232141,30.3300724446924
2032-06-12 12:00:00,2032,6,12,NA,21.9167548212756,27.7257060765796
2032-06-13 12:00:00,2032,6,13,NA,19.9264883570545,32.4702532704101
2032-06-14 12:00:00,2032,6,14,NA,19.3176489090886,33.450698852323
2032-06-15 12:00:00,2032,6,15,NA,21.0796570128656,32.7449959857101
2032-06-16 12:00:00,2032,6,16,NA,21.9671975068899,33.0232425160847
2032-06-17 12:00:00,2032,6,17,NA,21.0927427591418,33.904661328843
2032-06-18 12:00:00,2032,6,18,NA,22.4810426162601,34.5446796615883
2032-06-19 12:00:00,2032,6,19,NA,20.9737173043075,34.9633006885946
2032-06-20 12:00:00,2032,6,20,NA,21.8111808039001,33.8391823665693
2032-06-21 12:00:00,2032,6,21,NA,24.6043809998535,30.5182477711234
2032-06-22 12:00:00,2032,6,22,NA,24.3290814890054,31.4045789557107
2032-06-23 12:00:00,2032,6,23,NA,21.43002806514,33.5117649198072
2032-06-24 12:00:00,2032,6,24,NA,22.0557826632436,32.479329942854
2032-06-25 12:00:00,2032,6,25,NA,22.4729982252867,30.3057553183011
2032-06-26 12:00:00,2032,6,26,NA,22.2000286817515,29.620280178127
2032-06-27 12:00:00,2032,6,27,NA,22.6954166667815,25.769914506858
2032-06-28 12:00:00,2032,6,28,NA,23.041418721328,28.7262861986418
2032-06-29 12:00:00,2032,6,29,NA,21.981289290611,25.7849592282644
2032-06-30 12:00:00,2032,6,30,NA,20.5769836678397,28.6625497642229
2032-07-01 12:00:00,2032,7,1,NA,19.7225498389416,33.5861354916748
2032-07-02 12:00:00,2032,7,2,NA,20.3339591659223,35.4255485942712
2032-07-03 12:00:00,2032,7,3,NA,23.4259252847571,32.1877453933007
2032-07-04 12:00:00,2032,7,4,NA,24.6695224307664,31.5981806747491
2032-07-05 12:00:00,2032,7,5,NA,23.1960947902191,31.7494917824539
2032-07-06 12:00:00,2032,7,6,NA,24.144468886829,28.0386748161901
2032-07-07 12:00:00,2032,7,7,NA,23.4167371937129,30.0868014392262
2032-07-08 12:00:00,2032,7,8,NA,22.3525585946108,27.2397326216559
2032-07-09 12:00:00,2032,7,9,NA,24.1396730047559,32.1964929602977
2032-07-10 12:00:00,2032,7,10,NA,22.3550284985263,30.2135361481543
2032-07-11 12:00:00,2032,7,11,NA,26.3442998296119,29.2489044630813
2032-07-12 12:00:00,2032,7,12,NA,23.9177843465077,32.0394178654739
2032-07-13 12:00:00,2032,7,13,NA,23.2519654152999,29.9973744237117
2032-07-14 12:00:00,2032,7,14,NA,24.877244991644,32.9236357087008
2032-07-15 12:00:00,2032,7,15,NA,23.8326928222907,34.8466728508045
2032-07-16 12:00:00,2032,7,16,NA,22.2069672351789,31.7792362173754
2032-07-17 12:00:00,2032,7,17,NA,24.8878224223398,31.668839999519
2032-07-18 12:00:00,2032,7,18,NA,24.9543776289275,32.5429076358554
2032-07-19 12:00:00,2032,7,19,NA,25.6047200366701,32.6058205923705
2032-07-20 12:00:00,2032,7,20,NA,25.580800369396,32.484773257754
2032-07-21 12:00:00,2032,7,21,NA,23.0869132587736,29.9501903679086
2032-07-22 12:00:00,2032,7,22,NA,22.4143581618551,32.55983996244
2032-07-23 12:00:00,2032,7,23,NA,23.0177533877817,34.5199498548167
2032-07-24 12:00:00,2032,7,24,NA,24.5385164829909,34.8851940338913
2032-07-25 12:00:00,2032,7,25,NA,23.0964206782303,25.8525346983054
2032-07-26 12:00:00,2032,7,26,NA,22.0738814413598,30.8112353516519
2032-07-27 12:00:00,2032,7,27,NA,24.6487799092328,31.3173553900076
2032-07-28 12:00:00,2032,7,28,NA,25.4916781705819,31.9966691261979
2032-07-29 12:00:00,2032,7,29,NA,27.1907973531337,30.8110079568583
2032-07-30 12:00:00,2032,7,30,NA,26.8792065774273,31.1108296006184
2032-07-31 12:00:00,2032,7,31,NA,25.7273832326706,32.0247282537935
2032-08-01 12:00:00,2032,8,1,NA,24.9981287030346,34.5703976852312
2032-08-02 12:00:00,2032,8,2,NA,25.0706072070668,30.5219407443061
2032-08-03 12:00:00,2032,8,3,NA,24.0111165107344,29.7719108479709
2032-08-04 12:00:00,2032,8,4,NA,22.0135113583616,28.9590693467374
2032-08-05 12:00:00,2032,8,5,NA,23.2837341132412,30.6074508746052
2032-08-06 12:00:00,2032,8,6,NA,22.1306183722392,33.5538764498382
2032-08-07 12:00:00,2032,8,7,NA,24.2094051881866,34.7726689042643
2032-08-08 12:00:00,2032,8,8,NA,25.9214048426937,32.9720312294982
2032-08-09 12:00:00,2032,8,9,NA,21.1414535388369,27.5038516520279
2032-08-10 12:00:00,2032,8,10,NA,23.7198259597567,34.2957670762065
2032-08-11 12:00:00,2032,8,11,NA,20.7687987159977,28.1045019137623
2032-08-12 12:00:00,2032,8,12,NA,22.1421434035945,32.9219783470145
2032-08-13 12:00:00,2032,8,13,NA,23.7922632584119,34.7894317755463
2032-08-14 12:00:00,2032,8,14,NA,25.670919501555,36.6182007476695
2032-08-15 12:00:00,2032,8,15,NA,26.1662264834264,35.32650349682
2032-08-16 12:00:00,2032,8,16,NA,26.7375573509305,34.7448710476918
2032-08-17 12:00:00,2032,8,17,NA,27.4412455902204,35.1478146550149
2032-08-18 12:00:00,2032,8,18,NA,24.0372595448075,32.1250758028623
2032-08-19 12:00:00,2032,8,19,NA,22.2953819033573,32.859524323918
2032-08-20 12:00:00,2032,8,20,NA,25.6330511504289,33.3222049898044
2032-08-21 12:00:00,2032,8,21,NA,26.2423021234851,30.1484092572066
2032-08-22 12:00:00,2032,8,22,NA,21.6258482095182,29.8188206278277
2032-08-23 12:00:00,2032,8,23,NA,23.2091250717705,34.2904148560204
2032-08-24 12:00:00,2032,8,24,NA,23.4340431568129,33.9216076116683
2032-08-25 12:00:00,2032,8,25,NA,22.7309906610926,30.6915269874173
2032-08-26 12:00:00,2032,8,26,NA,21.9966460623658,28.0320417226543
2032-08-27 12:00:00,2032,8,27,NA,21.6627632353955,30.5730968651187
2032-08-28 12:00:00,2032,8,28,NA,23.8012176648814,32.8026593929236
2032-08-29 12:00:00,2032,8,29,NA,22.2047573228237,29.7606870103404
2032-08-30 12:00:00,2032,8,30,NA,23.2341368265104,29.7535943444954
2032-08-31 12:00:00,2032,8,31,NA,22.8766556557906,32.3988007576204
2032-09-01 12:00:00,2032,9,1,NA,22.3322249540379,31.0056875805941
2032-09-02 12:00:00,2032,9,2,NA,22.382983199993,25.5306833556869
2032-09-03 12:00:00,2032,9,3,NA,20.8834153019136,27.3841061998443
2032-09-04 12:00:00,2032,9,4,NA,19.9146112445871,30.1723713970168
2032-09-05 12:00:00,2032,9,5,NA,19.6700123577888,30.7084783464819
2032-09-06 12:00:00,2032,9,6,NA,17.3744707870296,27.6322309394593
2032-09-07 12:00:00,2032,9,7,NA,16.7667950645978,26.1720469156843
2032-09-08 12:00:00,2032,9,8,NA,16.2463045138225,27.8995071943133
2032-09-09 12:00:00,2032,9,9,NA,17.3781288723443,25.9625066113866
2032-09-10 12:00:00,2032,9,10,NA,15.8153293467874,25.909952221411
2032-09-11 12:00:00,2032,9,11,NA,16.3046834903434,28.8853431497151
2032-09-12 12:00:00,2032,9,12,NA,21.1881769242756,28.8587563189471
2032-09-13 12:00:00,2032,9,13,NA,18.2675330361118,25.7382305696267
2032-09-14 12:00:00,2032,9,14,NA,16.5103723441689,24.421104899778
2032-09-15 12:00:00,2032,9,15,NA,16.6964591421407,26.2789001850243
2032-09-16 12:00:00,2032,9,16,NA,17.1471706917675,28.8781661881466
2032-09-17 12:00:00,2032,9,17,NA,18.2459459163947,25.9130943809194
2032-09-18 12:00:00,2032,9,18,NA,17.4049637151313,19.2190086667181
2032-09-19 12:00:00,2032,9,19,NA,15.7593262438912,21.6889476438499
2032-09-20 12:00:00,2032,9,20,NA,15.9789064224479,25.5666889354545
2032-09-21 12:00:00,2032,9,21,NA,16.1031961471667,26.4606592295247
2032-09-22 12:00:00,2032,9,22,NA,16.6339982142146,23.7822672654187
2032-09-23 12:00:00,2032,9,23,NA,16.1492422104095,22.7783776643299
2032-09-24 12:00:00,2032,9,24,NA,16.0648784691536,21.6259300796421
2032-09-25 12:00:00,2032,9,25,NA,18.7476668990998,25.7985427832182
2032-09-26 12:00:00,2032,9,26,NA,17.9696537045806,27.262785097733
2032-09-27 12:00:00,2032,9,27,NA,15.3643973971433,29.3373618463648
2032-09-28 12:00:00,2032,9,28,NA,18.2706607871443,24.734747866349
2032-09-29 12:00:00,2032,9,29,NA,18.6212766638113,22.3588514547813
2032-09-30 12:00:00,2032,9,30,NA,17.3493998017656,19.2741637405678
2032-10-01 12:00:00,2032,10,1,NA,16.1728601491877,19.7992201564299
2032-10-02 12:00:00,2032,10,2,NA,16.1480486524067,26.9950843208044
2032-10-03 12:00:00,2032,10,3,NA,13.8166712198346,20.1226902082122
2032-10-04 12:00:00,2032,10,4,NA,11.6375121267977,25.3539049525091
2032-10-05 12:00:00,2032,10,5,NA,11.5141030308713,26.3824074082879
2032-10-06 12:00:00,2032,10,6,NA,12.2488355993625,24.2310953150832
2032-10-07 12:00:00,2032,10,7,NA,10.8704042750811,24.7192652734563
2032-10-08 12:00:00,2032,10,8,NA,8.55993706694132,20.7264017514737
2032-10-09 12:00:00,2032,10,9,NA,9.16998352833747,24.571181394359
2032-10-10 12:00:00,2032,10,10,NA,10.5513972633083,23.7220040528969
2032-10-11 12:00:00,2032,10,11,NA,11.4097543746385,27.0062999266401
2032-10-12 12:00:00,2032,10,12,NA,10.8242023636738,22.6488523612431
2032-10-13 12:00:00,2032,10,13,NA,14.0773746381936,25.7005846695274
2032-10-14 12:00:00,2032,10,14,NA,12.3289325200437,27.4895743545413
2032-10-15 12:00:00,2032,10,15,NA,16.1379835886874,24.5237099040826
2032-10-16 12:00:00,2032,10,16,NA,16.1240811242315,23.9594461923788
2032-10-17 12:00:00,2032,10,17,NA,14.0829152281944,27.3509733515872
2032-10-18 12:00:00,2032,10,18,NA,12.5576530621487,29.0816759461532
2032-10-19 12:00:00,2032,10,19,NA,11.0774193087016,27.651267656108
2032-10-20 12:00:00,2032,10,20,NA,12.0166909831842,26.7620981905756
2032-10-21 12:00:00,2032,10,21,NA,9.57395097424991,21.1657987653442
2032-10-22 12:00:00,2032,10,22,NA,9.90715051683273,23.6235433425442
2032-10-23 12:00:00,2032,10,23,NA,8.83604551732533,23.9323124878536
2032-10-24 12:00:00,2032,10,24,NA,9.83088052052051,21.5686924626536
2032-10-25 12:00:00,2032,10,25,NA,10.6043296630339,24.3650129572331
2032-10-26 12:00:00,2032,10,26,NA,10.2361481925025,21.23883022259
2032-10-27 12:00:00,2032,10,27,NA,8.62067518889416,18.8960446064218
2032-10-28 12:00:00,2032,10,28,NA,12.063203531882,20.6752999419202
2032-10-29 12:00:00,2032,10,29,NA,11.5359773606222,23.5899860504528
2032-10-30 12:00:00,2032,10,30,NA,9.29311642492429,22.0477971207337
2032-10-31 12:00:00,2032,10,31,NA,11.4861095580245,17.904956604244
2032-11-01 12:00:00,2032,11,1,NA,8.91858888889924,20.4755753753071
2032-11-02 12:00:00,2032,11,2,NA,8.96162994962804,23.4866509299091
2032-11-03 12:00:00,2032,11,3,NA,9.97540241193326,22.989117496393
2032-11-04 12:00:00,2032,11,4,NA,12.6326655207777,20.0404923497165
2032-11-05 12:00:00,2032,11,5,NA,9.75064350068857,19.4545677787655
2032-11-06 12:00:00,2032,11,6,NA,10.9043215355887,19.1853142420203
2032-11-07 12:00:00,2032,11,7,NA,9.26558374295413,15.4226309006285
2032-11-08 12:00:00,2032,11,8,NA,5.3178943663353,16.8402965281118
2032-11-09 12:00:00,2032,11,9,NA,6.65973929803317,19.21671951781
2032-11-10 12:00:00,2032,11,10,NA,4.58906155161905,18.4208470642402
2032-11-11 12:00:00,2032,11,11,NA,0.5471082175779,16.619269536457
2032-11-12 12:00:00,2032,11,12,NA,0.808031787017928,17.084935663914
2032-11-13 12:00:00,2032,11,13,NA,1.26330803129298,18.6214074497649
2032-11-14 12:00:00,2032,11,14,NA,0.345307771897194,8.6054950147605
2032-11-15 12:00:00,2032,11,15,NA,0.467097134287068,8.34766073766074
2032-11-16 12:00:00,2032,11,16,NA,1.69024273249126,14.9460557879255
2032-11-17 12:00:00,2032,11,17,NA,7.39766274615508,12.5824293359703
2032-11-18 12:00:00,2032,11,18,NA,4.37057915106914,17.2499809875559
2032-11-19 12:00:00,2032,11,19,NA,7.70905902244232,14.8493648653272
2032-11-20 12:00:00,2032,11,20,NA,7.57760862185966,15.7691179280953
2032-11-21 12:00:00,2032,11,21,NA,4.22715870521375,7.33245973371621
2032-11-22 12:00:00,2032,11,22,NA,1.67127534326921,13.0348520745288
2032-11-23 12:00:00,2032,11,23,NA,0.697351578729553,15.664362028595
2032-11-24 12:00:00,2032,11,24,NA,3.20819445623147,13.3988477379355
2032-11-25 12:00:00,2032,11,25,NA,3.20585270008141,14.4261802590265
2032-11-26 12:00:00,2032,11,26,NA,3.41094058372871,9.56798774140304
2032-11-27 12:00:00,2032,11,27,NA,0.471568470755819,13.4852835552156
2032-11-28 12:00:00,2032,11,28,NA,1.31971227336854,17.8763002955911
2032-11-29 12:00:00,2032,11,29,NA,0.712672604721166,10.0320367553922
2032-11-30 12:00:00,2032,11,30,NA,1.29370476473718,12.1452679398215
2032-12-01 12:00:00,2032,12,1,NA,2.17030278725947,15.4238371241378
2032-12-02 12:00:00,2032,12,2,NA,3.48644751194876,14.4570785467604
2032-12-03 12:00:00,2032,12,3,NA,0.291167938621519,11.4131327948517
2032-12-04 12:00:00,2032,12,4,NA,0.705653003363464,7.66757402172117
2032-12-05 12:00:00,2032,12,5,NA,-2.88692907040131,2.89541325592543
2032-12-06 12:00:00,2032,12,6,NA,-2.6049255692181,5.81978540015913
2032-12-07 12:00:00,2032,12,7,NA,-1.56004386448064,11.6856914990903
2032-12-08 12:00:00,2032,12,8,NA,1.3494406483219,12.6379306648756
2032-12-09 12:00:00,2032,12,9,NA,3.34016229959318,14.6511469088473
2032-12-10 12:00:00,2032,12,10,NA,4.59952806876631,10.7657719779627
2032-12-11 12:00:00,2032,12,11,NA,6.19556748378843,10.0477954233817
2032-12-12 12:00:00,2032,12,12,NA,4.89363095134141,10.2595650978702
2032-12-13 12:00:00,2032,12,13,NA,10.0441854207072,14.4633365495006
2032-12-14 12:00:00,2032,12,14,NA,4.42818771802369,13.5222233840715
2032-12-15 12:00:00,2032,12,15,NA,1.57064164821637,9.69768861086486
2032-12-16 12:00:00,2032,12,16,NA,0.0502172826315812,14.6946057313876
2032-12-17 12:00:00,2032,12,17,NA,-1.73563232400679,11.5699910379458
2032-12-18 12:00:00,2032,12,18,NA,-1.28425886116215,7.93221967224484
2032-12-19 12:00:00,2032,12,19,NA,1.11721957162704,7.25545260572924
2032-12-20 12:00:00,2032,12,20,NA,-1.61334657117174,10.3469803225008
2032-12-21 12:00:00,2032,12,21,NA,1.72131447354927,13.1424408434345
2032-12-22 12:00:00,2032,12,22,NA,3.50943443731657,18.050355487648
2032-12-23 12:00:00,2032,12,23,NA,1.69552650367015,11.8395860543297
2032-12-24 12:00:00,2032,12,24,NA,0.625302494296417,7.83925080680816
2032-12-25 12:00:00,2032,12,25,NA,0.0847662580519692,8.23273965973381
2032-12-26 12:00:00,2032,12,26,NA,0.557326103849111,11.6637077285737
2032-12-27 12:00:00,2032,12,27,NA,-3.6658727999887,8.53364905712284
2032-12-28 12:00:00,2032,12,28,NA,-1.46657742997463,11.0234722102738
2032-12-29 12:00:00,2032,12,29,NA,-3.23677831645348,5.97174023052623
2032-12-30 12:00:00,2032,12,30,NA,-3.19011786011445,5.5092792497545
2032-12-31 12:00:00,2032,12,31,NA,-4.61120869637131,4.59536287056557
2033-01-01 12:00:00,2033,1,1,NA,-8.44992104015762,-0.877306233769361
2033-01-02 12:00:00,2033,1,2,NA,-6.26917306557063,4.11526146267619
2033-01-03 12:00:00,2033,1,3,NA,-5.44694310395655,9.7497214491297
2033-01-04 12:00:00,2033,1,4,NA,-2.48850756683244,12.4595112544764
2033-01-05 12:00:00,2033,1,5,NA,-0.793911931295368,11.1022361260883
2033-01-06 12:00:00,2033,1,6,NA,-2.71156953200289,12.1423090514409
2033-01-07 12:00:00,2033,1,7,NA,-4.87194214080782,3.83630983991131
2033-01-08 12:00:00,2033,1,8,NA,-7.0852938282864,0.710048587390064
2033-01-09 12:00:00,2033,1,9,NA,-2.73519155655439,3.47943554041762
2033-01-10 12:00:00,2033,1,10,NA,-3.54035783554852,10.5425800437453
2033-01-11 12:00:00,2033,1,11,NA,1.39468098709408,10.2885936665264
2033-01-12 12:00:00,2033,1,12,NA,-0.0154901933504314,9.15318482484517
2033-01-13 12:00:00,2033,1,13,NA,-1.24988422253641,7.36874848668535
2033-01-14 12:00:00,2033,1,14,NA,-4.28045728565921,2.60622620856459
2033-01-15 12:00:00,2033,1,15,NA,-5.36603920386037,-0.325571069771634
2033-01-16 12:00:00,2033,1,16,NA,-7.63188599306609,1.45373628124648
2033-01-17 12:00:00,2033,1,17,NA,-6.20584386527241,0.366540124900611
2033-01-18 12:00:00,2033,1,18,NA,-5.768979819094,-0.707933877904494
2033-01-19 12:00:00,2033,1,19,NA,-0.913563031775004,4.93044947476191
2033-01-20 12:00:00,2033,1,20,NA,-4.23495117814627,7.32871371598525
2033-01-21 12:00:00,2033,1,21,NA,-3.14546435209622,9.19125577357077
2033-01-22 12:00:00,2033,1,22,NA,-1.90386749446701,11.3561444887158
2033-01-23 12:00:00,2033,1,23,NA,-1.10209597578315,11.5658023352427
2033-01-24 12:00:00,2033,1,24,NA,1.27738331736569,12.7816959391928
2033-01-25 12:00:00,2033,1,25,NA,2.02449099549349,10.6705263962004
2033-01-26 12:00:00,2033,1,26,NA,2.69662875070007,13.313221502516
2033-01-27 12:00:00,2033,1,27,NA,-1.43032678490298,3.29601233841655
2033-01-28 12:00:00,2033,1,28,NA,-2.11303481186732,7.20150540627688
2033-01-29 12:00:00,2033,1,29,NA,-2.54186187200559,6.54624287622282
2033-01-30 12:00:00,2033,1,30,NA,1.15400744088339,11.9439792231744
2033-01-31 12:00:00,2033,1,31,NA,3.32286485312697,9.85614377900397
2033-02-01 12:00:00,2033,2,1,NA,1.96452355000794,6.03466457133032
2033-02-02 12:00:00,2033,2,2,NA,0.778314537580432,5.81319068057224
2033-02-03 12:00:00,2033,2,3,NA,-5.80563170008113,3.30654432529425
2033-02-04 12:00:00,2033,2,4,NA,-2.44741977679261,8.31369867928452
2033-02-05 12:00:00,2033,2,5,NA,2.24341144274608,11.83395421521
2033-02-06 12:00:00,2033,2,6,NA,-0.84221346530547,14.1454363896123
2033-02-07 12:00:00,2033,2,7,NA,6.35861880492976,10.8385211362854
2033-02-08 12:00:00,2033,2,8,NA,7.25429937814216,13.1899491486125
2033-02-09 12:00:00,2033,2,9,NA,4.1825715502962,15.5937219237976
2033-02-10 12:00:00,2033,2,10,NA,4.48862739011663,11.9165270147922
2033-02-11 12:00:00,2033,2,11,NA,2.62445418575173,12.5722129385865
2033-02-12 12:00:00,2033,2,12,NA,1.41460341863979,13.9487761183756
2033-02-13 12:00:00,2033,2,13,NA,3.2823307694112,12.0691984550026
2033-02-14 12:00:00,2033,2,14,NA,-0.27004292474986,11.2128959612309
2033-02-15 12:00:00,2033,2,15,NA,0.995545445148612,14.0941652466713
2033-02-16 12:00:00,2033,2,16,NA,1.32958943648477,13.1319436958897
2033-02-17 12:00:00,2033,2,17,NA,0.464147972007157,11.2170938612768
2033-02-18 12:00:00,2033,2,18,NA,-2.40586370017755,6.62370451693795
2033-02-19 12:00:00,2033,2,19,NA,-3.92772243937263,8.30017692731422
2033-02-20 12:00:00,2033,2,20,NA,-3.47924587336058,5.29369557448971
2033-02-21 12:00:00,2033,2,21,NA,-2.65629706052338,7.8235120975621
2033-02-22 12:00:00,2033,2,22,NA,-5.52845189668537,1.77405402621771
2033-02-23 12:00:00,2033,2,23,NA,-7.49048869936093,2.58430926580267
2033-02-24 12:00:00,2033,2,24,NA,-8.17374771462463,4.27928752325978
2033-02-25 12:00:00,2033,2,25,NA,-5.2618606610919,10.8517462493817
2033-02-26 12:00:00,2033,2,26,NA,-3.38722626958303,7.08861793980676
2033-02-27 12:00:00,2033,2,27,NA,-0.0829703780130622,11.4225911065531
2033-02-28 12:00:00,2033,2,28,NA,0.457049039662562,10.5261648296652
2033-03-01 12:00:00,2033,3,1,NA,4.59032890614648,16.8672509787397
2033-03-02 12:00:00,2033,3,2,NA,1.00657072940694,6.82275766381108
2033-03-03 12:00:00,2033,3,3,NA,-1.51870655815001,6.65604169217493
2033-03-04 12:00:00,2033,3,4,NA,-3.06569442083752,0.956045779222696
2033-03-05 12:00:00,2033,3,5,NA,-3.23341094393669,5.82065601847796
2033-03-06 12:00:00,2033,3,6,NA,-1.93915012175655,3.04359940836045
2033-03-07 12:00:00,2033,3,7,NA,-1.85035578652451,6.32439246380043
2033-03-08 12:00:00,2033,3,8,NA,-4.19909346272751,2.94353545477296
2033-03-09 12:00:00,2033,3,9,NA,-5.10180397761134,5.28082169686019
2033-03-10 12:00:00,2033,3,10,NA,-3.50658682556175,10.6807459676907
2033-03-11 12:00:00,2033,3,11,NA,-3.12879613771934,10.2360025909053
2033-03-12 12:00:00,2033,3,12,NA,1.26642251016125,9.25386855644802
2033-03-13 12:00:00,2033,3,13,NA,2.24030519632478,9.04059216972499
2033-03-14 12:00:00,2033,3,14,NA,1.36567343169315,11.3569487995992
2033-03-15 12:00:00,2033,3,15,NA,1.49814254974979,15.6000398593058
2033-03-16 12:00:00,2033,3,16,NA,1.21491672895197,16.5430557526187
2033-03-17 12:00:00,2033,3,17,NA,1.44329965613035,16.5987870424269
2033-03-18 12:00:00,2033,3,18,NA,2.59508941699959,18.4102267432142
2033-03-19 12:00:00,2033,3,19,NA,-3.33979265876958,21.5731829139351
2033-03-20 12:00:00,2033,3,20,NA,2.37030985794368,18.8191246823079
2033-03-21 12:00:00,2033,3,21,NA,4.82311570568737,16.9700612812771
2033-03-22 12:00:00,2033,3,22,NA,6.29649248802981,13.0869839887663
2033-03-23 12:00:00,2033,3,23,NA,6.79989629706458,10.7897752285235
2033-03-24 12:00:00,2033,3,24,NA,3.14905866030884,13.597249349943
2033-03-25 12:00:00,2033,3,25,NA,6.54184270160938,13.1394714019733
2033-03-26 12:00:00,2033,3,26,NA,3.14889848161625,17.3362312748687
2033-03-27 12:00:00,2033,3,27,NA,5.71771719735204,22.4996652109974
2033-03-28 12:00:00,2033,3,28,NA,3.21946578048199,17.7112955202987
2033-03-29 12:00:00,2033,3,29,NA,2.63917406346621,13.5149799367792
2033-03-30 12:00:00,2033,3,30,NA,2.73622035169787,16.4402103713118
2033-03-31 12:00:00,2033,3,31,NA,8.19237569039321,15.260754797142
2033-04-01 12:00:00,2033,4,1,NA,9.10893915995462,20.1769834101476
2033-04-02 12:00:00,2033,4,2,NA,7.36381683441341,23.5139124057193
2033-04-03 12:00:00,2033,4,3,NA,7.60425561734456,21.3578129862507
2033-04-04 12:00:00,2033,4,4,NA,6.58583406095268,21.7629043868955
2033-04-05 12:00:00,2033,4,5,NA,7.02516332190063,20.1029854566813
2033-04-06 12:00:00,2033,4,6,NA,8.30990098646127,22.1627887620111
2033-04-07 12:00:00,2033,4,7,NA,8.26518158365297,22.104883010091
2033-04-08 12:00:00,2033,4,8,NA,4.41315485779551,17.3382392174445
2033-04-09 12:00:00,2033,4,9,NA,8.54525721288486,25.9109953831633
2033-04-10 12:00:00,2033,4,10,NA,6.37470918607742,21.1098428294876
2033-04-11 12:00:00,2033,4,11,NA,5.49869261395233,21.8135949904559
2033-04-12 12:00:00,2033,4,12,NA,9.2353895534104,23.7666227413232
2033-04-13 12:00:00,2033,4,13,NA,9.69202708666623,19.1011125724783
2033-04-14 12:00:00,2033,4,14,NA,8.96640911990019,15.7422642305447
2033-04-15 12:00:00,2033,4,15,NA,3.14489622788121,21.6533605057664
2033-04-16 12:00:00,2033,4,16,NA,4.12231617232942,19.6925550561842
2033-04-17 12:00:00,2033,4,17,NA,9.45870486065762,19.15535150861
2033-04-18 12:00:00,2033,4,18,NA,12.0626533755295,20.8098802420616
2033-04-19 12:00:00,2033,4,19,NA,14.2042870255063,27.1175142865269
2033-04-20 12:00:00,2033,4,20,NA,14.8619014542357,23.2440493886593
2033-04-21 12:00:00,2033,4,21,NA,13.2100866115245,18.1349673492003
2033-04-22 12:00:00,2033,4,22,NA,9.93308555138413,20.6174599346044
2033-04-23 12:00:00,2033,4,23,NA,10.1441657918583,27.1299527927898
2033-04-24 12:00:00,2033,4,24,NA,10.6993547710579,24.452912139964
2033-04-25 12:00:00,2033,4,25,NA,13.4035866098014,17.3309277369674
2033-04-26 12:00:00,2033,4,26,NA,9.01831030680981,14.5374520702988
2033-04-27 12:00:00,2033,4,27,NA,6.83268155824587,14.3719846457939
2033-04-28 12:00:00,2033,4,28,NA,8.89203231146783,15.1838599903511
2033-04-29 12:00:00,2033,4,29,NA,7.54422146734166,17.5631091294652
2033-04-30 12:00:00,2033,4,30,NA,8.45049340881307,21.2676761643403
2033-05-01 12:00:00,2033,5,1,NA,9.90536645473613,24.1032696735901
2033-05-02 12:00:00,2033,5,2,NA,15.8701625040855,28.0702147050707
2033-05-03 12:00:00,2033,5,3,NA,16.8609294049567,22.806669340089
2033-05-04 12:00:00,2033,5,4,NA,16.1887250032637,25.1829883009033
2033-05-05 12:00:00,2033,5,5,NA,14.6515444124391,26.4872780427331
2033-05-06 12:00:00,2033,5,6,NA,12.0070240210166,27.7179863533883
2033-05-07 12:00:00,2033,5,7,NA,12.4564494103328,28.1518973258285
2033-05-08 12:00:00,2033,5,8,NA,11.2296761887543,23.2470317329192
2033-05-09 12:00:00,2033,5,9,NA,11.5672404150077,23.9963335167505
2033-05-10 12:00:00,2033,5,10,NA,13.8931587584309,24.2862489712974
2033-05-11 12:00:00,2033,5,11,NA,13.090697536608,27.8716567979024
2033-05-12 12:00:00,2033,5,12,NA,15.4894796689764,27.2462592116415
2033-05-13 12:00:00,2033,5,13,NA,12.3118951376684,28.8421256381555
2033-05-14 12:00:00,2033,5,14,NA,14.1135775664361,28.7912024189353
2033-05-15 12:00:00,2033,5,15,NA,14.4700684856733,30.779789832579
2033-05-16 12:00:00,2033,5,16,NA,16.0452334792682,32.4082905208031
2033-05-17 12:00:00,2033,5,17,NA,19.6067014227902,27.7259092709057
2033-05-18 12:00:00,2033,5,18,NA,18.2480328953439,28.9303401350462
2033-05-19 12:00:00,2033,5,19,NA,18.2430757392847,27.3174794185495
2033-05-20 12:00:00,2033,5,20,NA,15.5894244791674,31.3472140067874
2033-05-21 12:00:00,2033,5,21,NA,15.6983238346275,31.9634142472916
2033-05-22 12:00:00,2033,5,22,NA,22.037021991505,25.9546735884138
2033-05-23 12:00:00,2033,5,23,NA,19.4267289911086,25.2972593873577
2033-05-24 12:00:00,2033,5,24,NA,17.3836609643552,29.1320724562477
2033-05-25 12:00:00,2033,5,25,NA,17.7232940453009,29.480073587966
2033-05-26 12:00:00,2033,5,26,NA,23.0295371640013,26.5795389107386
2033-05-27 12:00:00,2033,5,27,NA,20.2393047873891,25.6772352897872
2033-05-28 12:00:00,2033,5,28,NA,16.5966884568469,28.3396227786523
2033-05-29 12:00:00,2033,5,29,NA,19.4352231192984,27.3000040443507
2033-05-30 12:00:00,2033,5,30,NA,19.0344034890003,24.9053483751763
2033-05-31 12:00:00,2033,5,31,NA,16.170470334913,26.5635605477795
2033-06-01 12:00:00,2033,6,1,NA,13.8816384899983,25.7173721202922
2033-06-02 12:00:00,2033,6,2,NA,11.2575211313888,22.0884935255468
2033-06-03 12:00:00,2033,6,3,NA,14.5398357765127,26.5977722871838
2033-06-04 12:00:00,2033,6,4,NA,17.1123939945985,28.2349012807815
2033-06-05 12:00:00,2033,6,5,NA,18.7761821457214,20.3875260516745
2033-06-06 12:00:00,2033,6,6,NA,17.9972999740804,21.9145180869912
2033-06-07 12:00:00,2033,6,7,NA,17.6547336192276,21.6945108335354
2033-06-08 12:00:00,2033,6,8,NA,15.9417941623923,25.8694859372502
2033-06-09 12:00:00,2033,6,9,NA,16.083415654537,24.1071876537137
2033-06-10 12:00:00,2033,6,10,NA,18.4300649990284,25.7646195364042
2033-06-11 12:00:00,2033,6,11,NA,21.8951056097204,23.790812395218
2033-06-12 12:00:00,2033,6,12,NA,20.2718217609661,24.963344987035
2033-06-13 12:00:00,2033,6,13,NA,20.4244149385963,25.6447930001751
2033-06-14 12:00:00,2033,6,14,NA,20.9411000505279,32.006762150592
2033-06-15 12:00:00,2033,6,15,NA,25.458823839357,28.343741822433
2033-06-16 12:00:00,2033,6,16,NA,23.1150855221903,30.4496400595661
2033-06-17 12:00:00,2033,6,17,NA,19.8939845708818,32.9734002445931
2033-06-18 12:00:00,2033,6,18,NA,24.5537699229158,34.4773128845441
2033-06-19 12:00:00,2033,6,19,NA,24.1409838262998,34.2545890858781
2033-06-20 12:00:00,2033,6,20,NA,23.8758494483816,31.0808941810973
2033-06-21 12:00:00,2033,6,21,NA,23.4350802971066,28.4398768876439
2033-06-22 12:00:00,2033,6,22,NA,21.9123065402842,32.6585782502835
2033-06-23 12:00:00,2033,6,23,NA,21.8053710348752,29.1649009198559
2033-06-24 12:00:00,2033,6,24,NA,21.2448498771326,31.6082107391226
2033-06-25 12:00:00,2033,6,25,NA,23.5030006590398,28.2171950213464
2033-06-26 12:00:00,2033,6,26,NA,19.0910060852737,31.1042685787174
2033-06-27 12:00:00,2033,6,27,NA,18.5792462823915,33.3587084156252
2033-06-28 12:00:00,2033,6,28,NA,20.3806382330574,35.0480196331569
2033-06-29 12:00:00,2033,6,29,NA,22.8733034566945,32.4620003007465
2033-06-30 12:00:00,2033,6,30,NA,22.9249560776507,29.6997572716959
2033-07-01 12:00:00,2033,7,1,NA,23.0527889110473,28.4526143197609
2033-07-02 12:00:00,2033,7,2,NA,20.6059822122966,29.5732387642559
2033-07-03 12:00:00,2033,7,3,NA,21.4584033833336,24.3505722692473
2033-07-04 12:00:00,2033,7,4,NA,20.3085800030226,25.2500061024161
2033-07-05 12:00:00,2033,7,5,NA,20.7627819480905,24.7472167881708
2033-07-06 12:00:00,2033,7,6,NA,19.1336784840404,29.3048564564558
2033-07-07 12:00:00,2033,7,7,NA,18.3790611629062,27.3567157732512
2033-07-08 12:00:00,2033,7,8,NA,20.324884259509,29.9160263659358
2033-07-09 12:00:00,2033,7,9,NA,19.9988034128259,27.8259445893096
2033-07-10 12:00:00,2033,7,10,NA,21.4620834448968,27.8045837794243
2033-07-11 12:00:00,2033,7,11,NA,23.502352673037,33.5715962511528
2033-07-12 12:00:00,2033,7,12,NA,23.2232616337869,31.2956645043383
2033-07-13 12:00:00,2033,7,13,NA,22.9221421288608,28.7741061726277
2033-07-14 12:00:00,2033,7,14,NA,21.721646506628,32.7030904296708
2033-07-15 12:00:00,2033,7,15,NA,22.2570580596846,33.9644644678372
2033-07-16 12:00:00,2033,7,16,NA,22.6555664621045,34.3629728702571
2033-07-17 12:00:00,2033,7,17,NA,22.8178036866451,35.2462459342869
2033-07-18 12:00:00,2033,7,18,NA,25.9608162301883,32.9115561411029
2033-07-19 12:00:00,2033,7,19,NA,25.1138869078037,34.0323062762312
2033-07-20 12:00:00,2033,7,20,NA,24.8306574696711,34.4217995760979
2033-07-21 12:00:00,2033,7,21,NA,22.2596102892055,26.8785981347005
2033-07-22 12:00:00,2033,7,22,NA,18.208149940422,25.0611228491128
2033-07-23 12:00:00,2033,7,23,NA,19.289294693792,30.4890390452263
2033-07-24 12:00:00,2033,7,24,NA,21.2440103034445,31.8883838579182
2033-07-25 12:00:00,2033,7,25,NA,23.682867658273,32.0705947992104
2033-07-26 12:00:00,2033,7,26,NA,24.2943939268873,27.732087389567
2033-07-27 12:00:00,2033,7,27,NA,22.879154487343,29.7960293454297
2033-07-28 12:00:00,2033,7,28,NA,24.2785044141801,28.7177664382562
2033-07-29 12:00:00,2033,7,29,NA,22.9792409767341,32.6162851436929
2033-07-30 12:00:00,2033,7,30,NA,24.2498354601098,28.7858944683529
2033-07-31 12:00:00,2033,7,31,NA,26.4002007427558,34.4664864381083
2033-08-01 12:00:00,2033,8,1,NA,28.0840741926532,32.4480210786291
2033-08-02 12:00:00,2033,8,2,NA,25.9013517150229,35.4736206972194
2033-08-03 12:00:00,2033,8,3,NA,25.8271460249985,37.1737351764763
2033-08-04 12:00:00,2033,8,4,NA,25.7977111771778,37.3112606011524
2033-08-05 12:00:00,2033,8,5,NA,27.3268702866484,37.0076902763808
2033-08-06 12:00:00,2033,8,6,NA,28.4737746394408,34.9410599538389
2033-08-07 12:00:00,2033,8,7,NA,26.8540825926623,34.7047856452248
2033-08-08 12:00:00,2033,8,8,NA,26.7703042761106,33.4972752926832
2033-08-09 12:00:00,2033,8,9,NA,25.3662556389416,35.7798806150696
2033-08-10 12:00:00,2033,8,10,NA,25.4135283680671,35.6103695743627
2033-08-11 12:00:00,2033,8,11,NA,24.1214004132264,29.8772653336134
2033-08-12 12:00:00,2033,8,12,NA,25.3275364213909,32.8130578263424
2033-08-13 12:00:00,2033,8,13,NA,22.8501212133495,30.530441169193
2033-08-14 12:00:00,2033,8,14,NA,23.1098350970931,27.7028359837762
2033-08-15 12:00:00,2033,8,15,NA,20.7583418891016,29.9213539885244
2033-08-16 12:00:00,2033,8,16,NA,21.2071393153472,33.2323789785914
2033-08-17 12:00:00,2033,8,17,NA,22.3014872120453,31.373720738376
2033-08-18 12:00:00,2033,8,18,NA,22.7165265297713,31.3646383284014
2033-08-19 12:00:00,2033,8,19,NA,22.0171135175041,27.7403673085054
2033-08-20 12:00:00,2033,8,20,NA,22.9022665783839,31.0978165211382
2033-08-21 12:00:00,2033,8,21,NA,22.9312221180349,33.2953309803687
2033-08-22 12:00:00,2033,8,22,NA,24.5285466741285,34.1091487113536
2033-08-23 12:00:00,2033,8,23,NA,24.2420471113025,31.1399595144874
2033-08-24 12:00:00,2033,8,24,NA,22.4195615478609,32.0540251512353
2033-08-25 12:00:00,2033,8,25,NA,23.9834628414813,34.5389557006327
2033-08-26 12:00:00,2033,8,26,NA,25.5783796217113,31.8920320205711
2033-08-27 12:00:00,2033,8,27,NA,24.7797295953084,30.8270287624123
2033-08-28 12:00:00,2033,8,28,NA,25.1235302005861,31.6492924086586
2033-08-29 12:00:00,2033,8,29,NA,23.8592820350869,31.1829987964509
2033-08-30 12:00:00,2033,8,30,NA,25.4572121655383,33.6264948039885
2033-08-31 12:00:00,2033,8,31,NA,24.8548383006061,33.0419263901707
2033-09-01 12:00:00,2033,9,1,NA,22.2487486175861,24.3867147132835
2033-09-02 12:00:00,2033,9,2,NA,21.2116713649752,25.0617449203792
2033-09-03 12:00:00,2033,9,3,NA,18.4527445759854,23.996994590577
2033-09-04 12:00:00,2033,9,4,NA,22.0486813583142,27.5483633615745
2033-09-05 12:00:00,2033,9,5,NA,20.1251208277894,31.8976817532243
2033-09-06 12:00:00,2033,9,6,NA,19.9358994355711,33.7706502082706
2033-09-07 12:00:00,2033,9,7,NA,22.3283567326017,32.8897162678902
2033-09-08 12:00:00,2033,9,8,NA,23.3008104939165,33.7722511224905
2033-09-09 12:00:00,2033,9,9,NA,20.5799324752529,31.6085133882989
2033-09-10 12:00:00,2033,9,10,NA,18.968821738322,29.5462973151591
2033-09-11 12:00:00,2033,9,11,NA,18.1899310317225,27.1980092275031
2033-09-12 12:00:00,2033,9,12,NA,16.8235685593788,30.2420898871399
2033-09-13 12:00:00,2033,9,13,NA,16.6049786870791,29.5751738884948
2033-09-14 12:00:00,2033,9,14,NA,16.499468727775,27.6063905122996
2033-09-15 12:00:00,2033,9,15,NA,17.678247700541,25.8527710620382
2033-09-16 12:00:00,2033,9,16,NA,18.0621901396144,29.2248905830132
2033-09-17 12:00:00,2033,9,17,NA,21.0579491831302,24.4206571674519
2033-09-18 12:00:00,2033,9,18,NA,21.6778721009548,26.3777101278928
2033-09-19 12:00:00,2033,9,19,NA,21.6889306467201,26.0699140753878
2033-09-20 12:00:00,2033,9,20,NA,18.8937320123228,28.8237118292154
2033-09-21 12:00:00,2033,9,21,NA,18.7889625425501,28.3757079007733
2033-09-22 12:00:00,2033,9,22,NA,15.8861169570212,23.1040167491074
2033-09-23 12:00:00,2033,9,23,NA,15.0332317333882,19.4588148839987
2033-09-24 12:00:00,2033,9,24,NA,12.7984288798323,19.5320898971961
2033-09-25 12:00:00,2033,9,25,NA,13.7070026019231,25.1460665462272
2033-09-26 12:00:00,2033,9,26,NA,14.530632340675,23.3489524746185
2033-09-27 12:00:00,2033,9,27,NA,13.0990303346223,22.6814713775059
2033-09-28 12:00:00,2033,9,28,NA,13.7650864706872,23.3513849801362
2033-09-29 12:00:00,2033,9,29,NA,14.1470814711325,26.5104972994331
2033-09-30 12:00:00,2033,9,30,NA,14.3063116877204,26.4440800043326
2033-10-01 12:00:00,2033,10,1,NA,17.8854808753089,29.0468842525452
2033-10-02 12:00:00,2033,10,2,NA,16.9911480147519,27.5344399306219
2033-10-03 12:00:00,2033,10,3,NA,14.8234110681813,22.652690010653
2033-10-04 12:00:00,2033,10,4,NA,12.3090700046294,27.753738365519
2033-10-05 12:00:00,2033,10,5,NA,14.4272439289243,26.9725447620696
2033-10-06 12:00:00,2033,10,6,NA,14.4515770577883,24.2344577568185
2033-10-07 12:00:00,2033,10,7,NA,12.2040594254821,23.8286822381215
2033-10-08 12:00:00,2033,10,8,NA,10.7635645279888,24.26309905633
2033-10-09 12:00:00,2033,10,9,NA,11.9263914924097,23.4409870140836
2033-10-10 12:00:00,2033,10,10,NA,9.63606071448549,19.7014949136679
2033-10-11 12:00:00,2033,10,11,NA,8.74967665479643,15.7246707638713
2033-10-12 12:00:00,2033,10,12,NA,3.47288475580877,22.3548025879419
2033-10-13 12:00:00,2033,10,13,NA,7.23304133922181,24.5663217541442
2033-10-14 12:00:00,2033,10,14,NA,10.9962648607564,24.6405145063716
2033-10-15 12:00:00,2033,10,15,NA,11.3515676225294,19.5765453529869
2033-10-16 12:00:00,2033,10,16,NA,14.3315712610481,23.8432670541136
2033-10-17 12:00:00,2033,10,17,NA,14.5196389021574,23.082317294632
2033-10-18 12:00:00,2033,10,18,NA,10.4688138201869,21.6031649016262
2033-10-19 12:00:00,2033,10,19,NA,10.3684375323919,22.1222755919302
2033-10-20 12:00:00,2033,10,20,NA,11.3891575040961,23.2138075016654
2033-10-21 12:00:00,2033,10,21,NA,9.80520728414686,23.4409849557537
2033-10-22 12:00:00,2033,10,22,NA,11.0454154378141,24.8060987320133
2033-10-23 12:00:00,2033,10,23,NA,11.7107127461488,24.8883843413068
2033-10-24 12:00:00,2033,10,24,NA,11.695600482035,27.9182529248306
2033-10-25 12:00:00,2033,10,25,NA,12.7941577191555,23.7510897249683
2033-10-26 12:00:00,2033,10,26,NA,11.4710428469628,24.6113481371792
2033-10-27 12:00:00,2033,10,27,NA,11.6154776366357,20.3733438688504
2033-10-28 12:00:00,2033,10,28,NA,9.69352903324025,20.2062957314886
2033-10-29 12:00:00,2033,10,29,NA,10.2338170021783,17.1285144202819
2033-10-30 12:00:00,2033,10,30,NA,8.15173870048494,18.6580893304584
2033-10-31 12:00:00,2033,10,31,NA,7.17098361963754,18.9355163609939
2033-11-01 12:00:00,2033,11,1,NA,6.97758277447057,21.3914540025037
2033-11-02 12:00:00,2033,11,2,NA,7.59724147426392,15.645209866013
2033-11-03 12:00:00,2033,11,3,NA,7.09162273240337,11.163458183912
2033-11-04 12:00:00,2033,11,4,NA,5.05946135492008,9.20350582537411
2033-11-05 12:00:00,2033,11,5,NA,3.98974109407569,10.7053447939415
2033-11-06 12:00:00,2033,11,6,NA,6.57539265104845,13.9300277320967
2033-11-07 12:00:00,2033,11,7,NA,6.50130227944963,17.1489865667056
2033-11-08 12:00:00,2033,11,8,NA,6.34441233656228,19.6781837798102
2033-11-09 12:00:00,2033,11,9,NA,6.05193906615804,23.2558613620981
2033-11-10 12:00:00,2033,11,10,NA,7.0777842334042,21.0950946130806
2033-11-11 12:00:00,2033,11,11,NA,7.14082248896494,10.9894907912767
2033-11-12 12:00:00,2033,11,12,NA,2.93489870943104,5.98419172197557
2033-11-13 12:00:00,2033,11,13,NA,3.09664168907369,8.01189520583272
2033-11-14 12:00:00,2033,11,14,NA,0.283228358224941,11.8219931502798
2033-11-15 12:00:00,2033,11,15,NA,1.74538822740542,10.9240857327442
2033-11-16 12:00:00,2033,11,16,NA,-2.84902370463031,10.5704310805689
2033-11-17 12:00:00,2033,11,17,NA,-3.40235239384875,6.31018292442029
2033-11-18 12:00:00,2033,11,18,NA,-1.4581050007908,7.85966739520938
2033-11-19 12:00:00,2033,11,19,NA,-3.04169197093469,11.6919426502915
2033-11-20 12:00:00,2033,11,20,NA,1.11335046051654,17.553617744045
2033-11-21 12:00:00,2033,11,21,NA,1.43755672935811,16.4045671792235
2033-11-22 12:00:00,2033,11,22,NA,4.59880161373869,14.0648924839264
2033-11-23 12:00:00,2033,11,23,NA,5.51811379942964,13.8106417939779
2033-11-24 12:00:00,2033,11,24,NA,0.37889681276625,11.688960030791
2033-11-25 12:00:00,2033,11,25,NA,-4.52325967134435,3.7577330350872
2033-11-26 12:00:00,2033,11,26,NA,-3.82386946403888,8.88613757769123
2033-11-27 12:00:00,2033,11,27,NA,-2.73310525482848,12.0005293663977
2033-11-28 12:00:00,2033,11,28,NA,-0.470290062576518,8.20350176339945
2033-11-29 12:00:00,2033,11,29,NA,-3.91098088799971,2.64566523431297
2033-11-30 12:00:00,2033,11,30,NA,-2.23796550310413,3.55095954330073
2033-12-01 12:00:00,2033,12,1,NA,-4.43150742417838,7.11933138292502
2033-12-02 12:00:00,2033,12,2,NA,-0.764679525896671,12.6653084543207
2033-12-03 12:00:00,2033,12,3,NA,2.40223228749556,9.41176672097461
2033-12-04 12:00:00,2033,12,4,NA,2.17142056200723,14.0655792097293
2033-12-05 12:00:00,2033,12,5,NA,2.93475723578776,15.0387423355975
2033-12-06 12:00:00,2033,12,6,NA,0.87861091494097,13.2005757384577
2033-12-07 12:00:00,2033,12,7,NA,-2.93053726765322,9.11444382337558
2033-12-08 12:00:00,2033,12,8,NA,-2.39499422340396,11.4733688083788
2033-12-09 12:00:00,2033,12,9,NA,0.771225596591634,8.2491280759641
2033-12-10 12:00:00,2033,12,10,NA,-0.539457723946596,3.138376765232
2033-12-11 12:00:00,2033,12,11,NA,-1.49029722997649,6.46921736591132
2033-12-12 12:00:00,2033,12,12,NA,-4.11238341391918,1.23533562338244
2033-12-13 12:00:00,2033,12,13,NA,-2.52745695675896,2.52597594136423
2033-12-14 12:00:00,2033,12,14,NA,-1.51178343733956,5.66900026304732
2033-12-15 12:00:00,2033,12,15,NA,2.11330997113875,6.16620219882637
2033-12-16 12:00:00,2033,12,16,NA,0.807161054088733,8.94415564415523
2033-12-17 12:00:00,2033,12,17,NA,1.74865690003312,11.8927164506926
2033-12-18 12:00:00,2033,12,18,NA,1.35814087303403,11.130495135087
2033-12-19 12:00:00,2033,12,19,NA,0.0171625305489158,11.0193694645957
2033-12-20 12:00:00,2033,12,20,NA,-1.08955067064732,6.60974249311452
2033-12-21 12:00:00,2033,12,21,NA,-9.17198487828648,-2.09531630257291
2033-12-22 12:00:00,2033,12,22,NA,-6.96402312569823,2.261900817573
2033-12-23 12:00:00,2033,12,23,NA,-3.90942819929711,9.04301225925768
2033-12-24 12:00:00,2033,12,24,NA,-1.60873220541385,10.3515946882587
2033-12-25 12:00:00,2033,12,25,NA,-2.22396922423605,9.06452079231765
2033-12-26 12:00:00,2033,12,26,NA,-4.24000362761988,8.4196035490434
2033-12-27 12:00:00,2033,12,27,NA,-4.58391846922793,8.72170489272462
2033-12-28 12:00:00,2033,12,28,NA,-1.64683663446318,8.46260948919341
2033-12-29 12:00:00,2033,12,29,NA,-0.582627036534933,7.59627925317512
2033-12-30 12:00:00,2033,12,30,NA,0.322669584184037,5.63864652471309
2033-12-31 12:00:00,2033,12,31,NA,-0.84133535790649,7.24638131211231
2034-01-01 12:00:00,2034,1,1,NA,-1.87357778998893,8.6451581687175
2034-01-02 12:00:00,2034,1,2,NA,2.2595163597722,13.1909152779905
2034-01-03 12:00:00,2034,1,3,NA,0.32728275640772,12.6900721545694
2034-01-04 12:00:00,2034,1,4,NA,-1.65423297846261,8.4691607553903
2034-01-05 12:00:00,2034,1,5,NA,0.222662715781433,11.786327609913
2034-01-06 12:00:00,2034,1,6,NA,2.13466545073051,12.0196216422328
2034-01-07 12:00:00,2034,1,7,NA,-0.0683534387043139,8.97987260620256
2034-01-08 12:00:00,2034,1,8,NA,-3.8056615453759,4.42301162343859
2034-01-09 12:00:00,2034,1,9,NA,-2.23242772937441,8.00531052290528
2034-01-10 12:00:00,2034,1,10,NA,-3.81900598164396,2.05006021571343
2034-01-11 12:00:00,2034,1,11,NA,-5.88777365487713,-1.06767456489174
2034-01-12 12:00:00,2034,1,12,NA,-3.37937223792964,5.70625003638293
2034-01-13 12:00:00,2034,1,13,NA,-4.70303970165987,4.46563531653573
2034-01-14 12:00:00,2034,1,14,NA,-5.43020276970636,3.73315601746386
2034-01-15 12:00:00,2034,1,15,NA,-9.61837877894135,-4.7920580200398
2034-01-16 12:00:00,2034,1,16,NA,-9.68214189125342,-5.10101238811722
2034-01-17 12:00:00,2034,1,17,NA,-8.20931593177788,-2.37570380726449
2034-01-18 12:00:00,2034,1,18,NA,-10.0961065018825,-3.73453059361477
2034-01-19 12:00:00,2034,1,19,NA,-5.82766935210133,3.25795292221123
2034-01-20 12:00:00,2034,1,20,NA,-4.82837833489743,0.660026061299451
2034-01-21 12:00:00,2034,1,21,NA,-6.93636765376096,4.62729724037056
2034-01-22 12:00:00,2034,1,22,NA,-8.23519422356835,2.59064473327048
2034-01-23 12:00:00,2034,1,23,NA,-7.42529577826632,2.89270802824103
2034-01-24 12:00:00,2034,1,24,NA,-8.02272977050797,6.90039703531498
2034-01-25 12:00:00,2034,1,25,NA,-3.70857627030884,8.60419031989748
2034-01-26 12:00:00,2034,1,26,NA,-2.72836964088517,12.3764331479588
2034-01-27 12:00:00,2034,1,27,NA,-4.07060482636678,11.0222581169856
2034-01-28 12:00:00,2034,1,28,NA,1.21077740025815,6.08050508588113
2034-01-29 12:00:00,2034,1,29,NA,-0.638645274031547,10.271114691783
2034-01-30 12:00:00,2034,1,30,NA,-2.57099253669657,6.46775601129136
2034-01-31 12:00:00,2034,1,31,NA,-2.0822560003617,4.71011804991337
2034-02-01 12:00:00,2034,2,1,NA,-3.74307651517064,1.43147536004901
2034-02-02 12:00:00,2034,2,2,NA,-3.2647915347125,-0.339307969951045
2034-02-03 12:00:00,2034,2,3,NA,-6.52131675849358,6.19530827505078
2034-02-04 12:00:00,2034,2,4,NA,-5.03121654428339,9.47607708668172
2034-02-05 12:00:00,2034,2,5,NA,-3.38381896983601,11.9516920231268
2034-02-06 12:00:00,2034,2,6,NA,-4.12497365552982,9.84692729531871
2034-02-07 12:00:00,2034,2,7,NA,-3.64746959057596,10.6431364898699
2034-02-08 12:00:00,2034,2,8,NA,-3.30672283816454,11.9372349859087
2034-02-09 12:00:00,2034,2,9,NA,3.02243521591695,12.68054968669
2034-02-10 12:00:00,2034,2,10,NA,7.84912249751349,14.2747149140426
2034-02-11 12:00:00,2034,2,11,NA,6.96661827211838,12.1929306241915
2034-02-12 12:00:00,2034,2,12,NA,7.37845257031795,17.087082228646
2034-02-13 12:00:00,2034,2,13,NA,13.9299281862604,17.3544543117055
2034-02-14 12:00:00,2034,2,14,NA,10.0659462878815,17.4938459125571
2034-02-15 12:00:00,2034,2,15,NA,8.52199367403244,14.3179823408979
2034-02-16 12:00:00,2034,2,16,NA,4.40264713258131,12.7667399184494
2034-02-17 12:00:00,2034,2,17,NA,-0.230414405413845,14.6459075278057
2034-02-18 12:00:00,2034,2,18,NA,-0.0641240669667535,10.3752116763489
2034-02-19 12:00:00,2034,2,19,NA,2.69331612117687,8.69224945056966
2034-02-20 12:00:00,2034,2,20,NA,1.25958258184895,13.249598191827
2034-02-21 12:00:00,2034,2,21,NA,2.9966147683048,5.49802638019967
2034-02-22 12:00:00,2034,2,22,NA,-0.00199187182621952,8.22421198366096
2034-02-23 12:00:00,2034,2,23,NA,-1.66675208220946,6.91333237987977
2034-02-24 12:00:00,2034,2,24,NA,-2.24383211563187,12.2615821716279
2034-02-25 12:00:00,2034,2,25,NA,-0.676758625328816,10.9035357097488
2034-02-26 12:00:00,2034,2,26,NA,-1.3371753985332,13.7765687675313
2034-02-27 12:00:00,2034,2,27,NA,1.12922524529129,16.6054254876399
2034-02-28 12:00:00,2034,2,28,NA,0.827040012667663,13.0549393793545
2034-03-01 12:00:00,2034,3,1,NA,1.11924139579832,16.9879528161503
2034-03-02 12:00:00,2034,3,2,NA,3.4725927012252,17.1987168927413
2034-03-03 12:00:00,2034,3,3,NA,4.26497025697022,16.4206277421115
2034-03-04 12:00:00,2034,3,4,NA,4.32507470243241,12.8434669163465
2034-03-05 12:00:00,2034,3,5,NA,4.84337323022478,15.973434305479
2034-03-06 12:00:00,2034,3,6,NA,4.21741426885051,16.8877799734278
2034-03-07 12:00:00,2034,3,7,NA,7.98414008291729,19.1626353577477
2034-03-08 12:00:00,2034,3,8,NA,7.29498738071166,19.4011364485047
2034-03-09 12:00:00,2034,3,9,NA,4.48227090888701,13.9084839637145
2034-03-10 12:00:00,2034,3,10,NA,1.24381162680306,16.6355908122128
2034-03-11 12:00:00,2034,3,11,NA,-0.759365432896898,9.64880209873193
2034-03-12 12:00:00,2034,3,12,NA,0.729127691643294,15.6887948812906
2034-03-13 12:00:00,2034,3,13,NA,1.86217367245712,17.7422424177712
2034-03-14 12:00:00,2034,3,14,NA,2.57525983522081,15.2831757331761
2034-03-15 12:00:00,2034,3,15,NA,3.69227504050769,13.8750871906658
2034-03-16 12:00:00,2034,3,16,NA,5.23202228298224,11.763189145876
2034-03-17 12:00:00,2034,3,17,NA,2.29894987551922,9.09923684891943
2034-03-18 12:00:00,2034,3,18,NA,-0.455800144505223,13.210013045736
2034-03-19 12:00:00,2034,3,19,NA,-1.07656044420859,11.0231860570691
2034-03-20 12:00:00,2034,3,20,NA,-1.40076939584537,9.23245102254176
2034-03-21 12:00:00,2034,3,21,NA,-3.17961971654138,14.9630992483902
2034-03-22 12:00:00,2034,3,22,NA,-2.80452758027926,10.4803698860154
2034-03-23 12:00:00,2034,3,23,NA,-0.220902912271517,8.77677841760033
2034-03-24 12:00:00,2034,3,24,NA,-3.30116572669686,9.23805658638362
2034-03-25 12:00:00,2034,3,25,NA,1.9539673234703,10.7312502713464
2034-03-26 12:00:00,2034,3,26,NA,2.44628325733172,13.6097880682657
2034-03-27 12:00:00,2034,3,27,NA,4.48772281893083,13.8967763933336
2034-03-28 12:00:00,2034,3,28,NA,5.79795118498091,15.8276017070642
2034-03-29 12:00:00,2034,3,29,NA,4.04713920636753,17.0661969576889
2034-03-30 12:00:00,2034,3,30,NA,7.8600795186201,21.6407241923379
2034-03-31 12:00:00,2034,3,31,NA,8.75723157700965,19.9357268518401
2034-04-01 12:00:00,2034,4,1,NA,8.5662576084794,24.8871256106853
2034-04-02 12:00:00,2034,4,2,NA,8.4834019721865,21.6475069570789
2034-04-03 12:00:00,2034,4,3,NA,10.3978992090736,20.2358005620095
2034-04-04 12:00:00,2034,4,4,NA,9.83538478696508,19.0325249724152
2034-04-05 12:00:00,2034,4,5,NA,6.15925850188516,18.962518571287
2034-04-06 12:00:00,2034,4,6,NA,5.88310451341139,20.8235248849949
2034-04-07 12:00:00,2034,4,7,NA,5.16915942569505,20.0780897804126
2034-04-08 12:00:00,2034,4,8,NA,7.78439599917713,20.4963682382332
2034-04-09 12:00:00,2034,4,9,NA,6.69804701131266,16.1834159555955
2034-04-10 12:00:00,2034,4,10,NA,4.56796637643697,17.8484970674666
2034-04-11 12:00:00,2034,4,11,NA,7.56983185984664,13.272993852507
2034-04-12 12:00:00,2034,4,12,NA,5.07830744025971,18.8816222912434
2034-04-13 12:00:00,2034,4,13,NA,5.92328341307201,24.1441551461334
2034-04-14 12:00:00,2034,4,14,NA,8.43631033126859,25.2567489942265
2034-04-15 12:00:00,2034,4,15,NA,9.07542072548494,25.2010578018879
2034-04-16 12:00:00,2034,4,16,NA,7.92373547002093,21.1717780975771
2034-04-17 12:00:00,2034,4,17,NA,7.72323867485618,22.8230787791189
2034-04-18 12:00:00,2034,4,18,NA,6.26460782865303,20.3831443181989
2034-04-19 12:00:00,2034,4,19,NA,6.76285637979201,21.5866978404893
2034-04-20 12:00:00,2034,4,20,NA,7.60388493695125,21.7417439838267
2034-04-21 12:00:00,2034,4,21,NA,9.0818403998371,23.8169740432473
2034-04-22 12:00:00,2034,4,22,NA,9.61007423312417,25.3313618296803
2034-04-23 12:00:00,2034,4,23,NA,9.67073143787299,25.3666877462034
2034-04-24 12:00:00,2034,4,24,NA,5.67064873067138,29.0928392983291
2034-04-25 12:00:00,2034,4,25,NA,8.02032595815888,27.0266329279064
2034-04-26 12:00:00,2034,4,26,NA,13.5454832809763,22.7713308155369
2034-04-27 12:00:00,2034,4,27,NA,12.3534840982136,24.2767870649698
2034-04-28 12:00:00,2034,4,28,NA,13.6410735166963,25.5643764834525
2034-04-29 12:00:00,2034,4,29,NA,6.06692365453706,18.3754526039331
2034-04-30 12:00:00,2034,4,30,NA,6.68023815728726,20.6954577473952
2034-05-01 12:00:00,2034,5,1,NA,6.50220540665937,21.0179821724206
2034-05-02 12:00:00,2034,5,2,NA,7.27366249552257,23.1724007648343
2034-05-03 12:00:00,2034,5,3,NA,9.8509187174022,22.1094343530284
2034-05-04 12:00:00,2034,5,4,NA,8.4366857868753,23.392662435409
2034-05-05 12:00:00,2034,5,5,NA,9.1950545575748,20.913814295616
2034-05-06 12:00:00,2034,5,6,NA,9.76590243515891,19.86310895291
2034-05-07 12:00:00,2034,5,7,NA,7.78177250133272,24.5130201353619
2034-05-08 12:00:00,2034,5,8,NA,9.61826935174856,25.2930386977868
2034-05-09 12:00:00,2034,5,9,NA,10.9842192746022,21.4911073799599
2034-05-10 12:00:00,2034,5,10,NA,11.3725055716287,24.0257557465419
2034-05-11 12:00:00,2034,5,11,NA,12.0039427811178,25.4561412512209
2034-05-12 12:00:00,2034,5,12,NA,10.0993705317134,27.2101573626514
2034-05-13 12:00:00,2034,5,13,NA,13.4746721499082,25.5830931052914
2034-05-14 12:00:00,2034,5,14,NA,19.0724096335552,26.7896605891027
2034-05-15 12:00:00,2034,5,15,NA,19.5045203656821,23.5928944157938
2034-05-16 12:00:00,2034,5,16,NA,16.957749550967,24.5432092481718
2034-05-17 12:00:00,2034,5,17,NA,13.0840358536454,26.1892603161017
2034-05-18 12:00:00,2034,5,18,NA,11.8925499743353,25.6212574863013
2034-05-19 12:00:00,2034,5,19,NA,9.29963107554934,23.0010688015191
2034-05-20 12:00:00,2034,5,20,NA,9.1829967280964,23.1675253384165
2034-05-21 12:00:00,2034,5,21,NA,9.96489711325727,26.7838109746724
2034-05-22 12:00:00,2034,5,22,NA,14.2895676867034,28.356321355291
2034-05-23 12:00:00,2034,5,23,NA,15.0298458887776,22.8601745630694
2034-05-24 12:00:00,2034,5,24,NA,12.4741071645627,26.2546648422262
2034-05-25 12:00:00,2034,5,25,NA,17.6446150095083,28.8942288440819
2034-05-26 12:00:00,2034,5,26,NA,14.8212084676856,17.7560494958056
2034-05-27 12:00:00,2034,5,27,NA,11.9984217348656,26.0530952281673
2034-05-28 12:00:00,2034,5,28,NA,10.0925338691081,24.2557032907975
2034-05-29 12:00:00,2034,5,29,NA,11.1222457854501,26.7846212543132
2034-05-30 12:00:00,2034,5,30,NA,14.8201091840234,25.9240703961893
2034-05-31 12:00:00,2034,5,31,NA,14.9905010161403,27.166360736145
2034-06-01 12:00:00,2034,6,1,NA,18.8495271194195,25.3872873156063
2034-06-02 12:00:00,2034,6,2,NA,17.3216184157799,24.174859906329
2034-06-03 12:00:00,2034,6,3,NA,16.6168303921514,23.0246145877934
2034-06-04 12:00:00,2034,6,4,NA,15.0383907788576,27.4000477764008
2034-06-05 12:00:00,2034,6,5,NA,17.9093404627155,30.018203460031
2034-06-06 12:00:00,2034,6,6,NA,20.6758986172238,31.7326044982193
2034-06-07 12:00:00,2034,6,7,NA,18.9686806652895,31.4137547911221
2034-06-08 12:00:00,2034,6,8,NA,22.7244931751407,29.7826991272458
2034-06-09 12:00:00,2034,6,9,NA,23.283212644207,27.540029974257
2034-06-10 12:00:00,2034,6,10,NA,20.4345863219499,26.4965324109499
2034-06-11 12:00:00,2034,6,11,NA,19.6006172608152,26.6772645489171
2034-06-12 12:00:00,2034,6,12,NA,18.7124947653001,28.4571724434109
2034-06-13 12:00:00,2034,6,13,NA,19.3291922389506,24.8513848199073
2034-06-14 12:00:00,2034,6,14,NA,18.1479479988271,30.1003002731853
2034-06-15 12:00:00,2034,6,15,NA,22.1776183288461,30.2215976097699
2034-06-16 12:00:00,2034,6,16,NA,20.0116749365304,32.7550385817812
2034-06-17 12:00:00,2034,6,17,NA,20.0334756802829,33.1502302095265
2034-06-18 12:00:00,2034,6,18,NA,22.272291109739,30.7272588247062
2034-06-19 12:00:00,2034,6,19,NA,21.6104319836568,28.9699618686375
2034-06-20 12:00:00,2034,6,20,NA,22.0003408383552,33.0648295815141
2034-06-21 12:00:00,2034,6,21,NA,21.0842920590992,33.1971951746075
2034-06-22 12:00:00,2034,6,22,NA,22.8816388104125,33.6279105204118
2034-06-23 12:00:00,2034,6,23,NA,22.297003178689,32.717860816647
2034-06-24 12:00:00,2034,6,24,NA,21.5656835661585,33.3876402211118
2034-06-25 12:00:00,2034,6,25,NA,25.6070969203428,31.1292895012995
2034-06-26 12:00:00,2034,6,26,NA,22.7078859878053,31.4197687404618
2034-06-27 12:00:00,2034,6,27,NA,21.5548018743327,32.7776595341233
2034-06-28 12:00:00,2034,6,28,NA,19.6922224061267,34.1663112429339
2034-06-29 12:00:00,2034,6,29,NA,21.4360567234251,26.9546134178323
2034-06-30 12:00:00,2034,6,30,NA,20.4194228285927,30.5822558373398
2034-07-01 12:00:00,2034,7,1,NA,19.6491033028997,32.5852003790074
2034-07-02 12:00:00,2034,7,2,NA,22.0650111421594,26.7401813717432
2034-07-03 12:00:00,2034,7,3,NA,23.7407246387682,25.3615520837449
2034-07-04 12:00:00,2034,7,4,NA,23.8653368370969,26.1817722213658
2034-07-05 12:00:00,2034,7,5,NA,22.401314953293,26.8597438456513
2034-07-06 12:00:00,2034,7,6,NA,22.4694024720806,33.9715989391156
2034-07-07 12:00:00,2034,7,7,NA,22.840637778749,30.70410712042
2034-07-08 12:00:00,2034,7,8,NA,24.8589245106403,30.7108885544073
2034-07-09 12:00:00,2034,7,9,NA,24.2037092527281,29.0379731937582
2034-07-10 12:00:00,2034,7,10,NA,22.1264766570675,30.8882967656111
2034-07-11 12:00:00,2034,7,11,NA,23.5619807059548,33.0087086512973
2034-07-12 12:00:00,2034,7,12,NA,24.2577978027892,32.9502164961736
2034-07-13 12:00:00,2034,7,13,NA,23.645187958688,32.9093996932523
2034-07-14 12:00:00,2034,7,14,NA,21.7316156033085,31.1225471225716
2034-07-15 12:00:00,2034,7,15,NA,23.6672467675914,29.8855889873922
2034-07-16 12:00:00,2034,7,16,NA,23.191289110144,28.9982178893886
2034-07-17 12:00:00,2034,7,17,NA,24.2808031590467,32.3777168528148
2034-07-18 12:00:00,2034,7,18,NA,25.2034152652484,32.982955487338
2034-07-19 12:00:00,2034,7,19,NA,24.2219528639107,33.8532939137875
2034-07-20 12:00:00,2034,7,20,NA,28.8555953380497,34.1191808798882
2034-07-21 12:00:00,2034,7,21,NA,21.7553292325439,31.9196319804322
2034-07-22 12:00:00,2034,7,22,NA,26.4688429617577,34.6957986426639
2034-07-23 12:00:00,2034,7,23,NA,26.3802328346656,31.1337164169443
2034-07-24 12:00:00,2034,7,24,NA,25.2878607332911,32.2165189772738
2034-07-25 12:00:00,2034,7,25,NA,24.0239653702352,32.7272066118665
2034-07-26 12:00:00,2034,7,26,NA,22.7528761289306,33.1582229229049
2034-07-27 12:00:00,2034,7,27,NA,24.7616973731756,33.1152261245703
2034-07-28 12:00:00,2034,7,28,NA,27.2945669882536,35.0207283317178
2034-07-29 12:00:00,2034,7,29,NA,29.2421248750291,31.3320646948316
2034-07-30 12:00:00,2034,7,30,NA,23.2054486033595,25.9414480955744
2034-07-31 12:00:00,2034,7,31,NA,23.4029550506721,31.9738534356477
2034-08-01 12:00:00,2034,8,1,NA,25.1037709444309,32.8506403098694
2034-08-02 12:00:00,2034,8,2,NA,24.6561759552699,34.4566339473179
2034-08-03 12:00:00,2034,8,3,NA,25.2042699426089,36.7442143600137
2034-08-04 12:00:00,2034,8,4,NA,25.5979287911954,36.5552856752635
2034-08-05 12:00:00,2034,8,5,NA,26.8661503033742,33.3334356177722
2034-08-06 12:00:00,2034,8,6,NA,26.1006024697255,32.0811486086493
2034-08-07 12:00:00,2034,8,7,NA,25.915166959995,34.5535492053611
2034-08-08 12:00:00,2034,8,8,NA,26.3461974701883,35.9723537053422
2034-08-09 12:00:00,2034,8,9,NA,26.4702874819955,35.1289339967645
2034-08-10 12:00:00,2034,8,10,NA,23.0065828707022,28.7741687204557
2034-08-11 12:00:00,2034,8,11,NA,23.8058479553443,33.2542898684358
2034-08-12 12:00:00,2034,8,12,NA,22.56204708812,31.259962850067
2034-08-13 12:00:00,2034,8,13,NA,23.5277566754631,35.5529963387073
2034-08-14 12:00:00,2034,8,14,NA,24.1681022567214,35.5146914081993
2034-08-15 12:00:00,2034,8,15,NA,24.9355739399118,36.4491233638864
2034-08-16 12:00:00,2034,8,16,NA,25.2110556697924,37.2362953330367
2034-08-17 12:00:00,2034,8,17,NA,26.3666008693592,37.5861181869069
2034-08-18 12:00:00,2034,8,18,NA,27.6557505630812,35.3385133901397
2034-08-19 12:00:00,2034,8,19,NA,25.240817851932,32.739206552799
2034-08-20 12:00:00,2034,8,20,NA,24.2809519113879,33.2539320764425
2034-08-21 12:00:00,2034,8,21,NA,24.5523309030183,34.9840458776349
2034-08-22 12:00:00,2034,8,22,NA,28.4245765035158,33.879246408805
2034-08-23 12:00:00,2034,8,23,NA,25.8490988970795,34.5225615236357
2034-08-24 12:00:00,2034,8,24,NA,26.2254211291571,36.3184694035746
2034-08-25 12:00:00,2034,8,25,NA,26.1641561294099,35.1896523763967
2034-08-26 12:00:00,2034,8,26,NA,24.4681732124715,34.5665314756053
2034-08-27 12:00:00,2034,8,27,NA,22.2990150916529,31.6060993814068
2034-08-28 12:00:00,2034,8,28,NA,22.8076319352005,30.5126506954796
2034-08-29 12:00:00,2034,8,29,NA,22.0462881557359,27.7075854896828
2034-08-30 12:00:00,2034,8,30,NA,23.1271391551231,31.7625075344236
2034-08-31 12:00:00,2034,8,31,NA,23.7163689334291,30.3318631007605
2034-09-01 12:00:00,2034,9,1,NA,23.4621080495566,30.728733508997
2034-09-02 12:00:00,2034,9,2,NA,24.1736376405877,31.0172265384889
2034-09-03 12:00:00,2034,9,3,NA,23.2262733105331,34.0733089789309
2034-09-04 12:00:00,2034,9,4,NA,24.4784394535874,34.4034947595984
2034-09-05 12:00:00,2034,9,5,NA,26.7529766288321,29.2091120213316
2034-09-06 12:00:00,2034,9,6,NA,21.3140237962221,23.1809530097416
2034-09-07 12:00:00,2034,9,7,NA,20.622083301963,28.7966066634602
2034-09-08 12:00:00,2034,9,8,NA,21.5705611465703,30.216933577004
2034-09-09 12:00:00,2034,9,9,NA,18.770197400842,30.2768291596145
2034-09-10 12:00:00,2034,9,10,NA,19.6502826487324,28.278471808855
2034-09-11 12:00:00,2034,9,11,NA,17.5488111184139,25.4405561184883
2034-09-12 12:00:00,2034,9,12,NA,17.1683172217938,26.7932394868537
2034-09-13 12:00:00,2034,9,13,NA,16.5077578124041,28.0689886649598
2034-09-14 12:00:00,2034,9,14,NA,18.7358447386872,28.8286582328921
2034-09-15 12:00:00,2034,9,15,NA,19.6366635946243,29.5546577582551
2034-09-16 12:00:00,2034,9,16,NA,18.1867092865845,25.8534085792403
2034-09-17 12:00:00,2034,9,17,NA,16.9209964159352,26.893137824477
2034-09-18 12:00:00,2034,9,18,NA,18.3955925957084,24.897901952711
2034-09-19 12:00:00,2034,9,19,NA,17.1203016863081,23.9649535981624
2034-09-20 12:00:00,2034,9,20,NA,15.8040902820707,27.0255426524074
2034-09-21 12:00:00,2034,9,21,NA,13.8177996883455,24.7713051180652
2034-09-22 12:00:00,2034,9,22,NA,12.7210227478623,26.1367334716878
2034-09-23 12:00:00,2034,9,23,NA,14.3508528205753,27.4680182004192
2034-09-24 12:00:00,2034,9,24,NA,18.9028182399016,25.9508237895325
2034-09-25 12:00:00,2034,9,25,NA,17.9915340122911,26.6473239925009
2034-09-26 12:00:00,2034,9,26,NA,15.6011851780078,28.1059737033578
2034-09-27 12:00:00,2034,9,27,NA,14.6216098941758,24.061668379908
2034-09-28 12:00:00,2034,9,28,NA,15.6736917781312,22.880854524
2034-09-29 12:00:00,2034,9,29,NA,14.7944808829461,26.4476835634369
2034-09-30 12:00:00,2034,9,30,NA,16.556225815607,24.0269233491219
2034-10-01 12:00:00,2034,10,1,NA,15.4926026392935,26.7958929023225
2034-10-02 12:00:00,2034,10,2,NA,16.7078627148491,27.2468579136015
2034-10-03 12:00:00,2034,10,3,NA,16.203044363706,28.9095737672069
2034-10-04 12:00:00,2034,10,4,NA,16.0434995287783,29.5168177550233
2034-10-05 12:00:00,2034,10,5,NA,15.334731590087,27.9633885063473
2034-10-06 12:00:00,2034,10,6,NA,16.715969501274,29.4032022145838
2034-10-07 12:00:00,2034,10,7,NA,15.8377976212161,28.3331800979353
2034-10-08 12:00:00,2034,10,8,NA,13.7390856909939,30.5739182582787
2034-10-09 12:00:00,2034,10,9,NA,12.4780129074671,24.8021779643245
2034-10-10 12:00:00,2034,10,10,NA,14.1228926270538,26.8101253403635
2034-10-11 12:00:00,2034,10,11,NA,12.7899285416155,27.5353357490069
2034-10-12 12:00:00,2034,10,12,NA,13.2646121296069,30.5076667927529
2034-10-13 12:00:00,2034,10,13,NA,14.6018917924545,29.3379106366844
2034-10-14 12:00:00,2034,10,14,NA,14.1132497528905,28.7971390887391
2034-10-15 12:00:00,2034,10,15,NA,13.8242865709124,23.1551800424152
2034-10-16 12:00:00,2034,10,16,NA,16.9837746402564,23.0015813950767
2034-10-17 12:00:00,2034,10,17,NA,12.9190465711759,20.967014962925
2034-10-18 12:00:00,2034,10,18,NA,14.5953367863245,23.158015178799
2034-10-19 12:00:00,2034,10,19,NA,13.1030620858469,22.6477216477295
2034-10-20 12:00:00,2034,10,20,NA,10.693381801514,23.4449776173162
2034-10-21 12:00:00,2034,10,21,NA,11.3677532028522,22.1616387414148
2034-10-22 12:00:00,2034,10,22,NA,10.0345680397956,23.8239424013233
2034-10-23 12:00:00,2034,10,23,NA,12.5873157326915,23.9089554983914
2034-10-24 12:00:00,2034,10,24,NA,14.0462767786376,19.980976296319
2034-10-25 12:00:00,2034,10,25,NA,11.8089975846799,21.0018733437733
2034-10-26 12:00:00,2034,10,26,NA,12.5134582111665,23.6793034429305
2034-10-27 12:00:00,2034,10,27,NA,11.6223510733077,23.5397594213947
2034-10-28 12:00:00,2034,10,28,NA,11.4175915570449,24.6856496804377
2034-10-29 12:00:00,2034,10,29,NA,8.66440453006491,22.6916151307515
2034-10-30 12:00:00,2034,10,30,NA,8.64794005142352,20.3951143822307
2034-10-31 12:00:00,2034,10,31,NA,5.81977199845322,16.49754983393
2034-11-01 12:00:00,2034,11,1,NA,8.86600386126435,20.492431786267
2034-11-02 12:00:00,2034,11,2,NA,6.55115879814949,18.0585271555242
2034-11-03 12:00:00,2034,11,3,NA,7.87082055981542,20.1881570185904
2034-11-04 12:00:00,2034,11,4,NA,9.37307560029374,21.8773720185382
2034-11-05 12:00:00,2034,11,5,NA,9.26784424100572,13.3396796925144
2034-11-06 12:00:00,2034,11,6,NA,8.021704215379,14.2118702596595
2034-11-07 12:00:00,2034,11,7,NA,5.90633279677264,18.3310430380767
2034-11-08 12:00:00,2034,11,8,NA,3.23273312899029,15.6118260829062
2034-11-09 12:00:00,2034,11,9,NA,1.1757008642035,11.3469311959483
2034-11-10 12:00:00,2034,11,10,NA,3.4271641607859,19.1353112566581
2034-11-11 12:00:00,2034,11,11,NA,3.91359981721111,14.7492397565673
2034-11-12 12:00:00,2034,11,12,NA,3.58093023643365,16.8176177749556
2034-11-13 12:00:00,2034,11,13,NA,2.4372440325782,18.3723323441734
2034-11-14 12:00:00,2034,11,14,NA,-0.790515410927304,4.08565005989737
2034-11-15 12:00:00,2034,11,15,NA,0.964888519900847,8.9675910071277
2034-11-16 12:00:00,2034,11,16,NA,-2.60941218159098,4.00851852285799
2034-11-17 12:00:00,2034,11,17,NA,0.67284613089677,8.02748121194502
2034-11-18 12:00:00,2034,11,18,NA,3.70893741423437,12.1270335968421
2034-11-19 12:00:00,2034,11,19,NA,6.22857894849596,12.4318869882118
2034-11-20 12:00:00,2034,11,20,NA,5.19332954948641,18.923448446499
2034-11-21 12:00:00,2034,11,21,NA,1.13564969026389,13.4207355785478
2034-11-22 12:00:00,2034,11,22,NA,1.08995723736312,13.6986016104355
2034-11-23 12:00:00,2034,11,23,NA,3.1704050453275,15.6475243691143
2034-11-24 12:00:00,2034,11,24,NA,2.26002286914339,17.2538794184338
2034-11-25 12:00:00,2034,11,25,NA,1.56017365535112,16.2938082765773
2034-11-26 12:00:00,2034,11,26,NA,4.7488203666373,18.4430632106851
2034-11-27 12:00:00,2034,11,27,NA,5.14093183064674,18.1997993952682
2034-11-28 12:00:00,2034,11,28,NA,4.44267761716368,19.3336164813739
2034-11-29 12:00:00,2034,11,29,NA,2.98753279954031,18.180421899991
2034-11-30 12:00:00,2034,11,30,NA,3.1376437961816,19.6178631452927
2034-12-01 12:00:00,2034,12,1,NA,3.4048782409695,18.8346703573784
2034-12-02 12:00:00,2034,12,2,NA,7.20386457268328,21.6619481752835
2034-12-03 12:00:00,2034,12,3,NA,10.0472525900429,20.9332385909296
2034-12-04 12:00:00,2034,12,4,NA,4.64617399606744,14.0926711711756
2034-12-05 12:00:00,2034,12,5,NA,1.80579177411207,13.0603344839774
2034-12-06 12:00:00,2034,12,6,NA,3.74222485973482,13.8461892284274
2034-12-07 12:00:00,2034,12,7,NA,2.69222936128985,11.6690719079045
2034-12-08 12:00:00,2034,12,8,NA,4.37572996383364,10.4428507011021
2034-12-09 12:00:00,2034,12,9,NA,-1.10679503586661,1.61870397702547
2034-12-10 12:00:00,2034,12,10,NA,-2.13281374832284,2.93667041095469
2034-12-11 12:00:00,2034,12,11,NA,2.59106004187257,12.5655803893503
2034-12-12 12:00:00,2034,12,12,NA,-0.1796526828981,11.714505964824
2034-12-13 12:00:00,2034,12,13,NA,-0.161528236543825,9.33547380900777
2034-12-14 12:00:00,2034,12,14,NA,-0.561827572050326,11.8936031234274
2034-12-15 12:00:00,2034,12,15,NA,0.541528372549125,9.74214995105395
2034-12-16 12:00:00,2034,12,16,NA,-0.338861214585086,4.9403231533
2034-12-17 12:00:00,2034,12,17,NA,-1.80059216376756,7.87448703269747
2034-12-18 12:00:00,2034,12,18,NA,-1.92723239082671,9.26110975068656
2034-12-19 12:00:00,2034,12,19,NA,-1.00832054754562,4.4343688969961
2034-12-20 12:00:00,2034,12,20,NA,-2.25983544268056,3.69994582692455
2034-12-21 12:00:00,2034,12,21,NA,-2.04468362928138,6.06837585960949
2034-12-22 12:00:00,2034,12,22,NA,0.219515511065869,10.329071735203
2034-12-23 12:00:00,2034,12,23,NA,5.70502577281322,11.4519719614302
2034-12-24 12:00:00,2034,12,24,NA,6.49577326483659,12.0599408068527
2034-12-25 12:00:00,2034,12,25,NA,2.72379229518559,8.90260610254051
2034-12-26 12:00:00,2034,12,26,NA,1.01573985688989,6.57990739890596
2034-12-27 12:00:00,2034,12,27,NA,-1.93427037000039,5.7163654064267
2034-12-28 12:00:00,2034,12,28,NA,-0.286602101710349,9.10283113904915
2034-12-29 12:00:00,2034,12,29,NA,0.0768628832869886,8.25576917299704
2034-12-30 12:00:00,2034,12,30,NA,-1.44160653922345,5.88339541885442
2034-12-31 12:00:00,2034,12,31,NA,1.09369785301404,9.22074481566254
2035-01-01 12:00:00,2035,1,1,NA,-0.123392760931779,4.06549492756984
2035-01-02 12:00:00,2035,1,2,NA,-2.90804327163197,1.66992241014074
2035-01-03 12:00:00,2035,1,3,NA,-1.68147655125982,3.37442514739875
2035-01-04 12:00:00,2035,1,4,NA,-0.892431156537234,6.64238298108721
2035-01-05 12:00:00,2035,1,5,NA,2.24059823219459,12.4627550866729
2035-01-06 12:00:00,2035,1,6,NA,1.1950765589423,13.3826194485914
2035-01-07 12:00:00,2035,1,7,NA,-1.23571706877582,8.64447719659015
2035-01-08 12:00:00,2035,1,8,NA,-2.02785116736324,8.88190879845132
2035-01-09 12:00:00,2035,1,9,NA,-0.74862748229377,9.27138064122588
2035-01-10 12:00:00,2035,1,10,NA,0.623293087789387,10.5274571671082
2035-01-11 12:00:00,2035,1,11,NA,5.63606261893662,15.5882466852894
2035-01-12 12:00:00,2035,1,12,NA,5.75619482018334,15.1354875466776
2035-01-13 12:00:00,2035,1,13,NA,5.06762378280907,13.1099446047891
2035-01-14 12:00:00,2035,1,14,NA,-0.293761434304374,6.90578531930046
2035-01-15 12:00:00,2035,1,15,NA,-0.545873091663449,6.68767234170847
2035-01-16 12:00:00,2035,1,16,NA,-0.522375344460622,9.55818987690097
2035-01-17 12:00:00,2035,1,17,NA,-0.710332121970702,6.82448201565375
2035-01-18 12:00:00,2035,1,18,NA,-1.67181622053156,9.39476059996496
2035-01-19 12:00:00,2035,1,19,NA,0.027694126537166,7.0270729573052
2035-01-20 12:00:00,2035,1,20,NA,-0.878209437058089,7.57414271260788
2035-01-21 12:00:00,2035,1,21,NA,-1.65456277192838,8.53908705177546
2035-01-22 12:00:00,2035,1,22,NA,0.61022215384278,11.9153195510259
2035-01-23 12:00:00,2035,1,23,NA,-2.40892445994872,8.53837299960722
2035-01-24 12:00:00,2035,1,24,NA,-3.11723985255984,6.31201146556557
2035-01-25 12:00:00,2035,1,25,NA,-5.24385421539722,-0.182808274207708
2035-01-26 12:00:00,2035,1,26,NA,-5.0351614272921,0.126812509668414
2035-01-27 12:00:00,2035,1,27,NA,-6.85621039031231,1.19105491045868
2035-01-28 12:00:00,2035,1,28,NA,-8.23509538431183,-1.76456150706115
2035-01-29 12:00:00,2035,1,29,NA,-3.01590519486471,8.01752810936631
2035-01-30 12:00:00,2035,1,30,NA,-5.24425789450907,2.80864321098327
2035-01-31 12:00:00,2035,1,31,NA,-5.16402218026383,6.35639531498294
2035-02-01 12:00:00,2035,2,1,NA,-3.39014677621126,9.79383920551133
2035-02-02 12:00:00,2035,2,2,NA,-0.685360817411718,8.46331421898227
2035-02-03 12:00:00,2035,2,3,NA,-2.99983008421868,1.26776848310354
2035-02-04 12:00:00,2035,2,4,NA,-1.69287723984618,9.65408725847369
2035-02-05 12:00:00,2035,2,5,NA,-4.52343186071852,10.0332938062886
2035-02-06 12:00:00,2035,2,6,NA,0.86653833286141,9.23368293482206
2035-02-07 12:00:00,2035,2,7,NA,0.709749370704103,7.61364150768085
2035-02-08 12:00:00,2035,2,8,NA,0.437307472940806,5.77407107508463
2035-02-09 12:00:00,2035,2,9,NA,0.30470885299715,10.1655828240179
2035-02-10 12:00:00,2035,2,10,NA,6.06092426375793,11.9318924883596
2035-02-11 12:00:00,2035,2,11,NA,0.97112207426647,15.4915129977505
2035-02-12 12:00:00,2035,2,12,NA,4.17184681185164,18.4278717961123
2035-02-13 12:00:00,2035,2,13,NA,3.0712287258763,15.7574266675732
2035-02-14 12:00:00,2035,2,14,NA,7.08328061574795,9.14477268518203
2035-02-15 12:00:00,2035,2,15,NA,0.344804455807887,4.30497396481413
2035-02-16 12:00:00,2035,2,16,NA,0.284396297001256,6.2156410925685
2035-02-17 12:00:00,2035,2,17,NA,-4.72760906427529,5.79537101146738
2035-02-18 12:00:00,2035,2,18,NA,-3.09144029651495,8.06957540903787
2035-02-19 12:00:00,2035,2,19,NA,-3.88352240939728,8.36051804862703
2035-02-20 12:00:00,2035,2,20,NA,-3.74200451133269,12.6673662125411
2035-02-21 12:00:00,2035,2,21,NA,-9.18519433983936,-2.0215172866314
2035-02-22 12:00:00,2035,2,22,NA,-7.6923076690825,4.38005565428077
2035-02-23 12:00:00,2035,2,23,NA,-6.96543348882513,5.54572152903472
2035-02-24 12:00:00,2035,2,24,NA,-3.05922196133967,10.8029118918942
2035-02-25 12:00:00,2035,2,25,NA,1.02450170279766,11.3371844166784
2035-02-26 12:00:00,2035,2,26,NA,0.362233037401065,8.60283745727489
2035-02-27 12:00:00,2035,2,27,NA,-2.50593681469596,1.50286476473993
2035-02-28 12:00:00,2035,2,28,NA,-3.73994380961125,4.62312818928662
2035-03-01 12:00:00,2035,3,1,NA,-5.82183202686582,4.9781776498956
2035-03-02 12:00:00,2035,3,2,NA,-1.66914998909455,12.4592004785458
2035-03-03 12:00:00,2035,3,3,NA,-1.79723178339578,11.0838537404723
2035-03-04 12:00:00,2035,3,4,NA,-1.24045359259462,7.11141434007488
2035-03-05 12:00:00,2035,3,5,NA,-9.63145323364431,5.01957208846058
2035-03-06 12:00:00,2035,3,6,NA,-8.77137114135153,8.53623712696072
2035-03-07 12:00:00,2035,3,7,NA,-3.03167043357462,10.1235207254533
2035-03-08 12:00:00,2035,3,8,NA,-2.78273801979182,14.7663776012474
2035-03-09 12:00:00,2035,3,9,NA,-2.22603973402437,8.45895956476822
2035-03-10 12:00:00,2035,3,10,NA,-1.56163937457131,15.0750809445794
2035-03-11 12:00:00,2035,3,11,NA,-1.18568367646477,16.5720757660619
2035-03-12 12:00:00,2035,3,12,NA,2.31659452016463,9.30355957373089
2035-03-13 12:00:00,2035,3,13,NA,1.26602094768993,9.94844894845324
2035-03-14 12:00:00,2035,3,14,NA,-0.852674405656942,7.85423698404723
2035-03-15 12:00:00,2035,3,15,NA,-0.397557070506286,6.66708942945384
2035-03-16 12:00:00,2035,3,16,NA,-2.27915193942549,3.08694923911014
2035-03-17 12:00:00,2035,3,17,NA,-5.04529433750763,11.5657599307671
2035-03-18 12:00:00,2035,3,18,NA,-2.99111942513158,13.6231313205145
2035-03-19 12:00:00,2035,3,19,NA,-1.90706799020299,13.0957067760952
2035-03-20 12:00:00,2035,3,20,NA,-0.976337287203226,16.7122180742884
2035-03-21 12:00:00,2035,3,21,NA,1.88946325965893,11.7785826563826
2035-03-22 12:00:00,2035,3,22,NA,1.61439667488367,11.7785640609041
2035-03-23 12:00:00,2035,3,23,NA,1.61305342572397,11.7713144607197
2035-03-24 12:00:00,2035,3,24,NA,4.76853164253284,15.3579274687579
2035-03-25 12:00:00,2035,3,25,NA,3.97067526026785,18.0249771884858
2035-03-26 12:00:00,2035,3,26,NA,1.41158885728889,16.414363623587
2035-03-27 12:00:00,2035,3,27,NA,0.914058758122643,17.1910537617467
2035-03-28 12:00:00,2035,3,28,NA,2.01414276409626,13.6322612461372
2035-03-29 12:00:00,2035,3,29,NA,1.27012776790048,16.4256151541971
2035-03-30 12:00:00,2035,3,30,NA,-2.08233348203728,10.625582415918
2035-03-31 12:00:00,2035,3,31,NA,-0.919671536200918,15.1688812067464
2035-04-01 12:00:00,2035,4,1,NA,2.94265475008523,14.8501018998196
2035-04-02 12:00:00,2035,4,2,NA,4.25734770689767,14.2517340463947
2035-04-03 12:00:00,2035,4,3,NA,7.03383475319072,12.4002748119267
2035-04-04 12:00:00,2035,4,4,NA,4.90250931876915,14.5991559667216
2035-04-05 12:00:00,2035,4,5,NA,4.30709544537569,18.3223150354837
2035-04-06 12:00:00,2035,4,6,NA,3.14390075782538,18.1555856626258
2035-04-07 12:00:00,2035,4,7,NA,7.82179611122776,14.4881159308916
2035-04-08 12:00:00,2035,4,8,NA,8.73404387082634,19.4193607037866
2035-04-09 12:00:00,2035,4,9,NA,8.17366683940583,20.9908495949331
2035-04-10 12:00:00,2035,4,10,NA,9.75515690013823,23.5383951221245
2035-04-11 12:00:00,2035,4,11,NA,12.924772281572,23.2360851502391
2035-04-12 12:00:00,2035,4,12,NA,14.0981658098926,21.2053250719007
2035-04-13 12:00:00,2035,4,13,NA,17.6150682681601,19.6954415915809
2035-04-14 12:00:00,2035,4,14,NA,16.3038506158859,18.9766349107552
2035-04-15 12:00:00,2035,4,15,NA,9.50305126250764,15.4237651774939
2035-04-16 12:00:00,2035,4,16,NA,11.4431896631396,16.0498426533731
2035-04-17 12:00:00,2035,4,17,NA,11.8110493976185,23.1441270217593
2035-04-18 12:00:00,2035,4,18,NA,10.0094793589535,24.4658988569123
2035-04-19 12:00:00,2035,4,19,NA,10.9341770354375,24.6825143799635
2035-04-20 12:00:00,2035,4,20,NA,9.42824915796429,21.9593986771684
2035-04-21 12:00:00,2035,4,21,NA,8.99511177319688,20.9184147399531
2035-04-22 12:00:00,2035,4,22,NA,5.71030518793048,19.5152441259532
2035-04-23 12:00:00,2035,4,23,NA,5.07323925413497,23.1405070602676
2035-04-24 12:00:00,2035,4,24,NA,3.62192310711507,21.1722494247391
2035-04-25 12:00:00,2035,4,25,NA,3.65559632995974,19.0892033184753
2035-04-26 12:00:00,2035,4,26,NA,5.66128134279725,21.2829146118298
2035-04-27 12:00:00,2035,4,27,NA,7.26402249638955,19.4053896456226
2035-04-28 12:00:00,2035,4,28,NA,8.75338369399282,16.7211642040231
2035-04-29 12:00:00,2035,4,29,NA,7.37261483680974,21.4071438307126
2035-04-30 12:00:00,2035,4,30,NA,6.88382917595581,22.6051167725119
2035-05-01 12:00:00,2035,5,1,NA,6.57734130369104,24.1742699591735
2035-05-02 12:00:00,2035,5,2,NA,8.4529177486421,22.232422921479
2035-05-03 12:00:00,2035,5,3,NA,11.2260418607848,22.2506631601371
2035-05-04 12:00:00,2035,5,4,NA,11.930492695305,24.9764613833808
2035-05-05 12:00:00,2035,5,5,NA,12.8600185128091,25.9550646715944
2035-05-06 12:00:00,2035,5,6,NA,11.7992243009628,21.7922027207719
2035-05-07 12:00:00,2035,5,7,NA,13.0644221633851,19.5259026866139
2035-05-08 12:00:00,2035,5,8,NA,10.0205290062947,24.8158960390403
2035-05-09 12:00:00,2035,5,9,NA,9.51931753782796,25.3807699496576
2035-05-10 12:00:00,2035,5,10,NA,11.7262478645993,28.1906920538182
2035-05-11 12:00:00,2035,5,11,NA,13.566102318317,28.0141393661635
2035-05-12 12:00:00,2035,5,12,NA,15.706751270607,29.0003691218419
2035-05-13 12:00:00,2035,5,13,NA,16.6149859308038,21.5089664810924
2035-05-14 12:00:00,2035,5,14,NA,14.2478133629624,26.8921802653172
2035-05-15 12:00:00,2035,5,15,NA,11.9414943347708,18.2019174926584
2035-05-16 12:00:00,2035,5,16,NA,13.5962645191148,16.5296136803508
2035-05-17 12:00:00,2035,5,17,NA,11.3394051144759,23.8804785077618
2035-05-18 12:00:00,2035,5,18,NA,10.6458367837717,23.315712193394
2035-05-19 12:00:00,2035,5,19,NA,10.9440063920275,25.6120518231179
2035-05-20 12:00:00,2035,5,20,NA,12.279322853019,25.8683886068787
2035-05-21 12:00:00,2035,5,21,NA,14.3433401508843,26.7499828251837
2035-05-22 12:00:00,2035,5,22,NA,16.7822035966831,22.43701574421
2035-05-23 12:00:00,2035,5,23,NA,18.0739819141048,26.7666958340171
2035-05-24 12:00:00,2035,5,24,NA,16.2074360955027,26.6005263083692
2035-05-25 12:00:00,2035,5,25,NA,16.5734991409775,25.872585555657
2035-05-26 12:00:00,2035,5,26,NA,18.0575043384088,22.9627767423748
2035-05-27 12:00:00,2035,5,27,NA,18.2951635149003,22.8030785786204
2035-05-28 12:00:00,2035,5,28,NA,14.0761995647524,25.7618150981323
2035-05-29 12:00:00,2035,5,29,NA,15.3184683486945,26.8230008817374
2035-05-30 12:00:00,2035,5,30,NA,12.8954519561807,27.6503172258838
2035-05-31 12:00:00,2035,5,31,NA,13.9386920699466,27.1329949490924
2035-06-01 12:00:00,2035,6,1,NA,14.2911371421479,21.2992142356055
2035-06-02 12:00:00,2035,6,2,NA,14.7741347536975,17.7074839149335
2035-06-03 12:00:00,2035,6,3,NA,16.7636227005085,20.8064302431959
2035-06-04 12:00:00,2035,6,4,NA,14.9760720638271,27.0889751793354
2035-06-05 12:00:00,2035,6,5,NA,14.7812735681506,29.9346432949855
2035-06-06 12:00:00,2035,6,6,NA,17.5453195205387,22.6700162411027
2035-06-07 12:00:00,2035,6,7,NA,16.2841012128961,20.5312499285972
2035-06-08 12:00:00,2035,6,8,NA,15.2504820070257,22.3271292951276
2035-06-09 12:00:00,2035,6,9,NA,15.7203537811014,24.7381306656521
2035-06-10 12:00:00,2035,6,10,NA,16.5046646271835,25.4013882424774
2035-06-11 12:00:00,2035,6,11,NA,18.0077820128749,24.0708753643733
2035-06-12 12:00:00,2035,6,12,NA,16.826182189663,26.8160009305382
2035-06-13 12:00:00,2035,6,13,NA,19.0833925000891,30.1478812432479
2035-06-14 12:00:00,2035,6,14,NA,22.7456066303914,25.7619016790757
2035-06-15 12:00:00,2035,6,15,NA,21.4943514998919,26.5741000876476
2035-06-16 12:00:00,2035,6,16,NA,19.4807054402888,30.5266630458036
2035-06-17 12:00:00,2035,6,17,NA,21.3053985296516,26.3032085187809
2035-06-18 12:00:00,2035,6,18,NA,21.1721593969235,28.2084794213526
2035-06-19 12:00:00,2035,6,19,NA,21.0139105741324,31.4347682120904
2035-06-20 12:00:00,2035,6,20,NA,21.4210755647796,30.8451614551409
2035-06-21 12:00:00,2035,6,21,NA,20.9364398154245,30.1706273158189
2035-06-22 12:00:00,2035,6,22,NA,20.2310270160433,31.906913465106
2035-06-23 12:00:00,2035,6,23,NA,26.506428538713,29.6381058015393
2035-06-24 12:00:00,2035,6,24,NA,22.2892534709036,29.7824891973236
2035-06-25 12:00:00,2035,6,25,NA,24.2132960445368,29.6200129106419
2035-06-26 12:00:00,2035,6,26,NA,21.3437339408991,30.9324307849511
2035-06-27 12:00:00,2035,6,27,NA,20.7288478159584,32.5445103407621
2035-06-28 12:00:00,2035,6,28,NA,19.1402277858253,28.6824376055968
2035-06-29 12:00:00,2035,6,29,NA,19.2727497419034,29.9335456602936
2035-06-30 12:00:00,2035,6,30,NA,17.3261096166049,33.484367965821
2035-07-01 12:00:00,2035,7,1,NA,19.8844435870696,32.6963621567708
2035-07-02 12:00:00,2035,7,2,NA,22.5898488292775,33.7628315609136
2035-07-03 12:00:00,2035,7,3,NA,24.6909779067106,31.3173648641951
2035-07-04 12:00:00,2035,7,4,NA,23.3509783355277,29.2645454546744
2035-07-05 12:00:00,2035,7,5,NA,22.367974732855,27.9342490130273
2035-07-06 12:00:00,2035,7,6,NA,22.440934754528,32.3843077996864
2035-07-07 12:00:00,2035,7,7,NA,22.7498295982324,32.6699075098551
2035-07-08 12:00:00,2035,7,8,NA,22.9936406457864,33.7422329812979
2035-07-09 12:00:00,2035,7,9,NA,22.4060823487863,31.9783513309828
2035-07-10 12:00:00,2035,7,10,NA,21.7535234248626,29.8531751464184
2035-07-11 12:00:00,2035,7,11,NA,21.4851805470708,31.0611016722903
2035-07-12 12:00:00,2035,7,12,NA,22.9977233516574,31.9167911051301
2035-07-13 12:00:00,2035,7,13,NA,27.2210805240713,32.189163212785
2035-07-14 12:00:00,2035,7,14,NA,27.4599200700671,31.2442803054145
2035-07-15 12:00:00,2035,7,15,NA,25.3568375995179,28.5332739124847
2035-07-16 12:00:00,2035,7,16,NA,24.0492376334223,29.8561664126669
2035-07-17 12:00:00,2035,7,17,NA,22.343370260569,30.6250365019189
2035-07-18 12:00:00,2035,7,18,NA,16.5502318379568,28.4015353082511
2035-07-19 12:00:00,2035,7,19,NA,19.2308784138137,29.1399880721304
2035-07-20 12:00:00,2035,7,20,NA,20.7605349527148,27.8861109583254
2035-07-21 12:00:00,2035,7,21,NA,21.4400517429038,31.2840325852503
2035-07-22 12:00:00,2035,7,22,NA,20.1451790527586,31.6767685016868
2035-07-23 12:00:00,2035,7,23,NA,22.2949024602693,31.9262435101461
2035-07-24 12:00:00,2035,7,24,NA,23.4919440066241,31.9829848166214
2035-07-25 12:00:00,2035,7,25,NA,21.6954437138806,31.6136070800081
2035-07-26 12:00:00,2035,7,26,NA,21.2483546152258,32.2704890387719
2035-07-27 12:00:00,2035,7,27,NA,24.4488759972825,33.6397548636073
2035-07-28 12:00:00,2035,7,28,NA,25.0401944244732,34.3905476730581
2035-07-29 12:00:00,2035,7,29,NA,25.1903318846591,33.2688116686859
2035-07-30 12:00:00,2035,7,30,NA,25.4953030867633,33.3587724284343
2035-07-31 12:00:00,2035,7,31,NA,24.0601531670568,30.0658639616295
2035-08-01 12:00:00,2035,8,1,NA,22.4936022065184,31.940330151861
2035-08-02 12:00:00,2035,8,2,NA,22.788441212389,31.3690627829183
2035-08-03 12:00:00,2035,8,3,NA,22.8932234315437,28.2949320124044
2035-08-04 12:00:00,2035,8,4,NA,23.1343192344694,29.2865076317576
2035-08-05 12:00:00,2035,8,5,NA,24.8188481643546,32.4526009864669
2035-08-06 12:00:00,2035,8,6,NA,27.154086009148,31.9714269466477
2035-08-07 12:00:00,2035,8,7,NA,27.1529497436578,31.8515041779935
2035-08-08 12:00:00,2035,8,8,NA,26.8679823490463,34.1916991104103
2035-08-09 12:00:00,2035,8,9,NA,26.1811823432972,34.3682704328619
2035-08-10 12:00:00,2035,8,10,NA,25.6156716316404,34.8232789647605
2035-08-11 12:00:00,2035,8,11,NA,27.0383972235389,37.5259616783943
2035-08-12 12:00:00,2035,8,12,NA,28.1699938434819,36.2535004387679
2035-08-13 12:00:00,2035,8,13,NA,28.3197901602827,32.2784392114625
2035-08-14 12:00:00,2035,8,14,NA,23.9131237932678,29.6771744933639
2035-08-15 12:00:00,2035,8,15,NA,24.0185093069025,31.0189405038993
2035-08-16 12:00:00,2035,8,16,NA,24.0653990309474,32.2360936142177
2035-08-17 12:00:00,2035,8,17,NA,21.5419053985544,25.7640942535628
2035-08-18 12:00:00,2035,8,18,NA,23.4989412488776,30.6179889506263
2035-08-19 12:00:00,2035,8,19,NA,20.7855203660171,26.9254263376236
2035-08-20 12:00:00,2035,8,20,NA,24.9148692561231,31.8581475703831
2035-08-21 12:00:00,2035,8,21,NA,24.7797574223591,33.5999895062275
2035-08-22 12:00:00,2035,8,22,NA,24.3542385040189,33.8763836058487
2035-08-23 12:00:00,2035,8,23,NA,24.0046471836954,33.0455882736185
2035-08-24 12:00:00,2035,8,24,NA,23.5645372798203,30.2841064623721
2035-08-25 12:00:00,2035,8,25,NA,23.1968459612718,31.305795785355
2035-08-26 12:00:00,2035,8,26,NA,21.7899179931228,27.5511152122031
2035-08-27 12:00:00,2035,8,27,NA,23.0535365143631,30.8554240530622
2035-08-28 12:00:00,2035,8,28,NA,23.6551617532425,34.21499574636
2035-08-29 12:00:00,2035,8,29,NA,25.2705778676264,32.9546018651385
2035-08-30 12:00:00,2035,8,30,NA,26.2184967078122,28.035564494596
2035-08-31 12:00:00,2035,8,31,NA,21.7109998414033,27.806545345142
2035-09-01 12:00:00,2035,9,1,NA,21.2122997750706,28.8994796466361
2035-09-02 12:00:00,2035,9,2,NA,22.0281130522405,26.8454539897401
2035-09-03 12:00:00,2035,9,3,NA,20.6270066543244,27.82100188931
2035-09-04 12:00:00,2035,9,4,NA,19.8348135527909,26.4639490067113
2035-09-05 12:00:00,2035,9,5,NA,21.3757652015024,25.7993196878923
2035-09-06 12:00:00,2035,9,6,NA,21.2398221921421,29.8380401687818
2035-09-07 12:00:00,2035,9,7,NA,21.8427816510628,32.3872991571481
2035-09-08 12:00:00,2035,9,8,NA,19.4724076730856,29.5626078835514
2035-09-09 12:00:00,2035,9,9,NA,19.5134162615839,30.5446866229998
2035-09-10 12:00:00,2035,9,10,NA,20.4952680667648,31.9929154797587
2035-09-11 12:00:00,2035,9,11,NA,18.8448653297331,32.1331287250046
2035-09-12 12:00:00,2035,9,12,NA,19.4956228855405,33.3025945412688
2035-09-13 12:00:00,2035,9,13,NA,19.5386827182853,32.0023198918218
2035-09-14 12:00:00,2035,9,14,NA,18.3841864557795,28.9616620326167
2035-09-15 12:00:00,2035,9,15,NA,19.6525212970385,29.528672483803
2035-09-16 12:00:00,2035,9,16,NA,19.8472755147534,29.1386678350816
2035-09-17 12:00:00,2035,9,17,NA,17.511785406795,24.9824829403099
2035-09-18 12:00:00,2035,9,18,NA,15.9070665424024,25.6176942701784
2035-09-19 12:00:00,2035,9,19,NA,13.6929967465215,25.1084178975193
2035-09-20 12:00:00,2035,9,20,NA,15.2446345331736,22.4066592551315
2035-09-21 12:00:00,2035,9,21,NA,16.2460361151497,21.0401602393153
2035-09-22 12:00:00,2035,9,22,NA,16.0197769797336,23.598868421621
2035-09-23 12:00:00,2035,9,23,NA,15.3691871626379,25.9511770994843
2035-09-24 12:00:00,2035,9,24,NA,16.8427256477181,28.3582545678471
2035-09-25 12:00:00,2035,9,25,NA,16.464514996166,28.7574011840827
2035-09-26 12:00:00,2035,9,26,NA,15.4677501302881,27.1989224479048
2035-09-27 12:00:00,2035,9,27,NA,16.888160874961,28.3035820259589
2035-09-28 12:00:00,2035,9,28,NA,14.1135290088556,15.8744349618765
2035-09-29 12:00:00,2035,9,29,NA,10.1070850569574,18.7666700307152
2035-09-30 12:00:00,2035,9,30,NA,8.5364785036332,22.8376466342663
2035-10-01 12:00:00,2035,10,1,NA,8.47724060409094,24.4239004233004
2035-10-02 12:00:00,2035,10,2,NA,12.4762492421281,23.0180747330341
2035-10-03 12:00:00,2035,10,3,NA,12.5832124202389,24.6903497965284
2035-10-04 12:00:00,2035,10,4,NA,14.6090113921165,24.1831643751195
2035-10-05 12:00:00,2035,10,5,NA,13.7634524198066,26.0005433570366
2035-10-06 12:00:00,2035,10,6,NA,14.658977668913,28.4483520304407
2035-10-07 12:00:00,2035,10,7,NA,14.1689374346338,26.920533250436
2035-10-08 12:00:00,2035,10,8,NA,15.1728035230214,26.7974263356607
2035-10-09 12:00:00,2035,10,9,NA,10.2997683009542,22.7951507776734
2035-10-10 12:00:00,2035,10,10,NA,13.0321967967019,23.461137805464
2035-10-11 12:00:00,2035,10,11,NA,14.3824643585372,19.088787742021
2035-10-12 12:00:00,2035,10,12,NA,14.1895952695337,17.1457835549888
2035-10-13 12:00:00,2035,10,13,NA,13.367732508542,17.2795602758048
2035-10-14 12:00:00,2035,10,14,NA,9.80122119739107,21.6620553116733
2035-10-15 12:00:00,2035,10,15,NA,13.9827670113198,20.3824736856301
2035-10-16 12:00:00,2035,10,16,NA,11.5314838705616,23.4766589736695
2035-10-17 12:00:00,2035,10,17,NA,10.204419173701,22.8330760899614
2035-10-18 12:00:00,2035,10,18,NA,9.58924899192569,20.8963905967826
2035-10-19 12:00:00,2035,10,19,NA,12.5302603961929,19.8451086846342
2035-10-20 12:00:00,2035,10,20,NA,10.0421835994535,21.6053009356735
2035-10-21 12:00:00,2035,10,21,NA,11.3514115714117,25.1782670508463
2035-10-22 12:00:00,2035,10,22,NA,12.1822514287669,26.8661407646155
2035-10-23 12:00:00,2035,10,23,NA,14.010250141685,25.4473071445729
2035-10-24 12:00:00,2035,10,24,NA,10.9207758447214,20.0923657741297
2035-10-25 12:00:00,2035,10,25,NA,10.8216982367318,19.4422982041378
2035-10-26 12:00:00,2035,10,26,NA,10.4926233719118,19.7754818766673
2035-10-27 12:00:00,2035,10,27,NA,8.67445476120288,17.5531474319285
2035-10-28 12:00:00,2035,10,28,NA,8.57717343007472,21.2527861617576
2035-10-29 12:00:00,2035,10,29,NA,10.4048724887316,23.1781188755456
2035-10-30 12:00:00,2035,10,30,NA,9.79703157940711,22.8429688801881
2035-10-31 12:00:00,2035,10,31,NA,11.5241041556384,18.427194594013
2035-11-01 12:00:00,2035,11,1,NA,9.75122146563438,19.4823075171685
2035-11-02 12:00:00,2035,11,2,NA,9.322685545515,21.1386520157926
2035-11-03 12:00:00,2035,11,3,NA,9.64905674918031,23.9573163943758
2035-11-04 12:00:00,2035,11,4,NA,7.81113398695868,25.4135218969881
2035-11-05 12:00:00,2035,11,5,NA,7.90745285088559,22.1558459924118
2035-11-06 12:00:00,2035,11,6,NA,9.32224129921331,18.7007667709832
2035-11-07 12:00:00,2035,11,7,NA,8.0785363716213,17.0112928030006
2035-11-08 12:00:00,2035,11,8,NA,6.77432631746009,18.0227801858956
2035-11-09 12:00:00,2035,11,9,NA,9.511150067735,21.82848652651
2035-11-10 12:00:00,2035,11,10,NA,6.5744262597835,20.2170930599768
2035-11-11 12:00:00,2035,11,11,NA,6.67441336593005,20.1505337253293
2035-11-12 12:00:00,2035,11,12,NA,9.17351293541545,19.0913786694536
2035-11-13 12:00:00,2035,11,13,NA,3.89804949357945,13.5092428002999
2035-11-14 12:00:00,2035,11,14,NA,2.10804235794731,13.3564962263828
2035-11-15 12:00:00,2035,11,15,NA,1.23699155151491,17.8105159282143
2035-11-16 12:00:00,2035,11,16,NA,4.26423393602046,10.8776740183138
2035-11-17 12:00:00,2035,11,17,NA,4.31666447439466,11.715905563377
2035-11-18 12:00:00,2035,11,18,NA,1.58610965973997,11.7840578703939
2035-11-19 12:00:00,2035,11,19,NA,0.0459779727724197,15.4774375198553
2035-11-20 12:00:00,2035,11,20,NA,0.716986972355263,18.048361907729
2035-11-21 12:00:00,2035,11,21,NA,3.29906622031243,19.0072133161846
2035-11-22 12:00:00,2035,11,22,NA,8.85469454401299,15.9925108454451
2035-11-23 12:00:00,2035,11,23,NA,11.9222393406833,21.8626875601933
2035-11-24 12:00:00,2035,11,24,NA,10.3814794721604,17.6266279305388
2035-11-25 12:00:00,2035,11,25,NA,5.35957396003752,15.1369971366578
2035-11-26 12:00:00,2035,11,26,NA,3.6922708860454,15.7051203961181
2035-11-27 12:00:00,2035,11,27,NA,2.11731558664821,12.2491556046985
2035-11-28 12:00:00,2035,11,28,NA,0.713767194644704,11.6769829748065
2035-11-29 12:00:00,2035,11,29,NA,-0.23648034347743,9.09354919677449
2035-11-30 12:00:00,2035,11,30,NA,0.247351010087519,16.0118971184338
2035-12-01 12:00:00,2035,12,1,NA,2.63317903962603,15.2824498521628
2035-12-02 12:00:00,2035,12,2,NA,3.50828242885097,13.6782266184583
2035-12-03 12:00:00,2035,12,3,NA,4.33537607893487,10.5016199881313
2035-12-04 12:00:00,2035,12,4,NA,3.39122334319929,13.1635776052522
2035-12-05 12:00:00,2035,12,5,NA,4.78074754881438,17.2358207853422
2035-12-06 12:00:00,2035,12,6,NA,5.02074094972396,19.4242773718637
2035-12-07 12:00:00,2035,12,7,NA,5.57927225252562,20.8010974568583
2035-12-08 12:00:00,2035,12,8,NA,4.87349394930536,16.4428456704331
2035-12-09 12:00:00,2035,12,9,NA,10.9124444132557,17.4797341776323
2035-12-10 12:00:00,2035,12,10,NA,8.3565770678535,14.3917021902194
2035-12-11 12:00:00,2035,12,11,NA,7.35576822064429,15.1517540074191
2035-12-12 12:00:00,2035,12,12,NA,7.54278287527582,14.8968420512743
2035-12-13 12:00:00,2035,12,13,NA,4.08841210862505,15.4490450662417
2035-12-14 12:00:00,2035,12,14,NA,4.00589020319546,12.142884793262
2035-12-15 12:00:00,2035,12,15,NA,2.11561450483794,7.2773758552497
2035-12-16 12:00:00,2035,12,16,NA,0.758198638748048,4.51601228406043
2035-12-17 12:00:00,2035,12,17,NA,-0.679515363065899,7.93769865831593
2035-12-18 12:00:00,2035,12,18,NA,-1.77166437083395,8.746449671534
2035-12-19 12:00:00,2035,12,19,NA,-0.0176336706998725,8.34816560105636
2035-12-20 12:00:00,2035,12,20,NA,0.311411688659882,4.57617584494196
2035-12-21 12:00:00,2035,12,21,NA,-1.74826075236986,6.38873383769664
2035-12-22 12:00:00,2035,12,22,NA,-0.704198919983059,9.54174034775382
2035-12-23 12:00:00,2035,12,23,NA,4.0140173792942,16.469090615822
2035-12-24 12:00:00,2035,12,24,NA,8.23105469782761,15.6975848586378
2035-12-25 12:00:00,2035,12,25,NA,3.31806752747728,9.38547053466952
2035-12-26 12:00:00,2035,12,26,NA,-0.500166443762123,2.92243503208209
2035-12-27 12:00:00,2035,12,27,NA,-1.43560599778266,5.89849508225552
2035-12-28 12:00:00,2035,12,28,NA,-7.21734329558697,-1.88332438920202
2035-12-29 12:00:00,2035,12,29,NA,-6.37725136499079,5.23842827085933
2035-12-30 12:00:00,2035,12,30,NA,-6.06191503225993,7.11275486816224
2035-12-31 12:00:00,2035,12,31,NA,-4.10904054744384,4.02795404262266
2036-01-01 12:00:00,2036,1,1,NA,-5.00543108241953,-0.0105384059942111
2036-01-02 12:00:00,2036,1,2,NA,-5.1569462753632,7.29812696116463
2036-01-03 12:00:00,2036,1,3,NA,-4.50390761012095,6.54449392748883
2036-01-04 12:00:00,2036,1,4,NA,-3.37963055481908,8.00899180230123
2036-01-05 12:00:00,2036,1,5,NA,-4.51204327739551,7.86295902547694
2036-01-06 12:00:00,2036,1,6,NA,-3.85554764778366,8.68639203239684
2036-01-07 12:00:00,2036,1,7,NA,-3.48832641171483,6.04263507779139
2036-01-08 12:00:00,2036,1,8,NA,-6.25661877806331,8.09803189611443
2036-01-09 12:00:00,2036,1,9,NA,-7.22157743734511,2.45199051827868
2036-01-10 12:00:00,2036,1,10,NA,-5.38910795115853,7.96693979070795
2036-01-11 12:00:00,2036,1,11,NA,-2.45533022138321,0.642369064212364
2036-01-12 12:00:00,2036,1,12,NA,-4.23872651487244,2.69017903461077
2036-01-13 12:00:00,2036,1,13,NA,-0.553544537442942,5.4238538278286
2036-01-14 12:00:00,2036,1,14,NA,-3.36114030000445,2.63082086566611
2036-01-15 12:00:00,2036,1,15,NA,-3.17537722364009,8.16093875654786
2036-01-16 12:00:00,2036,1,16,NA,-2.96227718096963,8.7619391321175
2036-01-17 12:00:00,2036,1,17,NA,-0.587093626944883,11.7496264987221
2036-01-18 12:00:00,2036,1,18,NA,-2.86746270289669,6.38169592141826
2036-01-19 12:00:00,2036,1,19,NA,-4.42757186024837,3.22899038064076
2036-01-20 12:00:00,2036,1,20,NA,-7.87540348418368,-4.72667108380672
2036-01-21 12:00:00,2036,1,21,NA,-8.99879848936239,-1.81780448324308
2036-01-22 12:00:00,2036,1,22,NA,-6.13742988722137,1.07523808170554
2036-01-23 12:00:00,2036,1,23,NA,-5.81212080663808,4.11938840280598
2036-01-24 12:00:00,2036,1,24,NA,-3.5583205553422,2.46938005519686
2036-01-25 12:00:00,2036,1,25,NA,-6.13647080060997,0.396808125267023
2036-01-26 12:00:00,2036,1,26,NA,-3.59880326748501,7.90353966837603
2036-01-27 12:00:00,2036,1,27,NA,-3.9250506902253,6.34441181759796
2036-01-28 12:00:00,2036,1,28,NA,-2.71699364434411,9.05302012896787
2036-01-29 12:00:00,2036,1,29,NA,-1.42599118133978,7.93101897275452
2036-01-30 12:00:00,2036,1,30,NA,-0.112750538944032,8.54182246943092
2036-01-31 12:00:00,2036,1,31,NA,1.17665686015413,11.5091783800319
2036-02-01 12:00:00,2036,2,1,NA,1.40675225660353,11.5421916233236
2036-02-02 12:00:00,2036,2,2,NA,3.27048474422045,11.3177500449914
2036-02-03 12:00:00,2036,2,3,NA,-0.142581865847776,10.4298100670539
2036-02-04 12:00:00,2036,2,4,NA,3.77578009578341,11.6362893590915
2036-02-05 12:00:00,2036,2,5,NA,1.45910791363193,12.3849850614704
2036-02-06 12:00:00,2036,2,6,NA,0.9829208887759,7.14191076409944
2036-02-07 12:00:00,2036,2,7,NA,0.378601967865747,10.8827657063572
2036-02-08 12:00:00,2036,2,8,NA,-2.20451958425323,10.9580641491552
2036-02-09 12:00:00,2036,2,9,NA,-3.44868363392758,2.15589804151993
2036-02-10 12:00:00,2036,2,10,NA,-6.04900258196312,3.61663898765693
2036-02-11 12:00:00,2036,2,11,NA,-5.4819349633353,3.01032989487367
2036-02-12 12:00:00,2036,2,12,NA,-3.33559048400684,10.3759490067258
2036-02-13 12:00:00,2036,2,13,NA,0.379203987655652,9.57364336182373
2036-02-14 12:00:00,2036,2,14,NA,-2.38878417139802,7.19408367554001
2036-02-15 12:00:00,2036,2,15,NA,-2.76734914270235,5.65534674984636
2036-02-16 12:00:00,2036,2,16,NA,-4.5921584217305,4.29097178971547
2036-02-17 12:00:00,2036,2,17,NA,-2.92722026931865,9.24310517865606
2036-02-18 12:00:00,2036,2,18,NA,-6.4661353920814,6.36813556261954
2036-02-19 12:00:00,2036,2,19,NA,-4.3093891621232,7.27090517295445
2036-02-20 12:00:00,2036,2,20,NA,-6.08840877912664,8.88048195045602
2036-02-21 12:00:00,2036,2,21,NA,-8.07384577264743,11.1449744941211
2036-02-22 12:00:00,2036,2,22,NA,-1.26925809243901,13.406680844656
2036-02-23 12:00:00,2036,2,23,NA,-1.05202944084488,15.7259181248215
2036-02-24 12:00:00,2036,2,24,NA,0.0898635436133794,18.8392705520756
2036-02-25 12:00:00,2036,2,25,NA,1.99009009655608,10.7769577821475
2036-02-26 12:00:00,2036,2,26,NA,-1.04367962910459,4.00670329115863
2036-02-27 12:00:00,2036,2,27,NA,-1.69344707062483,4.73214534590429
2036-02-28 12:00:00,2036,2,28,NA,-2.98276784929036,10.2510422366253
2036-02-29 12:00:00,2036,2,29,NA,-2.46666855007083,3.7258434506582
2036-03-01 12:00:00,2036,3,1,NA,-3.10287103892996,6.8311282456411
2036-03-02 12:00:00,2036,3,2,NA,-0.0898077803114816,11.6572902275982
2036-03-03 12:00:00,2036,3,3,NA,-1.42877239251252,11.3641136269232
2036-03-04 12:00:00,2036,3,4,NA,-0.235236836391184,13.843552419442
2036-03-05 12:00:00,2036,3,5,NA,-1.21543580680683,15.3988149388392
2036-03-06 12:00:00,2036,3,6,NA,2.70851719028764,12.788272109494
2036-03-07 12:00:00,2036,3,7,NA,2.13430786008375,8.28005481017109
2036-03-08 12:00:00,2036,3,8,NA,0.77570179092449,14.963034584177
2036-03-09 12:00:00,2036,3,9,NA,-0.268916445790184,13.2202855640377
2036-03-10 12:00:00,2036,3,10,NA,-0.183751576993321,12.0906676832645
2036-03-11 12:00:00,2036,3,11,NA,1.39866436070394,11.3487078124244
2036-03-12 12:00:00,2036,3,12,NA,0.117229928358203,12.2322458900528
2036-03-13 12:00:00,2036,3,13,NA,0.0697761919385931,6.85045312384364
2036-03-14 12:00:00,2036,3,14,NA,3.93772864646384,10.8230260383895
2036-03-15 12:00:00,2036,3,15,NA,-1.85021141259347,3.34594444273496
2036-03-16 12:00:00,2036,3,16,NA,-2.27968980992408,10.5131962095116
2036-03-17 12:00:00,2036,3,17,NA,-1.12142316105559,15.2251089145628
2036-03-18 12:00:00,2036,3,18,NA,5.52630989854613,13.2615589248839
2036-03-19 12:00:00,2036,3,19,NA,5.66462036822576,17.685688458069
2036-03-20 12:00:00,2036,3,20,NA,4.57880765785117,16.3231765860598
2036-03-21 12:00:00,2036,3,21,NA,3.73627002990478,18.9891810494365
2036-03-22 12:00:00,2036,3,22,NA,6.87205394316958,16.7919915517115
2036-03-23 12:00:00,2036,3,23,NA,5.789993907269,18.514045953379
2036-03-24 12:00:00,2036,3,24,NA,5.02667573208351,18.1015523465764
2036-03-25 12:00:00,2036,3,25,NA,8.80660058857664,20.7056297283535
2036-03-26 12:00:00,2036,3,26,NA,4.8360053590951,20.6617371429611
2036-03-27 12:00:00,2036,3,27,NA,5.06289248693456,23.0636640794008
2036-03-28 12:00:00,2036,3,28,NA,12.2764825419486,21.7508259538108
2036-03-29 12:00:00,2036,3,29,NA,8.78941724981535,22.7785922932163
2036-03-30 12:00:00,2036,3,30,NA,7.86945454518954,18.1561728672343
2036-03-31 12:00:00,2036,3,31,NA,9.24381372747773,17.1993618151183
2036-04-01 12:00:00,2036,4,1,NA,8.96064228438931,13.8502047329113
2036-04-02 12:00:00,2036,4,2,NA,7.2462000787524,20.9973801773203
2036-04-03 12:00:00,2036,4,3,NA,6.58768947841231,17.7975418465573
2036-04-04 12:00:00,2036,4,4,NA,8.87915644036823,24.0406289263035
2036-04-05 12:00:00,2036,4,5,NA,9.78080513939882,24.7802561714448
2036-04-06 12:00:00,2036,4,6,NA,7.72807555469181,23.589399884257
2036-04-07 12:00:00,2036,4,7,NA,6.46961111269622,24.6731801010127
2036-04-08 12:00:00,2036,4,8,NA,7.20638550964319,20.2842076444239
2036-04-09 12:00:00,2036,4,9,NA,5.62886378609201,20.699480328806
2036-04-10 12:00:00,2036,4,10,NA,5.1394649949075,20.2752132800537
2036-04-11 12:00:00,2036,4,11,NA,5.22328770440985,19.6591867267066
2036-04-12 12:00:00,2036,4,12,NA,6.2926443330512,19.3414138266734
2036-04-13 12:00:00,2036,4,13,NA,6.40249443835336,19.6792321613004
2036-04-14 12:00:00,2036,4,14,NA,7.12406643446815,24.3670515916597
2036-04-15 12:00:00,2036,4,15,NA,4.30697946717146,14.783093660443
2036-04-16 12:00:00,2036,4,16,NA,5.79077599590672,23.2697573398718
2036-04-17 12:00:00,2036,4,17,NA,9.595240971931,24.4082603082561
2036-04-18 12:00:00,2036,4,18,NA,8.29339950386019,19.6264771280011
2036-04-19 12:00:00,2036,4,19,NA,11.5097124284453,24.7864501513924
2036-04-20 12:00:00,2036,4,20,NA,10.8718872041529,17.7992509031039
2036-04-21 12:00:00,2036,4,21,NA,6.74391549438508,19.3735010963327
2036-04-22 12:00:00,2036,4,22,NA,9.19640882597007,24.0695207900519
2036-04-23 12:00:00,2036,4,23,NA,8.77067069675919,21.2006988648671
2036-04-24 12:00:00,2036,4,24,NA,11.2899551057974,26.03106929768
2036-04-25 12:00:00,2036,4,25,NA,10.7941255735364,24.4257418231268
2036-04-26 12:00:00,2036,4,26,NA,7.03924365678657,22.1712087263941
2036-04-27 12:00:00,2036,4,27,NA,13.9362066474071,28.0100681357879
2036-04-28 12:00:00,2036,4,28,NA,17.0787752432022,26.0087805746472
2036-04-29 12:00:00,2036,4,29,NA,17.803793003969,21.1761020424508
2036-04-30 12:00:00,2036,4,30,NA,13.0132995545748,24.3892964987786
2036-05-01 12:00:00,2036,5,1,NA,10.9124845810692,24.8339066942536
2036-05-02 12:00:00,2036,5,2,NA,12.1269660123739,26.6954922875679
2036-05-03 12:00:00,2036,5,3,NA,16.2759588900411,22.6176560233129
2036-05-04 12:00:00,2036,5,4,NA,15.912679759171,21.6209880887258
2036-05-05 12:00:00,2036,5,5,NA,15.1031443638901,21.0505780071177
2036-05-06 12:00:00,2036,5,6,NA,13.9046622633782,20.7579037539273
2036-05-07 12:00:00,2036,5,7,NA,11.4554467270721,23.2119958790251
2036-05-08 12:00:00,2036,5,8,NA,12.416035394082,26.8184468127929
2036-05-09 12:00:00,2036,5,9,NA,9.98267061047066,22.4089765765243
2036-05-10 12:00:00,2036,5,10,NA,9.6916839969324,23.9051535905721
2036-05-11 12:00:00,2036,5,11,NA,10.5423070389056,22.3802918837701
2036-05-12 12:00:00,2036,5,12,NA,10.4361779661242,24.6665613492495
2036-05-13 12:00:00,2036,5,13,NA,15.5691249926444,19.3784525946
2036-05-14 12:00:00,2036,5,14,NA,13.8427878419756,25.4037519083739
2036-05-15 12:00:00,2036,5,15,NA,15.9374278213113,29.2310456725461
2036-05-16 12:00:00,2036,5,16,NA,16.6792343461224,28.7975196562982
2036-05-17 12:00:00,2036,5,17,NA,19.3888986755363,32.0587740851586
2036-05-18 12:00:00,2036,5,18,NA,18.1324134666836,31.7117442742649
2036-05-19 12:00:00,2036,5,19,NA,18.1108816015699,33.1157321124593
2036-05-20 12:00:00,2036,5,20,NA,18.0706502220781,31.3821533644393
2036-05-21 12:00:00,2036,5,21,NA,22.3033800969659,24.6391071750032
2036-05-22 12:00:00,2036,5,22,NA,15.847622452268,28.6090185428227
2036-05-23 12:00:00,2036,5,23,NA,15.1108606860832,27.2734333114057
2036-05-24 12:00:00,2036,5,24,NA,17.3501865780985,23.8120537367308
2036-05-25 12:00:00,2036,5,25,NA,15.8669628377344,27.7792248688812
2036-05-26 12:00:00,2036,5,26,NA,14.5978113632526,27.9380992921352
2036-05-27 12:00:00,2036,5,27,NA,16.6999508842647,29.9049777026348
2036-05-28 12:00:00,2036,5,28,NA,15.8406495016085,32.3708800020956
2036-05-29 12:00:00,2036,5,29,NA,16.0242079905991,32.5544384910862
2036-05-30 12:00:00,2036,5,30,NA,16.1373991401745,32.7813287596038
2036-05-31 12:00:00,2036,5,31,NA,19.1965390441201,34.8556015755302
2036-06-01 12:00:00,2036,6,1,NA,20.1704404636551,34.5099668225671
2036-06-02 12:00:00,2036,6,2,NA,17.5273731463447,32.3615733705037
2036-06-03 12:00:00,2036,6,3,NA,21.1399346240136,28.3025173695254
2036-06-04 12:00:00,2036,6,4,NA,18.9969391461978,28.0147160307485
2036-06-05 12:00:00,2036,6,5,NA,16.4427402989525,30.5504807707356
2036-06-06 12:00:00,2036,6,6,NA,18.9056046595838,30.1942626069392
2036-06-07 12:00:00,2036,6,7,NA,18.6803058646986,35.3693544641253
2036-06-08 12:00:00,2036,6,8,NA,23.4090344503698,30.7435889877456
2036-06-09 12:00:00,2036,6,9,NA,23.5268683953744,26.542748417656
2036-06-10 12:00:00,2036,6,10,NA,22.2711694417538,25.1665165961359
2036-06-11 12:00:00,2036,6,11,NA,20.4292367976198,23.4624162103308
2036-06-12 12:00:00,2036,6,12,NA,14.7865561011148,29.4013938355467
2036-06-13 12:00:00,2036,6,13,NA,17.7039640485445,28.4685785430259
2036-06-14 12:00:00,2036,6,14,NA,17.600101156055,27.643274176927
2036-06-15 12:00:00,2036,6,15,NA,15.0962915150564,26.0683360467183
2036-06-16 12:00:00,2036,6,16,NA,13.3790180103709,26.4829854256306
2036-06-17 12:00:00,2036,6,17,NA,14.6676558459554,28.7141100149928
2036-06-18 12:00:00,2036,6,18,NA,16.4990235815437,31.1840968250238
2036-06-19 12:00:00,2036,6,19,NA,16.9609233073887,31.4882341451227
2036-06-20 12:00:00,2036,6,20,NA,17.9839282078185,31.0633438815298
2036-06-21 12:00:00,2036,6,21,NA,19.0475987358697,28.8900394573481
2036-06-22 12:00:00,2036,6,22,NA,19.2770051505665,31.0769148854714
2036-06-23 12:00:00,2036,6,23,NA,19.545038150861,33.4086238035942
2036-06-24 12:00:00,2036,6,24,NA,26.8178888348578,29.7252779610809
2036-06-25 12:00:00,2036,6,25,NA,23.9471167335819,28.2430112030118
2036-06-26 12:00:00,2036,6,26,NA,21.2015399218602,27.5311363605445
2036-06-27 12:00:00,2036,6,27,NA,20.7328509761496,31.4400129903841
2036-06-28 12:00:00,2036,6,28,NA,21.723498135957,30.665628322014
2036-06-29 12:00:00,2036,6,29,NA,23.605664737069,27.2212095608908
2036-06-30 12:00:00,2036,6,30,NA,24.9795865823458,27.9936649743913
2036-07-01 12:00:00,2036,7,1,NA,22.9330738144905,30.610848515741
2036-07-02 12:00:00,2036,7,2,NA,26.2439921640676,31.0354718537587
2036-07-03 12:00:00,2036,7,3,NA,26.8227295010245,29.899556729675
2036-07-04 12:00:00,2036,7,4,NA,25.442710988543,34.3042327844481
2036-07-05 12:00:00,2036,7,5,NA,28.2244764186552,30.1773161805886
2036-07-06 12:00:00,2036,7,6,NA,24.3647566778836,27.269361311353
2036-07-07 12:00:00,2036,7,7,NA,24.7008086142388,32.5774909570908
2036-07-08 12:00:00,2036,7,8,NA,24.2264745282732,30.4323017358943
2036-07-09 12:00:00,2036,7,9,NA,21.818557376785,28.3757796903819
2036-07-10 12:00:00,2036,7,10,NA,23.1357804996652,32.6353759376817
2036-07-11 12:00:00,2036,7,11,NA,23.5006514520236,31.7363069219919
2036-07-12 12:00:00,2036,7,12,NA,22.2055979244358,28.4797355969751
2036-07-13 12:00:00,2036,7,13,NA,22.3447816471292,31.2063034430344
2036-07-14 12:00:00,2036,7,14,NA,22.6524992942788,31.2223487316071
2036-07-15 12:00:00,2036,7,15,NA,25.1480844293374,33.8405031227218
2036-07-16 12:00:00,2036,7,16,NA,25.2323052186418,34.964063008681
2036-07-17 12:00:00,2036,7,17,NA,26.2324207262282,33.7683669377416
2036-07-18 12:00:00,2036,7,18,NA,24.5429955577089,32.1972284609759
2036-07-19 12:00:00,2036,7,19,NA,25.6593954856821,33.59289514734
2036-07-20 12:00:00,2036,7,20,NA,25.4841341553884,32.6444130906967
2036-07-21 12:00:00,2036,7,21,NA,23.1928767513199,29.0424344416271
2036-07-22 12:00:00,2036,7,22,NA,24.3029668831228,32.3493576001796
2036-07-23 12:00:00,2036,7,23,NA,24.395979855174,32.1221411986382
2036-07-24 12:00:00,2036,7,24,NA,25.35977632958,34.4656921346494
2036-07-25 12:00:00,2036,7,25,NA,25.2638431712316,32.8976782400196
2036-07-26 12:00:00,2036,7,26,NA,23.6602001077121,33.3865766645255
2036-07-27 12:00:00,2036,7,27,NA,25.5372330991286,36.6590557330439
2036-07-28 12:00:00,2036,7,28,NA,25.0401554929676,31.567761409747
2036-07-29 12:00:00,2036,7,29,NA,26.9140539138473,31.6945111805366
2036-07-30 12:00:00,2036,7,30,NA,25.5884912301197,28.3031015604398
2036-07-31 12:00:00,2036,7,31,NA,23.6174531066157,25.8324531731676
2036-08-01 12:00:00,2036,8,1,NA,22.0121276448901,28.5171186005062
2036-08-02 12:00:00,2036,8,2,NA,22.9611285893253,30.7656650614601
2036-08-03 12:00:00,2036,8,3,NA,20.5960188538735,28.6033325506348
2036-08-04 12:00:00,2036,8,4,NA,20.6561003567041,31.2159343498216
2036-08-05 12:00:00,2036,8,5,NA,19.7881080120217,31.3280524294264
2036-08-06 12:00:00,2036,8,6,NA,21.8003572133655,28.5199263959172
2036-08-07 12:00:00,2036,8,7,NA,22.5773829740781,31.2160560711302
2036-08-08 12:00:00,2036,8,8,NA,23.5321258038376,32.9471421460527
2036-08-09 12:00:00,2036,8,9,NA,22.9123443680918,28.9489710522979
2036-08-10 12:00:00,2036,8,10,NA,22.0428157331215,32.0513347366034
2036-08-11 12:00:00,2036,8,11,NA,24.6764613306106,27.1922430159288
2036-08-12 12:00:00,2036,8,12,NA,23.0869359076895,31.609762906408
2036-08-13 12:00:00,2036,8,13,NA,22.0130673666816,31.7503786531594
2036-08-14 12:00:00,2036,8,14,NA,26.3736603649615,30.865973864296
2036-08-15 12:00:00,2036,8,15,NA,26.6340151998321,28.5597097669682
2036-08-16 12:00:00,2036,8,16,NA,23.6400628944893,33.2471384024739
2036-08-17 12:00:00,2036,8,17,NA,22.8604911967401,30.8795212883331
2036-08-18 12:00:00,2036,8,18,NA,23.2212022041707,31.8723987575915
2036-08-19 12:00:00,2036,8,19,NA,25.2560369065869,34.4329504942806
2036-08-20 12:00:00,2036,8,20,NA,25.6728497754206,30.3758753171333
2036-08-21 12:00:00,2036,8,21,NA,25.4492770078668,32.0286921111331
2036-08-22 12:00:00,2036,8,22,NA,24.4089175225205,32.8023330784314
2036-08-23 12:00:00,2036,8,23,NA,22.2644607079355,31.8134589857337
2036-08-24 12:00:00,2036,8,24,NA,21.5549975933119,31.8672439694522
2036-08-25 12:00:00,2036,8,25,NA,20.9323469831319,31.4915082800654
2036-08-26 12:00:00,2036,8,26,NA,20.3915720128291,27.1268057966561
2036-08-27 12:00:00,2036,8,27,NA,20.2315779057742,30.7930628755323
2036-08-28 12:00:00,2036,8,28,NA,23.1459083301986,32.7720645653525
2036-08-29 12:00:00,2036,8,29,NA,22.0044649050873,32.0149006043931
2036-08-30 12:00:00,2036,8,30,NA,21.3798017723753,31.4748245207508
2036-08-31 12:00:00,2036,8,31,NA,20.6654884203403,29.7999238799729
2036-09-01 12:00:00,2036,9,1,NA,20.6437811465895,29.3024276613585
2036-09-02 12:00:00,2036,9,2,NA,22.2198525463411,30.8610196237726
2036-09-03 12:00:00,2036,9,3,NA,21.3968766451132,33.2102007334885
2036-09-04 12:00:00,2036,9,4,NA,20.7506271658442,33.2130071242749
2036-09-05 12:00:00,2036,9,5,NA,21.3943818303772,29.0882406455754
2036-09-06 12:00:00,2036,9,6,NA,22.8606227898838,29.0049859917817
2036-09-07 12:00:00,2036,9,7,NA,22.3679288929539,32.0790674450754
2036-09-08 12:00:00,2036,9,8,NA,20.8298316835958,31.3927186929082
2036-09-09 12:00:00,2036,9,9,NA,24.0672227964243,25.6159340595063
2036-09-10 12:00:00,2036,9,10,NA,18.920065796056,25.266773766841
2036-09-11 12:00:00,2036,9,11,NA,15.6152245851178,27.0262049671104
2036-09-12 12:00:00,2036,9,12,NA,17.750058160591,30.2085570038291
2036-09-13 12:00:00,2036,9,13,NA,15.3172138881265,22.987793282798
2036-09-14 12:00:00,2036,9,14,NA,15.9274774664662,27.3039430785155
2036-09-15 12:00:00,2036,9,15,NA,19.4431964572584,28.0699803813131
2036-09-16 12:00:00,2036,9,16,NA,18.6714149441083,28.259548905528
2036-09-17 12:00:00,2036,9,17,NA,18.4520045650596,30.2245654904946
2036-09-18 12:00:00,2036,9,18,NA,19.9436397400031,32.3070555683037
2036-09-19 12:00:00,2036,9,19,NA,19.8905084748742,31.5712735710671
2036-09-20 12:00:00,2036,9,20,NA,17.5747640897763,28.1137592885287
2036-09-21 12:00:00,2036,9,21,NA,20.4291895625513,24.2764958884739
2036-09-22 12:00:00,2036,9,22,NA,17.2101305554013,23.5635756920804
2036-09-23 12:00:00,2036,9,23,NA,12.1429041186399,20.8006897160789
2036-09-24 12:00:00,2036,9,24,NA,11.6267262491262,23.7321332601822
2036-09-25 12:00:00,2036,9,25,NA,13.6467863025724,28.2395684450266
2036-09-26 12:00:00,2036,9,26,NA,14.6433294725094,29.0271188675933
2036-09-27 12:00:00,2036,9,27,NA,17.479592468366,28.4682113919558
2036-09-28 12:00:00,2036,9,28,NA,19.8093946890527,29.2494531747848
2036-09-29 12:00:00,2036,9,29,NA,17.9874583721469,25.6568996837774
2036-09-30 12:00:00,2036,9,30,NA,16.156697594109,27.6685805491913
2036-10-01 12:00:00,2036,10,1,NA,16.6909118126119,29.1438211386863
2036-10-02 12:00:00,2036,10,2,NA,21.5951141075218,30.717817758868
2036-10-03 12:00:00,2036,10,3,NA,21.2134094517432,31.3363980619624
2036-10-04 12:00:00,2036,10,4,NA,18.3854773523238,28.3356108229528
2036-10-05 12:00:00,2036,10,5,NA,20.3338740228539,25.0401974063377
2036-10-06 12:00:00,2036,10,6,NA,15.5826419746482,27.6782963703007
2036-10-07 12:00:00,2036,10,7,NA,16.8386162311551,28.4017335673751
2036-10-08 12:00:00,2036,10,8,NA,12.79375006952,26.0725568485735
2036-10-09 12:00:00,2036,10,9,NA,8.74650347461777,24.8442974080786
2036-10-10 12:00:00,2036,10,10,NA,6.48536235015406,23.0093852341586
2036-10-11 12:00:00,2036,10,11,NA,8.32156111765391,23.3574630443061
2036-10-12 12:00:00,2036,10,12,NA,9.99743825764769,23.9192679143944
2036-10-13 12:00:00,2036,10,13,NA,11.7448970364011,19.549382819956
2036-10-14 12:00:00,2036,10,14,NA,12.8468620217045,25.6201084085185
2036-10-15 12:00:00,2036,10,15,NA,11.97609320194,25.1038977999631
2036-10-16 12:00:00,2036,10,16,NA,9.48558424243427,15.4842248059955
2036-10-17 12:00:00,2036,10,17,NA,8.45181702204183,23.2766137241879
2036-10-18 12:00:00,2036,10,18,NA,9.03975711652926,20.0830872824731
2036-10-19 12:00:00,2036,10,19,NA,12.6811274007194,24.0624460516758
2036-10-20 12:00:00,2036,10,20,NA,14.1187954591717,22.6963173265633
2036-10-21 12:00:00,2036,10,21,NA,15.5735339075977,19.5159542515782
2036-10-22 12:00:00,2036,10,22,NA,12.8029382738949,21.1411224256713
2036-10-23 12:00:00,2036,10,23,NA,16.305576655265,20.1320310946427
2036-10-24 12:00:00,2036,10,24,NA,13.8220199375265,21.6265057210815
2036-10-25 12:00:00,2036,10,25,NA,9.54448533079739,23.4663149875441
2036-10-26 12:00:00,2036,10,26,NA,9.26843875610406,19.419142418576
2036-10-27 12:00:00,2036,10,27,NA,9.27376510429055,21.7637311197751
2036-10-28 12:00:00,2036,10,28,NA,7.80568144525512,20.2931547967997
2036-10-29 12:00:00,2036,10,29,NA,9.28837010600484,22.8240713288194
2036-10-30 12:00:00,2036,10,30,NA,11.6730476900637,25.1675205210306
2036-10-31 12:00:00,2036,10,31,NA,9.97829662142603,20.3909445045803
2036-11-01 12:00:00,2036,11,1,NA,5.98141039632383,18.7139177331328
2036-11-02 12:00:00,2036,11,2,NA,6.74074862295412,16.4061469821257
2036-11-03 12:00:00,2036,11,3,NA,7.40056657016284,18.6655995741954
2036-11-04 12:00:00,2036,11,4,NA,5.97671176497651,12.8097523701979
2036-11-05 12:00:00,2036,11,5,NA,1.86509760569473,8.02214476336906
2036-11-06 12:00:00,2036,11,6,NA,1.46019168691209,14.9177208509791
2036-11-07 12:00:00,2036,11,7,NA,4.70980578931784,20.2352167305185
2036-11-08 12:00:00,2036,11,8,NA,8.62478296903521,20.4456202059824
2036-11-09 12:00:00,2036,11,9,NA,8.65860110576766,20.0630156217151
2036-11-10 12:00:00,2036,11,10,NA,6.71965444737077,22.113421766457
2036-11-11 12:00:00,2036,11,11,NA,9.36064553895244,19.0371548681911
2036-11-12 12:00:00,2036,11,12,NA,6.17622611868766,19.5956809038869
2036-11-13 12:00:00,2036,11,13,NA,7.98606298155382,21.5333968311463
2036-11-14 12:00:00,2036,11,14,NA,9.84828644534313,20.8189174801547
2036-11-15 12:00:00,2036,11,15,NA,8.54276932561951,16.4165367964606
2036-11-16 12:00:00,2036,11,16,NA,5.41356084106916,20.4074173903595
2036-11-17 12:00:00,2036,11,17,NA,3.67244944489626,19.9493533217924
2036-11-18 12:00:00,2036,11,18,NA,7.21363611981482,19.6322909556697
2036-11-19 12:00:00,2036,11,19,NA,7.66306941828319,18.9432964314723
2036-11-20 12:00:00,2036,11,20,NA,6.8427102153634,19.592415454253
2036-11-21 12:00:00,2036,11,21,NA,8.15240018220061,21.1661152666604
2036-11-22 12:00:00,2036,11,22,NA,4.77833207624761,10.9816401159635
2036-11-23 12:00:00,2036,11,23,NA,-0.700511936753669,10.7876478604957
2036-11-24 12:00:00,2036,11,24,NA,-2.40543011028003,8.68873995237964
2036-11-25 12:00:00,2036,11,25,NA,-2.12160982403057,11.3891405788228
2036-11-26 12:00:00,2036,11,26,NA,-0.466040208923087,13.8551080591791
2036-11-27 12:00:00,2036,11,27,NA,0.572076154958018,16.0018682713669
2036-11-28 12:00:00,2036,11,28,NA,-3.04797766366139,10.6355816387688
2036-11-29 12:00:00,2036,11,29,NA,1.58419380368961,13.4624333562852
2036-11-30 12:00:00,2036,11,30,NA,0.778464944401733,13.9779106440665
2036-12-01 12:00:00,2036,12,1,NA,0.942608421734636,15.9096188716
2036-12-02 12:00:00,2036,12,2,NA,0.815461549274636,14.5558563027341
2036-12-03 12:00:00,2036,12,3,NA,2.33776574658471,10.7690829513461
2036-12-04 12:00:00,2036,12,4,NA,5.45283344132928,13.0254482477175
2036-12-05 12:00:00,2036,12,5,NA,3.41869830712506,12.2441482924838
2036-12-06 12:00:00,2036,12,6,NA,3.07320072618423,6.49580220202844
2036-12-07 12:00:00,2036,12,7,NA,0.169030893818412,9.26671009892526
2036-12-08 12:00:00,2036,12,8,NA,1.53494597388777,13.4519507890381
2036-12-09 12:00:00,2036,12,9,NA,4.70454288904688,13.0797057407452
2036-12-10 12:00:00,2036,12,10,NA,0.180054921126133,6.71473449170911
2036-12-11 12:00:00,2036,12,11,NA,-3.46569752541852,3.06449506809057
2036-12-12 12:00:00,2036,12,12,NA,-2.01591646815164,9.10389163135978
2036-12-13 12:00:00,2036,12,13,NA,-3.98675723215935,3.97275736372847
2036-12-14 12:00:00,2036,12,14,NA,-3.44180353941267,8.45235510830945
2036-12-15 12:00:00,2036,12,15,NA,-0.623772126279508,4.42204972407433
2036-12-16 12:00:00,2036,12,16,NA,-2.01391542681661,4.0514241196877
2036-12-17 12:00:00,2036,12,17,NA,-2.31747882542983,7.41415205108518
2036-12-18 12:00:00,2036,12,18,NA,-2.52559885334144,7.3094563155668
2036-12-19 12:00:00,2036,12,19,NA,-1.49485413439779,9.79363588215591
2036-12-20 12:00:00,2036,12,20,NA,-1.36663672632559,10.7508512385016
2036-12-21 12:00:00,2036,12,21,NA,-6.58704372145822,0.716058159994412
2036-12-22 12:00:00,2036,12,22,NA,-3.66728240785996,9.17608212114562
2036-12-23 12:00:00,2036,12,23,NA,0.0865195439641466,10.9586297699847
2036-12-24 12:00:00,2036,12,24,NA,1.82591476022863,17.3709386421431
2036-12-25 12:00:00,2036,12,25,NA,2.96529082254355,13.680505764984
2036-12-26 12:00:00,2036,12,26,NA,-0.155914436808187,13.1878902806945
2036-12-27 12:00:00,2036,12,27,NA,1.38537448728615,9.83743427262634
2036-12-28 12:00:00,2036,12,28,NA,-0.456841295176705,7.33155104889983
2036-12-29 12:00:00,2036,12,29,NA,-1.49605574079297,5.38553659464605
2036-12-30 12:00:00,2036,12,30,NA,-4.10442752425308,1.49922272607047
2036-12-31 12:00:00,2036,12,31,NA,-6.60015783617774,3.86213601777217
2037-01-01 12:00:00,2037,1,1,NA,-1.42911284757899,5.8760261653156
2037-01-02 12:00:00,2037,1,2,NA,-4.58949298924264,2.50247333326162
2037-01-03 12:00:00,2037,1,3,NA,-3.26332386666557,-0.614128757952961
2037-01-04 12:00:00,2037,1,4,NA,-2.73134091641118,2.70187629677196
2037-01-05 12:00:00,2037,1,5,NA,-1.60456154603668,3.69486902639254
2037-01-06 12:00:00,2037,1,6,NA,-3.39093603756822,2.20779322454582
2037-01-07 12:00:00,2037,1,7,NA,-3.78123482673437,7.25219847749665
2037-01-08 12:00:00,2037,1,8,NA,-9.71251815110575,-0.782691047611617
2037-01-09 12:00:00,2037,1,9,NA,-9.82543692913984,1.36347769446484
2037-01-10 12:00:00,2037,1,10,NA,-2.95461645503616,13.0956666982398
2037-01-11 12:00:00,2037,1,11,NA,-1.61063356358375,10.213263913164
2037-01-12 12:00:00,2037,1,12,NA,-1.40745670854344,10.1493754690638
2037-01-13 12:00:00,2037,1,13,NA,-3.51720313002582,10.9040214096941
2037-01-14 12:00:00,2037,1,14,NA,-2.21170235291499,10.2240071322178
2037-01-15 12:00:00,2037,1,15,NA,-2.61676689004231,6.41418064704946
2037-01-16 12:00:00,2037,1,16,NA,-3.8469451966018,6.48557632327593
2037-01-17 12:00:00,2037,1,17,NA,-4.13485037770804,2.8710995824274
2037-01-18 12:00:00,2037,1,18,NA,-4.3573243599389,-0.10994939472693
2037-01-19 12:00:00,2037,1,19,NA,-11.4618267499089,0.308187023403075
2037-01-20 12:00:00,2037,1,20,NA,-5.86646277473757,3.2022253480723
2037-01-21 12:00:00,2037,1,21,NA,-4.1918966082161,3.86100449727624
2037-01-22 12:00:00,2037,1,22,NA,-4.50264355791714,6.5921059233765
2037-01-23 12:00:00,2037,1,23,NA,-4.74986952760087,6.06023452852792
2037-01-24 12:00:00,2037,1,24,NA,-6.92883218986255,6.16569979906806
2037-01-25 12:00:00,2037,1,25,NA,-10.3308317138965,-3.12634110820423
2037-01-26 12:00:00,2037,1,26,NA,-7.9911288466015,4.97075840011618
2037-01-27 12:00:00,2037,1,27,NA,-8.12197175674665,0.614973300679432
2037-01-28 12:00:00,2037,1,28,NA,-4.19895963154188,4.849266413365
2037-01-29 12:00:00,2037,1,29,NA,-4.50466001488931,3.48501783040759
2037-01-30 12:00:00,2037,1,30,NA,-0.498822282356964,7.50579411401739
2037-01-31 12:00:00,2037,1,31,NA,2.28095986636322,11.2156184936718
2037-02-01 12:00:00,2037,2,1,NA,3.20593303114034,5.08813763788593
2037-02-02 12:00:00,2037,2,2,NA,-1.29953133935157,5.76520805662996
2037-02-03 12:00:00,2037,2,3,NA,-2.43051148302404,4.89025530051341
2037-02-04 12:00:00,2037,2,4,NA,-4.58020248651566,7.86065750889222
2037-02-05 12:00:00,2037,2,5,NA,-4.31695178476182,13.3796940606486
2037-02-06 12:00:00,2037,2,6,NA,-3.02405447999522,11.4563637852433
2037-02-07 12:00:00,2037,2,7,NA,2.85738265115358,14.3852968587814
2037-02-08 12:00:00,2037,2,8,NA,1.9915118494467,10.6638129558549
2037-02-09 12:00:00,2037,2,9,NA,2.1834776486759,10.6785601146701
2037-02-10 12:00:00,2037,2,10,NA,1.34261267683583,3.72538693468665
2037-02-11 12:00:00,2037,2,11,NA,-1.88835622679449,5.4245714264864
2037-02-12 12:00:00,2037,2,12,NA,1.16823833317443,11.9242916801498
2037-02-13 12:00:00,2037,2,13,NA,2.04962662715658,12.9755037749951
2037-02-14 12:00:00,2037,2,14,NA,1.69140237421182,14.7559832222024
2037-02-15 12:00:00,2037,2,15,NA,0.383605966817529,14.3819213699573
2037-02-16 12:00:00,2037,2,16,NA,-2.49881411094476,5.86527867492335
2037-02-17 12:00:00,2037,2,17,NA,-2.56022777051509,7.49345463030576
2037-02-18 12:00:00,2037,2,18,NA,2.82444181731787,11.5973832651682
2037-02-19 12:00:00,2037,2,19,NA,-1.31267730129141,9.96668934113362
2037-02-20 12:00:00,2037,2,20,NA,-2.26603783248382,9.5363164269211
2037-02-21 12:00:00,2037,2,21,NA,-2.7672766485261,11.6579130904772
2037-02-22 12:00:00,2037,2,22,NA,-2.69362841823638,11.3658082496484
2037-02-23 12:00:00,2037,2,23,NA,-0.287797129693355,15.2065737436913
2037-02-24 12:00:00,2037,2,24,NA,2.39764249099423,14.5598184201088
2037-02-25 12:00:00,2037,2,25,NA,0.693297125083723,11.4619199850959
2037-02-26 12:00:00,2037,2,26,NA,0.975539805953699,16.1626080679499
2037-02-27 12:00:00,2037,2,27,NA,1.76213331354797,9.0756494867335
2037-02-28 12:00:00,2037,2,28,NA,-1.84832934648819,8.74855562805743
2037-03-01 12:00:00,2037,3,1,NA,1.46213293988695,12.8090974382068
2037-03-02 12:00:00,2037,3,2,NA,1.50023007589999,10.8345936115371
2037-03-03 12:00:00,2037,3,3,NA,-2.13947359790373,8.68987124118558
2037-03-04 12:00:00,2037,3,4,NA,-14.0706193344947,1.78079485086732
2037-03-05 12:00:00,2037,3,5,NA,-7.5536654940727,6.13621828020608
2037-03-06 12:00:00,2037,3,6,NA,-5.53230019375929,10.3676978540924
2037-03-07 12:00:00,2037,3,7,NA,-0.591993699743901,6.03492180664549
2037-03-08 12:00:00,2037,3,8,NA,0.743214441550153,12.6592838845616
2037-03-09 12:00:00,2037,3,9,NA,4.44714519486765,6.43663903972262
2037-03-10 12:00:00,2037,3,10,NA,0.154681328793166,9.86741549688315
2037-03-11 12:00:00,2037,3,11,NA,2.07973480912564,8.03872105772269
2037-03-12 12:00:00,2037,3,12,NA,0.951736604516906,5.5537881750485
2037-03-13 12:00:00,2037,3,13,NA,-0.689640377646581,5.44999073041482
2037-03-14 12:00:00,2037,3,14,NA,-1.57239153230914,7.81749811691753
2037-03-15 12:00:00,2037,3,15,NA,-1.31324249116348,8.56927114884396
2037-03-16 12:00:00,2037,3,16,NA,-3.16794738412057,12.0381504175435
2037-03-17 12:00:00,2037,3,17,NA,-0.789033922247247,12.9008498520315
2037-03-18 12:00:00,2037,3,18,NA,4.04195012325671,15.1099943734497
2037-03-19 12:00:00,2037,3,19,NA,4.05903022899404,14.53535989225
2037-03-20 12:00:00,2037,3,20,NA,3.27668451379472,10.5388856791515
2037-03-21 12:00:00,2037,3,21,NA,3.57734982189104,14.7558450967215
2037-03-22 12:00:00,2037,3,22,NA,2.67304891207677,17.5731113023339
2037-03-23 12:00:00,2037,3,23,NA,6.98101854887553,14.7162675752133
2037-03-24 12:00:00,2037,3,24,NA,12.2642434444174,18.193433129329
2037-03-25 12:00:00,2037,3,25,NA,9.42713996639188,11.814366651375
2037-03-26 12:00:00,2037,3,26,NA,7.01664808851396,11.9012228287233
2037-03-27 12:00:00,2037,3,27,NA,7.8116593014557,20.519575199411
2037-03-28 12:00:00,2037,3,28,NA,9.0532669694006,21.1491392672503
2037-03-29 12:00:00,2037,3,29,NA,12.5546463127501,23.4899705731384
2037-03-30 12:00:00,2037,3,30,NA,9.18363898618761,18.2956262399021
2037-03-31 12:00:00,2037,3,31,NA,6.30311406766165,20.6808771005861
2037-04-01 12:00:00,2037,4,1,NA,6.17773174029962,12.0948442257228
2037-04-02 12:00:00,2037,4,2,NA,4.59314424286848,12.2478899951666
2037-04-03 12:00:00,2037,4,3,NA,4.26167381870293,19.0948371147474
2037-04-04 12:00:00,2037,4,4,NA,6.70226622085273,20.466186946901
2037-04-05 12:00:00,2037,4,5,NA,6.76253940327612,17.3573221693273
2037-04-06 12:00:00,2037,4,6,NA,7.21549928743454,21.3230270594409
2037-04-07 12:00:00,2037,4,7,NA,7.50248011833374,26.3216806998785
2037-04-08 12:00:00,2037,4,8,NA,11.9754952853928,22.9133549002543
2037-04-09 12:00:00,2037,4,9,NA,10.8206173689479,19.7422295593157
2037-04-10 12:00:00,2037,4,10,NA,9.21542650248815,19.8974764931254
2037-04-11 12:00:00,2037,4,11,NA,7.7596862549667,17.1815520539851
2037-04-12 12:00:00,2037,4,12,NA,9.90974478439565,23.890835932293
2037-04-13 12:00:00,2037,4,13,NA,5.2337009099209,23.2159008449877
2037-04-14 12:00:00,2037,4,14,NA,7.30056025769754,23.1211673301423
2037-04-15 12:00:00,2037,4,15,NA,7.9226820990481,18.7374319173703
2037-04-16 12:00:00,2037,4,16,NA,6.69444553919783,18.6238758689596
2037-04-17 12:00:00,2037,4,17,NA,10.8122397435864,17.8262161900993
2037-04-18 12:00:00,2037,4,18,NA,11.7602298648274,17.1377556049278
2037-04-19 12:00:00,2037,4,19,NA,11.6687911623697,19.3007458304616
2037-04-20 12:00:00,2037,4,20,NA,6.29021400840212,21.1991443631196
2037-04-21 12:00:00,2037,4,21,NA,7.93429068066707,24.1301363056859
2037-04-22 12:00:00,2037,4,22,NA,8.06256617201217,22.593799359925
2037-04-23 12:00:00,2037,4,23,NA,7.54100507661364,20.1572411720148
2037-04-24 12:00:00,2037,4,24,NA,6.20155650274861,20.5434287804664
2037-04-25 12:00:00,2037,4,25,NA,6.420855359284,22.2036112378052
2037-04-26 12:00:00,2037,4,26,NA,6.89176669942706,23.8775537003586
2037-04-27 12:00:00,2037,4,27,NA,10.3096394356189,25.9021922224515
2037-04-28 12:00:00,2037,4,28,NA,10.3265804524641,25.2300075547148
2037-04-29 12:00:00,2037,4,29,NA,12.4080441180022,25.5212778770556
2037-04-30 12:00:00,2037,4,30,NA,13.184416556235,16.7834888274469
2037-05-01 12:00:00,2037,5,1,NA,7.31304147357858,17.5187578271673
2037-05-02 12:00:00,2037,5,2,NA,7.49263535482753,21.395029362764
2037-05-03 12:00:00,2037,5,3,NA,6.94190515561325,21.9653519110769
2037-05-04 12:00:00,2037,5,4,NA,9.35549863585972,24.3480970537609
2037-05-05 12:00:00,2037,5,5,NA,9.790221406659,24.4701187613654
2037-05-06 12:00:00,2037,5,6,NA,10.28682424325,26.6819179505744
2037-05-07 12:00:00,2037,5,7,NA,12.488008151918,25.8982065569918
2037-05-08 12:00:00,2037,5,8,NA,13.4409336211641,28.2067250205278
2037-05-09 12:00:00,2037,5,9,NA,13.4485248821462,27.7656392176784
2037-05-10 12:00:00,2037,5,10,NA,21.4838643627229,25.9917794264429
2037-05-11 12:00:00,2037,5,11,NA,19.5846662481788,25.3952454307024
2037-05-12 12:00:00,2037,5,12,NA,16.3356242462312,26.3286026660403
2037-05-13 12:00:00,2037,5,13,NA,15.6562557431958,26.8399437046624
2037-05-14 12:00:00,2037,5,14,NA,18.8174809939685,25.1591781272402
2037-05-15 12:00:00,2037,5,15,NA,15.2499746722223,31.8878645693958
2037-05-16 12:00:00,2037,5,16,NA,15.872186332087,30.9147974161596
2037-05-17 12:00:00,2037,5,17,NA,14.5882185792621,28.287147239155
2037-05-18 12:00:00,2037,5,18,NA,15.7079612950772,22.5568982754417
2037-05-19 12:00:00,2037,5,19,NA,12.2677688431903,25.9007972098177
2037-05-20 12:00:00,2037,5,20,NA,13.9599911365464,26.0684120919296
2037-05-21 12:00:00,2037,5,21,NA,14.6991973228395,27.8938151295681
2037-05-22 12:00:00,2037,5,22,NA,14.4539467081274,30.8768454328263
2037-05-23 12:00:00,2037,5,23,NA,13.2423270852113,26.2342032014518
2037-05-24 12:00:00,2037,5,24,NA,13.4982674937863,30.824770773136
2037-05-25 12:00:00,2037,5,25,NA,14.4225373981381,26.3458514316168
2037-05-26 12:00:00,2037,5,26,NA,15.1393711635748,29.456485499107
2037-05-27 12:00:00,2037,5,27,NA,18.6740839954495,31.3439594050718
2037-05-28 12:00:00,2037,5,28,NA,18.1901949328837,27.7567161831544
2037-05-29 12:00:00,2037,5,29,NA,15.8531071119462,30.5398450331863
2037-05-30 12:00:00,2037,5,30,NA,18.9636322940769,30.6823920321181
2037-05-31 12:00:00,2037,5,31,NA,19.9061121316371,30.4791098582377
2037-06-01 12:00:00,2037,6,1,NA,20.2301456185713,33.4226885268599
2037-06-02 12:00:00,2037,6,2,NA,16.9935926739084,31.3945198838878
2037-06-03 12:00:00,2037,6,3,NA,18.1651106959631,30.2780138114714
2037-06-04 12:00:00,2037,6,4,NA,20.2000059961175,30.3628390048646
2037-06-05 12:00:00,2037,6,5,NA,20.1361488947308,29.8664255511441
2037-06-06 12:00:00,2037,6,6,NA,24.2898151036763,27.3229945163872
2037-06-07 12:00:00,2037,6,7,NA,23.1702475357381,28.1884416721188
2037-06-08 12:00:00,2037,6,8,NA,21.7998272921827,29.0855975986726
2037-06-09 12:00:00,2037,6,9,NA,19.670533177378,33.5702026720007
2037-06-10 12:00:00,2037,6,10,NA,20.4796759960501,30.944462523629
2037-06-11 12:00:00,2037,6,11,NA,21.6840051554231,30.7691689228462
2037-06-12 12:00:00,2037,6,12,NA,21.2350242829764,32.0612126309145
2037-06-13 12:00:00,2037,6,13,NA,21.4914008852572,32.0291313401544
2037-06-14 12:00:00,2037,6,14,NA,25.9061631282781,31.0819402533208
2037-06-15 12:00:00,2037,6,15,NA,22.3128847643738,33.7765934416729
2037-06-16 12:00:00,2037,6,16,NA,22.2210566951967,30.2816859130839
2037-06-17 12:00:00,2037,6,17,NA,21.7335668050501,29.8190910482562
2037-06-18 12:00:00,2037,6,18,NA,20.2230886950798,27.9008633963303
2037-06-19 12:00:00,2037,6,19,NA,20.32733968009,31.0746205757091
2037-06-20 12:00:00,2037,6,20,NA,24.3499537503268,31.2935524990128
2037-06-21 12:00:00,2037,6,21,NA,21.0491954328023,32.6546158626957
2037-06-22 12:00:00,2037,6,22,NA,21.4004510017734,32.9672891044241
2037-06-23 12:00:00,2037,6,23,NA,23.3430930971913,31.7980608121585
2037-06-24 12:00:00,2037,6,24,NA,22.7589665395883,33.8821738508151
2037-06-25 12:00:00,2037,6,25,NA,22.9393385883517,34.2131473839373
2037-06-26 12:00:00,2037,6,26,NA,23.0499708113204,30.4976115071735
2037-06-27 12:00:00,2037,6,27,NA,22.129748189754,31.216429062649
2037-06-28 12:00:00,2037,6,28,NA,24.3577041737757,27.3788691406296
2037-06-29 12:00:00,2037,6,29,NA,24.0432137386224,29.6919573672605
2037-06-30 12:00:00,2037,6,30,NA,22.8577016096416,31.9556457674052
2037-07-01 12:00:00,2037,7,1,NA,21.7692488748799,33.7298443933554
2037-07-02 12:00:00,2037,7,2,NA,20.5543177652854,34.6948820196598
2037-07-03 12:00:00,2037,7,3,NA,23.2688025055739,35.0214548581307
2037-07-04 12:00:00,2037,7,4,NA,23.8519078155477,34.1986163217619
2037-07-05 12:00:00,2037,7,5,NA,26.9998405783145,29.7673453277212
2037-07-06 12:00:00,2037,7,6,NA,23.1989882364345,30.1686810373243
2037-07-07 12:00:00,2037,7,7,NA,21.2122780871638,33.2956126164168
2037-07-08 12:00:00,2037,7,8,NA,21.6755841499181,34.7528525108003
2037-07-09 12:00:00,2037,7,9,NA,21.9195749626194,34.9729676949895
2037-07-10 12:00:00,2037,7,10,NA,23.2069342211846,34.7091306882196
2037-07-11 12:00:00,2037,7,11,NA,23.6517467570637,33.2830878069405
2037-07-12 12:00:00,2037,7,12,NA,24.791021004274,31.8789873441882
2037-07-13 12:00:00,2037,7,13,NA,25.3410849039716,33.1682260804553
2037-07-14 12:00:00,2037,7,14,NA,25.6257476046803,35.1832730826116
2037-07-15 12:00:00,2037,7,15,NA,25.104414061611,32.7307577904412
2037-07-16 12:00:00,2037,7,16,NA,25.3355920584281,32.3415512136664
2037-07-17 12:00:00,2037,7,17,NA,25.7439220715335,28.6974643743787
2037-07-18 12:00:00,2037,7,18,NA,24.9917997868843,31.5490221004813
2037-07-19 12:00:00,2037,7,19,NA,24.2670906916194,35.2796169031361
2037-07-20 12:00:00,2037,7,20,NA,24.7363743398357,34.4912069811702
2037-07-21 12:00:00,2037,7,21,NA,26.1902363971842,33.9218620195629
2037-07-22 12:00:00,2037,7,22,NA,26.2288107538682,30.1649791116148
2037-07-23 12:00:00,2037,7,23,NA,27.16188003306,32.0473560305691
2037-07-24 12:00:00,2037,7,24,NA,27.9150190540391,30.6127063697821
2037-07-25 12:00:00,2037,7,25,NA,25.4504856537205,32.8901117979992
2037-07-26 12:00:00,2037,7,26,NA,25.0966314397174,36.80403784787
2037-07-27 12:00:00,2037,7,27,NA,25.4177288463446,37.1703811989014
2037-07-28 12:00:00,2037,7,28,NA,25.7888676344473,35.4592559531119
2037-07-29 12:00:00,2037,7,29,NA,27.6615035697201,33.3086170545568
2037-07-30 12:00:00,2037,7,30,NA,26.8397277416743,31.429748605455
2037-07-31 12:00:00,2037,7,31,NA,25.6789106361606,33.9158300565462
2037-08-01 12:00:00,2037,8,1,NA,23.7651740736452,25.7180138355786
2037-08-02 12:00:00,2037,8,2,NA,22.1707925685627,29.4337353930401
2037-08-03 12:00:00,2037,8,3,NA,21.9789785865112,31.8156927468812
2037-08-04 12:00:00,2037,8,4,NA,23.6702670634831,32.3847613862284
2037-08-05 12:00:00,2037,8,5,NA,25.1795239092375,35.2630287342106
2037-08-06 12:00:00,2037,8,6,NA,23.5113861977448,29.8742330228358
2037-08-07 12:00:00,2037,8,7,NA,24.3617423261839,32.5547147444934
2037-08-08 12:00:00,2037,8,8,NA,24.3067937086387,33.8055234589379
2037-08-09 12:00:00,2037,8,9,NA,21.2237196658828,32.0117286188363
2037-08-10 12:00:00,2037,8,10,NA,23.724173007314,31.4044929631575
2037-08-11 12:00:00,2037,8,11,NA,24.3208300491086,33.830483824424
2037-08-12 12:00:00,2037,8,12,NA,28.4001277593281,34.4956732630668
2037-08-13 12:00:00,2037,8,13,NA,28.1477420557196,35.5938928627236
2037-08-14 12:00:00,2037,8,14,NA,26.6958699018948,37.2513627610461
2037-08-15 12:00:00,2037,8,15,NA,26.2404465340981,36.4535818507582
2037-08-16 12:00:00,2037,8,16,NA,27.0821079108364,37.1770168986468
2037-08-17 12:00:00,2037,8,17,NA,27.7877466027932,34.3755445402977
2037-08-18 12:00:00,2037,8,18,NA,27.1293431951861,33.2350882353653
2037-08-19 12:00:00,2037,8,19,NA,26.4240064008873,33.1558688021787
2037-08-20 12:00:00,2037,8,20,NA,27.8597625734595,33.6205569106959
2037-08-21 12:00:00,2037,8,21,NA,26.9275168719664,31.7376240839367
2037-08-22 12:00:00,2037,8,22,NA,24.1346148960959,34.3290933299697
2037-08-23 12:00:00,2037,8,23,NA,25.8612532910352,35.2780886218235
2037-08-24 12:00:00,2037,8,24,NA,26.2612460207857,30.4868257052078
2037-08-25 12:00:00,2037,8,25,NA,23.6819005240963,31.7025549839499
2037-08-26 12:00:00,2037,8,26,NA,22.6474116968367,32.957516617242
2037-08-27 12:00:00,2037,8,27,NA,22.198923669164,31.8004247463596
2037-08-28 12:00:00,2037,8,28,NA,19.0807797359202,26.8826672746192
2037-08-29 12:00:00,2037,8,29,NA,20.0091861139228,31.5491305313276
2037-08-30 12:00:00,2037,8,30,NA,18.8501516170949,28.4307536543199
2037-08-31 12:00:00,2037,8,31,NA,19.9707825321647,29.5930561753391
2037-09-01 12:00:00,2037,9,1,NA,20.747870588731,28.5497581274301
2037-09-02 12:00:00,2037,9,2,NA,18.8199897146823,28.8227275257352
2037-09-03 12:00:00,2037,9,3,NA,18.5682737831574,30.0470398637408
2037-09-04 12:00:00,2037,9,4,NA,18.8324454706871,26.5257062505125
2037-09-05 12:00:00,2037,9,5,NA,18.2402368482476,25.084888760102
2037-09-06 12:00:00,2037,9,6,NA,17.384258816001,25.5587821774983
2037-09-07 12:00:00,2037,9,7,NA,18.6703191779184,25.0854624640879
2037-09-08 12:00:00,2037,9,8,NA,18.4414183032446,24.3065422311216
2037-09-09 12:00:00,2037,9,9,NA,16.5015952370549,24.1753342490334
2037-09-10 12:00:00,2037,9,10,NA,13.9982437660401,23.597812014029
2037-09-11 12:00:00,2037,9,11,NA,14.3478879169123,19.4209923495161
2037-09-12 12:00:00,2037,9,12,NA,13.6210749519702,22.4378120439642
2037-09-13 12:00:00,2037,9,13,NA,14.9959023209032,28.4446638401806
2037-09-14 12:00:00,2037,9,14,NA,16.1686643263518,32.4982741551856
2037-09-15 12:00:00,2037,9,15,NA,18.8954536020719,35.195611451618
2037-09-16 12:00:00,2037,9,16,NA,20.1227748986804,35.4594185156812
2037-09-17 12:00:00,2037,9,17,NA,20.9141401502781,34.3397608231563
2037-09-18 12:00:00,2037,9,18,NA,22.4448656741131,32.0311641835621
2037-09-19 12:00:00,2037,9,19,NA,21.6390607840419,31.2204882249261
2037-09-20 12:00:00,2037,9,20,NA,20.4490480301664,27.4921158182421
2037-09-21 12:00:00,2037,9,21,NA,17.4919791678398,24.5428550519582
2037-09-22 12:00:00,2037,9,22,NA,17.0939729800486,24.1844569362564
2037-09-23 12:00:00,2037,9,23,NA,16.1468454869447,24.854479136919
2037-09-24 12:00:00,2037,9,24,NA,15.1446273451445,22.8339847256094
2037-09-25 12:00:00,2037,9,25,NA,15.073563625751,25.9229124323451
2037-09-26 12:00:00,2037,9,26,NA,13.8462759612933,26.3098089160984
2037-09-27 12:00:00,2037,9,27,NA,17.2620769275346,27.844066864381
2037-09-28 12:00:00,2037,9,28,NA,15.6316526341493,26.5220205980947
2037-09-29 12:00:00,2037,9,29,NA,15.4925835503923,22.5974164070535
2037-09-30 12:00:00,2037,9,30,NA,15.1860342050585,22.2766340592409
2037-10-01 12:00:00,2037,10,1,NA,15.7983777316152,24.2450726030384
2037-10-02 12:00:00,2037,10,2,NA,16.2100186679733,30.8028008104275
2037-10-03 12:00:00,2037,10,3,NA,16.1550333504176,29.4230914738104
2037-10-04 12:00:00,2037,10,4,NA,16.5209542419714,29.20020751171
2037-10-05 12:00:00,2037,10,5,NA,17.3746618226063,26.2533544933319
2037-10-06 12:00:00,2037,10,6,NA,16.2373198194956,25.1163085509128
2037-10-07 12:00:00,2037,10,7,NA,15.1833110309302,25.0087146135839
2037-10-08 12:00:00,2037,10,8,NA,12.6105199894773,26.0346970820124
2037-10-09 12:00:00,2037,10,9,NA,9.34856448688881,20.3054964927017
2037-10-10 12:00:00,2037,10,10,NA,8.77052331294395,20.6464258638992
2037-10-11 12:00:00,2037,10,11,NA,12.4763561692983,22.3036979585635
2037-10-12 12:00:00,2037,10,12,NA,12.9544188222765,26.4128807894714
2037-10-13 12:00:00,2037,10,13,NA,12.6513508282825,26.5731804850292
2037-10-14 12:00:00,2037,10,14,NA,17.482802043095,27.2237164710651
2037-10-15 12:00:00,2037,10,15,NA,16.0268614609398,24.7334977603069
2037-10-16 12:00:00,2037,10,16,NA,12.7453505610272,26.5812448603166
2037-10-17 12:00:00,2037,10,17,NA,13.4135260424246,26.5332887830519
2037-10-18 12:00:00,2037,10,18,NA,13.5624926259929,28.598394552645
2037-10-19 12:00:00,2037,10,19,NA,18.1746354460615,29.4508241079335
2037-10-20 12:00:00,2037,10,20,NA,18.5796927873663,24.6507998948029
2037-10-21 12:00:00,2037,10,21,NA,13.2956114810409,22.9287808509329
2037-10-22 12:00:00,2037,10,22,NA,14.153877686272,23.3644678427506
2037-10-23 12:00:00,2037,10,23,NA,12.7973879841243,24.4307860795821
2037-10-24 12:00:00,2037,10,24,NA,12.1987260095232,22.1803245120836
2037-10-25 12:00:00,2037,10,25,NA,10.8173576776906,17.72381976066
2037-10-26 12:00:00,2037,10,26,NA,9.26675622923873,22.3930457178053
2037-10-27 12:00:00,2037,10,27,NA,8.39777695864163,19.8857745755378
2037-10-28 12:00:00,2037,10,28,NA,9.60034676612639,18.5452600195753
2037-10-29 12:00:00,2037,10,29,NA,9.23711827121483,18.4594978413105
2037-10-30 12:00:00,2037,10,30,NA,7.1753585345645,19.0399558737837
2037-10-31 12:00:00,2037,10,31,NA,7.37428480390802,20.4314721237357
2037-11-01 12:00:00,2037,11,1,NA,7.47919239793298,22.5344768097379
2037-11-02 12:00:00,2037,11,2,NA,5.29422639563375,16.0989578438778
2037-11-03 12:00:00,2037,11,3,NA,3.93013739250071,15.189320246585
2037-11-04 12:00:00,2037,11,4,NA,4.45992732265247,19.6450250471886
2037-11-05 12:00:00,2037,11,5,NA,9.50774003061379,25.1867270939531
2037-11-06 12:00:00,2037,11,6,NA,10.6607559498292,23.2243479567779
2037-11-07 12:00:00,2037,11,7,NA,11.3386295435958,23.3514790536685
2037-11-08 12:00:00,2037,11,8,NA,10.5132565803545,21.7844136407858
2037-11-09 12:00:00,2037,11,9,NA,9.76677195623147,20.1222168104121
2037-11-10 12:00:00,2037,11,10,NA,7.46294170205123,17.4537787811629
2037-11-11 12:00:00,2037,11,11,NA,7.4086920477421,12.8685248677548
2037-11-12 12:00:00,2037,11,12,NA,1.91104056801091,7.09293750437365
2037-11-13 12:00:00,2037,11,13,NA,0.185519416084597,11.9119647485119
2037-11-14 12:00:00,2037,11,14,NA,4.78937998069073,9.43837483668528
2037-11-15 12:00:00,2037,11,15,NA,3.21287651987433,13.5774135360636
2037-11-16 12:00:00,2037,11,16,NA,1.50791481380663,11.7058630244606
2037-11-17 12:00:00,2037,11,17,NA,2.02066986334181,13.2807663240751
2037-11-18 12:00:00,2037,11,18,NA,1.47559866342657,10.5053190890988
2037-11-19 12:00:00,2037,11,19,NA,6.06859630088756,14.6300321416972
2037-11-20 12:00:00,2037,11,20,NA,5.75151989247951,17.1571538897442
2037-11-21 12:00:00,2037,11,21,NA,6.77485713142889,11.6559395701747
2037-11-22 12:00:00,2037,11,22,NA,7.96095091431136,11.3057665774326
2037-11-23 12:00:00,2037,11,23,NA,2.97133616168115,12.9112328016226
2037-11-24 12:00:00,2037,11,24,NA,2.79333823162403,15.1929562776921
2037-11-25 12:00:00,2037,11,25,NA,2.07713479256546,11.3951190308373
2037-11-26 12:00:00,2037,11,26,NA,1.49253223415702,13.9696515579438
2037-11-27 12:00:00,2037,11,27,NA,-1.31255625740421,12.6221553575552
2037-11-28 12:00:00,2037,11,28,NA,-2.37202959156079,8.15823704283583
2037-11-29 12:00:00,2037,11,29,NA,-2.06833759425002,10.9453774902097
2037-11-30 12:00:00,2037,11,30,NA,0.0211787276339042,12.0340282377066
2037-12-01 12:00:00,2037,12,1,NA,-0.676012585987429,12.2683819883908
2037-12-02 12:00:00,2037,12,2,NA,1.7379232047586,13.1438678786127
2037-12-03 12:00:00,2037,12,3,NA,6.50092272348205,14.6913548074512
2037-12-04 12:00:00,2037,12,4,NA,3.36694427147359,12.9598104582168
2037-12-05 12:00:00,2037,12,5,NA,3.16035738284245,12.9795379410649
2037-12-06 12:00:00,2037,12,6,NA,1.42799674169597,12.6513111615137
2037-12-07 12:00:00,2037,12,7,NA,1.6071729434255,11.7464824580321
2037-12-08 12:00:00,2037,12,8,NA,2.93831115192371,14.5539907877738
2037-12-09 12:00:00,2037,12,9,NA,0.979087114399641,9.59630113578147
2037-12-10 12:00:00,2037,12,10,NA,1.47316072901796,9.56808276282138
2037-12-11 12:00:00,2037,12,11,NA,2.7888111320611,8.85837444646691
2037-12-12 12:00:00,2037,12,12,NA,4.12370002128267,15.9644294505533
2037-12-13 12:00:00,2037,12,13,NA,9.1464511318535,15.0941512001521
2037-12-14 12:00:00,2037,12,14,NA,2.86280689084585,8.69731274665624
2037-12-15 12:00:00,2037,12,15,NA,0.0794026213173655,10.5329734990436
2037-12-16 12:00:00,2037,12,16,NA,-1.53187548022186,8.191638076753
2037-12-17 12:00:00,2037,12,17,NA,-3.01559430357993,10.7773722741412
2037-12-18 12:00:00,2037,12,18,NA,0.452626232590141,4.88803849870738
2037-12-19 12:00:00,2037,12,19,NA,3.90002562801567,5.92355633130231
2037-12-20 12:00:00,2037,12,20,NA,-1.70878420537964,-0.398184491778721
2037-12-21 12:00:00,2037,12,21,NA,-6.05876105816922,-0.989276898891689
2037-12-22 12:00:00,2037,12,22,NA,-5.80188247730495,3.50172859405524
2037-12-23 12:00:00,2037,12,23,NA,-6.95770415219391,4.15086405695624
2037-12-24 12:00:00,2037,12,24,NA,-4.57404796260798,3.89325975888758
2037-12-25 12:00:00,2037,12,25,NA,-5.62476417866256,7.32940225569728
2037-12-26 12:00:00,2037,12,26,NA,-0.995109718945233,8.20898478175074
2037-12-27 12:00:00,2037,12,27,NA,1.82050608854237,9.60889843261891
2037-12-28 12:00:00,2037,12,28,NA,2.94021686689877,13.8123270929194
2037-12-29 12:00:00,2037,12,29,NA,-0.506351965260874,15.9484928408013
2037-12-30 12:00:00,2037,12,30,NA,4.01881056414566,10.1464523173102
2037-12-31 12:00:00,2037,12,31,NA,-0.996443342058721,9.63644364609666
2038-01-01 12:00:00,2038,1,1,NA,-3.47815947340453,7.85609605148853
2038-01-02 12:00:00,2038,1,2,NA,-1.73413428249495,7.32430660066774
2038-01-03 12:00:00,2038,1,3,NA,-1.02861421815254,10.4918032770942
2038-01-04 12:00:00,2038,1,4,NA,-0.801524422214348,8.42744435830437
2038-01-05 12:00:00,2038,1,5,NA,-0.315379702177267,10.4665070287718
2038-01-06 12:00:00,2038,1,6,NA,-0.486732957958179,7.60999270934776
2038-01-07 12:00:00,2038,1,7,NA,-5.26432130304602,1.308062687127
2038-01-08 12:00:00,2038,1,8,NA,-7.21333696500363,-0.104950070585915
2038-01-09 12:00:00,2038,1,9,NA,-1.61401203486118,7.3206465924474
2038-01-10 12:00:00,2038,1,10,NA,-1.15813500917472,10.1577189898361
2038-01-11 12:00:00,2038,1,11,NA,-1.08361355804586,5.55545495403252
2038-01-12 12:00:00,2038,1,12,NA,0.291767957708848,6.44332962229212
2038-01-13 12:00:00,2038,1,13,NA,-1.24839871436645,4.92102940781457
2038-01-14 12:00:00,2038,1,14,NA,-2.1378195024501,10.2569380568366
2038-01-15 12:00:00,2038,1,15,NA,-0.354336008785374,12.9298572554861
2038-01-16 12:00:00,2038,1,16,NA,1.25356784036202,13.3008419040393
2038-01-17 12:00:00,2038,1,17,NA,2.65377675177301,15.2989105901972
2038-01-18 12:00:00,2038,1,18,NA,4.62864436578518,12.6928135318765
2038-01-19 12:00:00,2038,1,19,NA,5.44659175907945,11.3709671002391
2038-01-20 12:00:00,2038,1,20,NA,1.33622757619808,4.19741790061407
2038-01-21 12:00:00,2038,1,21,NA,-2.88875419806512,5.57474016915528
2038-01-22 12:00:00,2038,1,22,NA,-4.46431785999627,5.85368594651108
2038-01-23 12:00:00,2038,1,23,NA,-4.87010687049222,2.95342459174621
2038-01-24 12:00:00,2038,1,24,NA,-4.06411431280222,3.32111552395506
2038-01-25 12:00:00,2038,1,25,NA,-6.43476311288064,3.08787702636744
2038-01-26 12:00:00,2038,1,26,NA,0.809752076319859,6.89232281186382
2038-01-27 12:00:00,2038,1,27,NA,3.92534407421102,7.07407647458798
2038-01-28 12:00:00,2038,1,28,NA,-6.05705110464038,1.14068951920165
2038-01-29 12:00:00,2038,1,29,NA,-6.93089991921797,-0.397620993340976
2038-01-30 12:00:00,2038,1,30,NA,-7.6619552915973,4.62589357800394
2038-01-31 12:00:00,2038,1,31,NA,-3.53358328605815,5.74162845341628
2038-02-01 12:00:00,2038,2,1,NA,-1.73222620964793,9.60408977054002
2038-02-02 12:00:00,2038,2,2,NA,2.76483416309208,13.5741271370361
2038-02-03 12:00:00,2038,2,3,NA,3.5431045824752,13.231967416033
2038-02-04 12:00:00,2038,2,4,NA,7.37456331155236,14.4014885339015
2038-02-05 12:00:00,2038,2,5,NA,2.35616802817066,12.8281650731481
2038-02-06 12:00:00,2038,2,6,NA,0.341274699484792,10.5341722170039
2038-02-07 12:00:00,2038,2,7,NA,-2.66940124538058,8.34347536129276
2038-02-08 12:00:00,2038,2,8,NA,-3.91712326487889,10.5504074252847
2038-02-09 12:00:00,2038,2,9,NA,-0.714555237393443,5.10534863287929
2038-02-10 12:00:00,2038,2,10,NA,-0.884604946639068,7.0605464487077
2038-02-11 12:00:00,2038,2,11,NA,-2.27248266641467,1.79920510295075
2038-02-12 12:00:00,2038,2,12,NA,-0.992983984383818,5.16848239793418
2038-02-13 12:00:00,2038,2,13,NA,-2.50893961666241,2.70561033337382
2038-02-14 12:00:00,2038,2,14,NA,-6.35936878793092,-1.11591219972721
2038-02-15 12:00:00,2038,2,15,NA,-9.00817081780527,6.17889744419097
2038-02-16 12:00:00,2038,2,16,NA,-6.69928979400986,4.16837746542012
2038-02-17 12:00:00,2038,2,17,NA,-1.02788022995418,11.4966109182985
2038-02-18 12:00:00,2038,2,18,NA,-1.35686511516032,8.02334964174496
2038-02-19 12:00:00,2038,2,19,NA,-2.90135870558168,5.4499016707892
2038-02-20 12:00:00,2038,2,20,NA,-0.907187269029753,6.70472807694371
2038-02-21 12:00:00,2038,2,21,NA,-1.40346040082978,8.77069742235541
2038-02-22 12:00:00,2038,2,22,NA,-5.96957995900913,3.34917029644026
2038-02-23 12:00:00,2038,2,23,NA,3.53142948391893,9.91213369122338
2038-02-24 12:00:00,2038,2,24,NA,1.62820143484468,9.9216704313211
2038-02-25 12:00:00,2038,2,25,NA,0.794409738963053,9.15280549711629
2038-02-26 12:00:00,2038,2,26,NA,2.41745462088313,15.0210368532321
2038-02-27 12:00:00,2038,2,27,NA,3.36170560654609,13.0781736925817
2038-02-28 12:00:00,2038,2,28,NA,1.16171283822442,18.6966147454178
2038-03-01 12:00:00,2038,3,1,NA,6.60575032637547,15.6269749585641
2038-03-02 12:00:00,2038,3,2,NA,6.08003130943136,18.7152940944458
2038-03-03 12:00:00,2038,3,3,NA,4.52528190532957,16.5425747970434
2038-03-04 12:00:00,2038,3,4,NA,2.11417727943808,17.5291221088875
2038-03-05 12:00:00,2038,3,5,NA,3.01020033044081,17.2606638631856
2038-03-06 12:00:00,2038,3,6,NA,4.82286183768589,6.81235568254085
2038-03-07 12:00:00,2038,3,7,NA,3.9238041908648,12.6062321916281
2038-03-08 12:00:00,2038,3,8,NA,4.19966479266231,13.7676965030675
2038-03-09 12:00:00,2038,3,9,NA,3.36644602216152,15.8612691339326
2038-03-10 12:00:00,2038,3,10,NA,1.32891949224503,14.0549038171325
2038-03-11 12:00:00,2038,3,11,NA,-0.583647352569498,12.7162740828851
2038-03-12 12:00:00,2038,3,12,NA,0.28223125651891,12.4107304704639
2038-03-13 12:00:00,2038,3,13,NA,0.563953397752091,15.6227890299769
2038-03-14 12:00:00,2038,3,14,NA,1.39120879013623,15.5785415833887
2038-03-15 12:00:00,2038,3,15,NA,1.73742229262174,19.4617880891239
2038-03-16 12:00:00,2038,3,16,NA,-0.823799872463109,10.2524370477111
2038-03-17 12:00:00,2038,3,17,NA,-0.109390757864477,12.8381123632982
2038-03-18 12:00:00,2038,3,18,NA,-1.83736543097575,11.7867357745718
2038-03-19 12:00:00,2038,3,19,NA,-1.9666270041422,14.6476237415038
2038-03-20 12:00:00,2038,3,20,NA,5.18772410743546,13.6543331354897
2038-03-21 12:00:00,2038,3,21,NA,6.09996427398356,15.6679959843887
2038-03-22 12:00:00,2038,3,22,NA,4.05948997566579,18.138279231499
2038-03-23 12:00:00,2038,3,23,NA,8.30088636372605,19.4280061378223
2038-03-24 12:00:00,2038,3,24,NA,9.0276651916788,20.7027204282657
2038-03-25 12:00:00,2038,3,25,NA,10.1087491621764,20.995226153215
2038-03-26 12:00:00,2038,3,26,NA,5.30177026727997,18.7697820148078
2038-03-27 12:00:00,2038,3,27,NA,4.97042190583299,12.0388010125818
2038-03-28 12:00:00,2038,3,28,NA,4.16833780081392,10.2536762014373
2038-03-29 12:00:00,2038,3,29,NA,5.07863022713789,16.6830816630827
2038-03-30 12:00:00,2038,3,30,NA,4.2269208000253,16.3041783422302
2038-03-31 12:00:00,2038,3,31,NA,4.00971764361087,11.3916987157283
2038-04-01 12:00:00,2038,4,1,NA,0.668103096339431,13.4415043301723
2038-04-02 12:00:00,2038,4,2,NA,1.86409302028753,13.9791089819821
2038-04-03 12:00:00,2038,4,3,NA,6.7270677587033,17.5843944815163
2038-04-04 12:00:00,2038,4,4,NA,4.85456581984438,15.5366158104816
2038-04-05 12:00:00,2038,4,5,NA,3.41499438339886,19.1362819799549
2038-04-06 12:00:00,2038,4,6,NA,1.37342225627023,12.4809531121567
2038-04-07 12:00:00,2038,4,7,NA,2.36311409191491,18.2875565300397
2038-04-08 12:00:00,2038,4,8,NA,1.16258459135703,13.7718482615061
2038-04-09 12:00:00,2038,4,9,NA,1.6776755154633,18.6836881632903
2038-04-10 12:00:00,2038,4,10,NA,4.61203713095926,16.7437492720615
2038-04-11 12:00:00,2038,4,11,NA,2.52897225824007,9.71482388470917
2038-04-12 12:00:00,2038,4,12,NA,4.72564843001748,12.4489412164317
2038-04-13 12:00:00,2038,4,13,NA,4.41086481608924,14.8030188827296
2038-04-14 12:00:00,2038,4,14,NA,5.60183896337238,21.3845948418936
2038-04-15 12:00:00,2038,4,15,NA,5.26757957273003,16.8537393706477
2038-04-16 12:00:00,2038,4,16,NA,6.18176563317948,21.1854865830411
2038-04-17 12:00:00,2038,4,17,NA,9.03259271955773,17.9542049099255
2038-04-18 12:00:00,2038,4,18,NA,8.34795775278464,19.9341175507023
2038-04-19 12:00:00,2038,4,19,NA,7.00151866587385,20.0793408006545
2038-04-20 12:00:00,2038,4,20,NA,6.71979688740529,25.1532577705076
2038-04-21 12:00:00,2038,4,21,NA,9.6859666092116,29.6192965926063
2038-04-22 12:00:00,2038,4,22,NA,12.4997716759814,27.2258264862316
2038-04-23 12:00:00,2038,4,23,NA,10.6229435051346,28.4721332651591
2038-04-24 12:00:00,2038,4,24,NA,14.9494298362524,30.6707174328085
2038-04-25 12:00:00,2038,4,25,NA,18.9134117135017,23.6061370543866
2038-04-26 12:00:00,2038,4,26,NA,17.6201744405686,21.4824120070575
2038-04-27 12:00:00,2038,4,27,NA,17.9334353889163,26.8721051127792
2038-04-28 12:00:00,2038,4,28,NA,16.4811240705331,27.4724635722596
2038-04-29 12:00:00,2038,4,29,NA,16.9224083101521,21.1245383462189
2038-04-30 12:00:00,2038,4,30,NA,12.3745437236283,22.2043800612806
2038-05-01 12:00:00,2038,5,1,NA,12.3833854341476,24.6919143835436
2038-05-02 12:00:00,2038,5,2,NA,9.16257855126443,26.1685911990914
2038-05-03 12:00:00,2038,5,3,NA,11.0111652542246,24.0571339423004
2038-05-04 12:00:00,2038,5,4,NA,9.22985954719552,24.4014574937849
2038-05-05 12:00:00,2038,5,5,NA,10.2276862294021,21.913301762782
2038-05-06 12:00:00,2038,5,6,NA,10.2526311432055,19.1885659255153
2038-05-07 12:00:00,2038,5,7,NA,9.34489010250892,19.7688076674364
2038-05-08 12:00:00,2038,5,8,NA,7.10704276416031,15.922789294859
2038-05-09 12:00:00,2038,5,9,NA,9.12005440278076,17.2236666478885
2038-05-10 12:00:00,2038,5,10,NA,8.93423623670607,16.9776788680861
2038-05-11 12:00:00,2038,5,11,NA,9.40319450403045,16.1438070680623
2038-05-12 12:00:00,2038,5,12,NA,11.3535296168228,17.8912898130096
2038-05-13 12:00:00,2038,5,13,NA,11.0496631212723,20.4440362526993
2038-05-14 12:00:00,2038,5,14,NA,9.90217043181539,25.8207245618789
2038-05-15 12:00:00,2038,5,15,NA,9.92106763102504,29.3973631595321
2038-05-16 12:00:00,2038,5,16,NA,13.7335731867161,27.1696614797935
2038-05-17 12:00:00,2038,5,17,NA,10.6386775119397,23.5683721277173
2038-05-18 12:00:00,2038,5,18,NA,13.8682842145838,24.0881215927801
2038-05-19 12:00:00,2038,5,19,NA,11.0873544401177,26.1107524402209
2038-05-20 12:00:00,2038,5,20,NA,11.1464611595572,24.1134831874218
2038-05-21 12:00:00,2038,5,21,NA,13.8440959281183,21.3074115776515
2038-05-22 12:00:00,2038,5,22,NA,11.4544200022396,27.1291893482779
2038-05-23 12:00:00,2038,5,23,NA,12.4323679595711,27.1353053492008
2038-05-24 12:00:00,2038,5,24,NA,10.5987176581708,26.4310324438805
2038-05-25 12:00:00,2038,5,25,NA,14.5253222988518,21.8625534835671
2038-05-26 12:00:00,2038,5,26,NA,12.8001816340286,23.9838695954952
2038-05-27 12:00:00,2038,5,27,NA,13.048237417384,24.8050169600491
2038-05-28 12:00:00,2038,5,28,NA,13.2078667240501,26.7936700742337
2038-05-29 12:00:00,2038,5,29,NA,14.4217584634557,27.6059312445511
2038-05-30 12:00:00,2038,5,30,NA,14.9767918551367,26.1096927621008
2038-05-31 12:00:00,2038,5,31,NA,13.9120577684047,30.0579988613813
2038-06-01 12:00:00,2038,6,1,NA,16.7198203508711,29.3227087620149
2038-06-02 12:00:00,2038,6,2,NA,16.9444642143615,30.7472016822279
2038-06-03 12:00:00,2038,6,3,NA,21.1385793143841,26.2632760349481
2038-06-04 12:00:00,2038,6,4,NA,18.8060829789011,29.169443840891
2038-06-05 12:00:00,2038,6,5,NA,19.2994554961042,30.5722226826609
2038-06-06 12:00:00,2038,6,6,NA,18.7378977505139,31.6739948266217
2038-06-07 12:00:00,2038,6,7,NA,19.4295402289867,27.483943077265
2038-06-08 12:00:00,2038,6,8,NA,20.0514477607384,25.1761444813025
2038-06-09 12:00:00,2038,6,9,NA,18.6862071472344,26.3595265884676
2038-06-10 12:00:00,2038,6,10,NA,17.6010712308695,28.5339590921262
2038-06-11 12:00:00,2038,6,11,NA,20.2791957002387,24.322003242926
2038-06-12 12:00:00,2038,6,12,NA,20.2838521288509,27.3846972184669
2038-06-13 12:00:00,2038,6,13,NA,18.6249813533156,31.7643519391209
2038-06-14 12:00:00,2038,6,14,NA,20.3411463146378,29.3397032318787
2038-06-15 12:00:00,2038,6,15,NA,20.2022353848611,31.8781218339238
2038-06-16 12:00:00,2038,6,16,NA,22.4990002885219,30.5766492008784
2038-06-17 12:00:00,2038,6,17,NA,20.8460093731704,32.4918429986081
2038-06-18 12:00:00,2038,6,18,NA,21.0327930209766,33.3944500185198
2038-06-19 12:00:00,2038,6,19,NA,20.2664026691126,31.628997925459
2038-06-20 12:00:00,2038,6,20,NA,22.0840296986848,27.0918075226782
2038-06-21 12:00:00,2038,6,21,NA,22.5492211715853,29.2803180751469
2038-06-22 12:00:00,2038,6,22,NA,20.621299269179,28.8759395862364
2038-06-23 12:00:00,2038,6,23,NA,19.1167474989749,32.0677679067679
2038-06-24 12:00:00,2038,6,24,NA,9.87411647410381,28.9469293717471
2038-06-25 12:00:00,2038,6,25,NA,16.4489336853807,34.5344854942305
2038-06-26 12:00:00,2038,6,26,NA,18.7874150681496,33.9351205433693
2038-06-27 12:00:00,2038,6,27,NA,20.0655783048094,34.6875787665094
2038-06-28 12:00:00,2038,6,28,NA,21.7369496462285,35.0185744400853
2038-06-29 12:00:00,2038,6,29,NA,24.5023890170611,32.5879132602672
2038-06-30 12:00:00,2038,6,30,NA,23.2913821039855,33.972574792426
2038-07-01 12:00:00,2038,7,1,NA,23.2937975463781,35.3517340570491
2038-07-02 12:00:00,2038,7,2,NA,24.7393596168037,36.4624609674303
2038-07-03 12:00:00,2038,7,3,NA,24.8730757226458,33.671249865641
2038-07-04 12:00:00,2038,7,4,NA,23.8929043713413,32.9385234223832
2038-07-05 12:00:00,2038,7,5,NA,23.9913267972395,32.0576124925919
2038-07-06 12:00:00,2038,7,6,NA,25.6361808879761,31.2832943728128
2038-07-07 12:00:00,2038,7,7,NA,25.0191302064736,32.4306288881104
2038-07-08 12:00:00,2038,7,8,NA,24.1792992163954,31.9109248387741
2038-07-09 12:00:00,2038,7,9,NA,23.8785927109525,31.8115572453193
2038-07-10 12:00:00,2038,7,10,NA,24.2491875801815,31.6089128057723
2038-07-11 12:00:00,2038,7,11,NA,24.2287794103149,34.1469427764424
2038-07-12 12:00:00,2038,7,12,NA,21.9433993728631,29.531929379791
2038-07-13 12:00:00,2038,7,13,NA,21.394394960425,31.2994805473363
2038-07-14 12:00:00,2038,7,14,NA,23.0013060430141,31.7631261515577
2038-07-15 12:00:00,2038,7,15,NA,22.4181852035334,29.4820579993732
2038-07-16 12:00:00,2038,7,16,NA,20.1794685132353,28.0429378549063
2038-07-17 12:00:00,2038,7,17,NA,21.8474404103909,28.5928494188027
2038-07-18 12:00:00,2038,7,18,NA,22.4591085721173,26.4400085526518
2038-07-19 12:00:00,2038,7,19,NA,22.150489952656,24.5189792024879
2038-07-20 12:00:00,2038,7,20,NA,22.2095372782539,26.6679661706122
2038-07-21 12:00:00,2038,7,21,NA,23.3493702096651,30.2533430980232
2038-07-22 12:00:00,2038,7,22,NA,25.0947855455673,31.9303815184717
2038-07-23 12:00:00,2038,7,23,NA,22.7206006527709,30.5007289332491
2038-07-24 12:00:00,2038,7,24,NA,23.3643470866629,30.2276241957979
2038-07-25 12:00:00,2038,7,25,NA,22.7734869737212,28.0769654352561
2038-07-26 12:00:00,2038,7,26,NA,22.821946478275,30.698628821127
2038-07-27 12:00:00,2038,7,27,NA,21.0614853162437,33.0607169522915
2038-07-28 12:00:00,2038,7,28,NA,21.4275685951518,32.4415486236656
2038-07-29 12:00:00,2038,7,29,NA,22.8644997002374,30.0466018629874
2038-07-30 12:00:00,2038,7,30,NA,22.672008079481,32.6153811246395
2038-07-31 12:00:00,2038,7,31,NA,20.2229626450623,25.0506291930312
2038-08-01 12:00:00,2038,8,1,NA,20.926249056276,27.3293741216541
2038-08-02 12:00:00,2038,8,2,NA,21.7444667280466,29.9842169932858
2038-08-03 12:00:00,2038,8,3,NA,23.0094197356263,32.3165040253802
2038-08-04 12:00:00,2038,8,4,NA,23.3715622322573,31.0781312970517
2038-08-05 12:00:00,2038,8,5,NA,23.0648312139897,30.7698499742688
2038-08-06 12:00:00,2038,8,6,NA,22.638121734903,30.3394522632309
2038-08-07 12:00:00,2038,8,7,NA,25.016998207712,32.998487212368
2038-08-08 12:00:00,2038,8,8,NA,23.9464583935489,34.159593710209
2038-08-09 12:00:00,2038,8,9,NA,23.380061097936,35.3046703027105
2038-08-10 12:00:00,2038,8,10,NA,25.1525818016337,36.6925262190385
2038-08-11 12:00:00,2038,8,11,NA,25.2079055679934,35.3029283163688
2038-08-12 12:00:00,2038,8,12,NA,24.4572770651464,34.770485106642
2038-08-13 12:00:00,2038,8,13,NA,24.7058405472924,34.7988888217099
2038-08-14 12:00:00,2038,8,14,NA,21.4697270439853,29.8043842528038
2038-08-15 12:00:00,2038,8,15,NA,22.4374188766957,32.9941927169134
2038-08-16 12:00:00,2038,8,16,NA,26.6963226797075,34.3025953310987
2038-08-17 12:00:00,2038,8,17,NA,26.9297018729212,35.5650702522217
2038-08-18 12:00:00,2038,8,18,NA,26.9152901714222,34.5941476499622
2038-08-19 12:00:00,2038,8,19,NA,24.7002347460579,25.7694602030179
2038-08-20 12:00:00,2038,8,20,NA,21.5612318751069,28.1940093228255
2038-08-21 12:00:00,2038,8,21,NA,21.8496671034519,31.4511681806474
2038-08-22 12:00:00,2038,8,22,NA,20.6416273660352,27.2023699170587
2038-08-23 12:00:00,2038,8,23,NA,22.2795108907653,33.81945530817
2038-08-24 12:00:00,2038,8,24,NA,24.7262272872131,33.119642843124
2038-08-25 12:00:00,2038,8,25,NA,24.0498369826909,31.9150781643439
2038-08-26 12:00:00,2038,8,26,NA,24.0436069856687,31.3673237470327
2038-08-27 12:00:00,2038,8,27,NA,25.3708187165391,35.3747519100194
2038-08-28 12:00:00,2038,8,28,NA,25.8487135808533,35.6794633951348
2038-08-29 12:00:00,2038,8,29,NA,26.7369787598159,35.7913768399525
2038-08-30 12:00:00,2038,8,30,NA,25.651019235529,33.5060286804554
2038-08-31 12:00:00,2038,8,31,NA,23.9639786196636,32.2986358284821
2038-09-01 12:00:00,2038,9,1,NA,24.1556709886527,31.6597969415965
2038-09-02 12:00:00,2038,9,2,NA,23.3084168974895,32.0584990850118
2038-09-03 12:00:00,2038,9,3,NA,21.8073621857485,34.497460629955
2038-09-04 12:00:00,2038,9,4,NA,22.4782007449452,33.6531510978528
2038-09-05 12:00:00,2038,9,5,NA,24.6089789111991,28.9388355713028
2038-09-06 12:00:00,2038,9,6,NA,19.7352762332289,24.9177435072838
2038-09-07 12:00:00,2038,9,7,NA,21.9573570801696,31.3126838925055
2038-09-08 12:00:00,2038,9,8,NA,20.5741495715385,27.7792169944345
2038-09-09 12:00:00,2038,9,9,NA,20.6338529344704,28.5445854900794
2038-09-10 12:00:00,2038,9,10,NA,20.4057341628333,29.9917130567225
2038-09-11 12:00:00,2038,9,11,NA,20.3107908063442,30.5080119181536
2038-09-12 12:00:00,2038,9,12,NA,19.1723379062328,30.2214932236659
2038-09-13 12:00:00,2038,9,13,NA,18.638768546507,29.5787705040442
2038-09-14 12:00:00,2038,9,14,NA,18.8797841757145,25.711787013898
2038-09-15 12:00:00,2038,9,15,NA,17.4580010129797,29.918348215822
2038-09-16 12:00:00,2038,9,16,NA,15.1820123219388,29.5559443380181
2038-09-17 12:00:00,2038,9,17,NA,16.2562096743897,25.1672912335038
2038-09-18 12:00:00,2038,9,18,NA,16.556088048167,21.2474836397129
2038-09-19 12:00:00,2038,9,19,NA,13.7252063929164,19.9169095890047
2038-09-20 12:00:00,2038,9,20,NA,13.224064836338,23.5626430474842
2038-09-21 12:00:00,2038,9,21,NA,18.8198263609184,25.1660181914538
2038-09-22 12:00:00,2038,9,22,NA,17.4802202991019,27.0812476453027
2038-09-23 12:00:00,2038,9,23,NA,16.6046501523384,29.238498374015
2038-09-24 12:00:00,2038,9,24,NA,17.4528087850642,21.8337922137318
2038-09-25 12:00:00,2038,9,25,NA,16.1675848855801,24.7658028622197
2038-09-26 12:00:00,2038,9,26,NA,17.2527107703089,28.2409893766879
2038-09-27 12:00:00,2038,9,27,NA,17.7971033094499,27.2023551605364
2038-09-28 12:00:00,2038,9,28,NA,16.5574333292435,26.924302774731
2038-09-29 12:00:00,2038,9,29,NA,16.0261479244704,28.1315549355264
2038-09-30 12:00:00,2038,9,30,NA,16.7755575990994,23.9827203449681
2038-10-01 12:00:00,2038,10,1,NA,14.4560978502889,25.8149482060003
2038-10-02 12:00:00,2038,10,2,NA,13.967419014517,24.2609748967026
2038-10-03 12:00:00,2038,10,3,NA,13.2701970321335,25.7966287846733
2038-10-04 12:00:00,2038,10,4,NA,11.3770889066098,26.4530037772251
2038-10-05 12:00:00,2038,10,5,NA,11.1109055340147,24.3861898346798
2038-10-06 12:00:00,2038,10,6,NA,14.2363550790247,25.8627830040274
2038-10-07 12:00:00,2038,10,7,NA,13.02949268177,27.6498496855762
2038-10-08 12:00:00,2038,10,8,NA,13.130218517889,27.9550152200352
2038-10-09 12:00:00,2038,10,9,NA,14.3246957557688,29.287560083248
2038-10-10 12:00:00,2038,10,10,NA,11.9201118485902,21.251005320093
2038-10-11 12:00:00,2038,10,11,NA,10.7042937626125,23.0284588194699
2038-10-12 12:00:00,2038,10,12,NA,14.149342763524,25.0084138620575
2038-10-13 12:00:00,2038,10,13,NA,13.1360678988515,25.763859560311
2038-10-14 12:00:00,2038,10,14,NA,15.6688807612889,24.2831296373594
2038-10-15 12:00:00,2038,10,15,NA,15.3903850276682,25.004236681504
2038-10-16 12:00:00,2038,10,16,NA,14.2254706086643,20.3165861371952
2038-10-17 12:00:00,2038,10,17,NA,11.8722345177877,17.231699659061
2038-10-18 12:00:00,2038,10,18,NA,12.8621812722666,22.6770874647711
2038-10-19 12:00:00,2038,10,19,NA,11.2300406966761,26.8383524254562
2038-10-20 12:00:00,2038,10,20,NA,11.941455594853,24.8761826249662
2038-10-21 12:00:00,2038,10,21,NA,12.5356216068736,23.2019365546602
2038-10-22 12:00:00,2038,10,22,NA,11.0959178015134,25.96422217893
2038-10-23 12:00:00,2038,10,23,NA,10.9313610157383,23.0599803110377
2038-10-24 12:00:00,2038,10,24,NA,12.2413118281004,25.367601316667
2038-10-25 12:00:00,2038,10,25,NA,13.4158088723649,26.7907512428516
2038-10-26 12:00:00,2038,10,26,NA,16.1634376758396,28.5882292480445
2038-10-27 12:00:00,2038,10,27,NA,13.2845633104434,27.5002678186957
2038-10-28 12:00:00,2038,10,28,NA,14.1919443036868,26.542507798093
2038-10-29 12:00:00,2038,10,29,NA,15.9251937018969,21.4088855983718
2038-10-30 12:00:00,2038,10,30,NA,11.2649676100415,22.5617268701547
2038-10-31 12:00:00,2038,10,31,NA,11.4028295942985,15.8914461217854
2038-11-01 12:00:00,2038,11,1,NA,9.0797914966994,21.5325687604596
2038-11-02 12:00:00,2038,11,2,NA,8.67795009764012,22.2414762938312
2038-11-03 12:00:00,2038,11,3,NA,10.4642259319422,17.3956404976409
2038-11-04 12:00:00,2038,11,4,NA,6.16525324402708,18.5899634853311
2038-11-05 12:00:00,2038,11,5,NA,7.90457273389567,18.074516923503
2038-11-06 12:00:00,2038,11,6,NA,4.93187677199114,18.5430308353896
2038-11-07 12:00:00,2038,11,7,NA,8.05280557963688,20.3701420384119
2038-11-08 12:00:00,2038,11,8,NA,8.82187508060954,13.6980405514342
2038-11-09 12:00:00,2038,11,9,NA,7.30131418739558,14.3684897719354
2038-11-10 12:00:00,2038,11,10,NA,7.09540856594942,15.9903073900925
2038-11-11 12:00:00,2038,11,11,NA,6.97571718744896,18.3405631189085
2038-11-12 12:00:00,2038,11,12,NA,4.67678836226364,14.7878562859007
2038-11-13 12:00:00,2038,11,13,NA,3.26098452108313,17.1125438825601
2038-11-14 12:00:00,2038,11,14,NA,9.31134101463798,16.6659760956862
2038-11-15 12:00:00,2038,11,15,NA,8.49249761325293,14.8039745029709
2038-11-16 12:00:00,2038,11,16,NA,7.74164261759326,19.0008254716775
2038-11-17 12:00:00,2038,11,17,NA,6.3054090476661,21.1963479118763
2038-11-18 12:00:00,2038,11,18,NA,3.91679342445818,19.2491486242796
2038-11-19 12:00:00,2038,11,19,NA,3.15994319377012,9.94998582529879
2038-11-20 12:00:00,2038,11,20,NA,4.78309124464408,18.0180919844824
2038-11-21 12:00:00,2038,11,21,NA,4.39580936100955,17.1952810112111
2038-11-22 12:00:00,2038,11,22,NA,3.87180082365916,15.6560978788191
2038-11-23 12:00:00,2038,11,23,NA,3.37468714243133,16.1479262250832
2038-11-24 12:00:00,2038,11,24,NA,2.55859707073991,18.5448589748097
2038-11-25 12:00:00,2038,11,25,NA,3.6103126620811,18.0182551078338
2038-11-26 12:00:00,2038,11,26,NA,4.86417728721231,18.1721423016793
2038-11-27 12:00:00,2038,11,27,NA,2.66677334968957,7.08211927304947
2038-11-28 12:00:00,2038,11,28,NA,0.500275593616631,12.5131251036893
2038-11-29 12:00:00,2038,11,29,NA,1.05238969269523,18.6040377112588
2038-11-30 12:00:00,2038,11,30,NA,3.53938993488048,14.7055973059104
2038-12-01 12:00:00,2038,12,1,NA,1.14809219654596,9.93710765465299
2038-12-02 12:00:00,2038,12,2,NA,-1.75467695456345,2.95609623601723
2038-12-03 12:00:00,2038,12,3,NA,-4.12075704401541,10.1093288366219
2038-12-04 12:00:00,2038,12,4,NA,-1.31127140869129,14.6904774070751
2038-12-05 12:00:00,2038,12,5,NA,-1.66009936225669,13.814166565291
2038-12-06 12:00:00,2038,12,6,NA,-0.0434723248151814,15.4307936027325
2038-12-07 12:00:00,2038,12,7,NA,-0.00236891158341024,10.8308042066223
2038-12-08 12:00:00,2038,12,8,NA,1.2095858081843,10.6560829832925
2038-12-09 12:00:00,2038,12,9,NA,-4.09305578575425,4.37425193574131
2038-12-10 12:00:00,2038,12,10,NA,-3.49903198027097,12.164095582369
2038-12-11 12:00:00,2038,12,11,NA,-2.30493145568365,9.82601220064614
2038-12-12 12:00:00,2038,12,12,NA,2.80079889557959,12.7769129845826
2038-12-13 12:00:00,2038,12,13,NA,-0.837551598876469,5.31372199311428
2038-12-14 12:00:00,2038,12,14,NA,-0.715409457804932,9.89388912449542
2038-12-15 12:00:00,2038,12,15,NA,2.74573504152134,9.81561581535139
2038-12-16 12:00:00,2038,12,16,NA,-0.688490283045096,9.41822830624916
2038-12-17 12:00:00,2038,12,17,NA,1.21490476697249,5.97195991511093
2038-12-18 12:00:00,2038,12,18,NA,-0.798699423615004,9.05951586115192
2038-12-19 12:00:00,2038,12,19,NA,2.71836892278916,13.1085596680586
2038-12-20 12:00:00,2038,12,20,NA,4.48402143379736,12.4018078130476
2038-12-21 12:00:00,2038,12,21,NA,-0.509015097366094,9.89270775867586
2038-12-22 12:00:00,2038,12,22,NA,1.13041373929511,10.4278446122358
2038-12-23 12:00:00,2038,12,23,NA,1.00729984446555,6.06073274258873
2038-12-24 12:00:00,2038,12,24,NA,-1.98944171075729,11.3161816511953
2038-12-25 12:00:00,2038,12,25,NA,-2.97579273796914,10.8024899631456
2038-12-26 12:00:00,2038,12,26,NA,-4.66751686398397,10.3666325924615
2038-12-27 12:00:00,2038,12,27,NA,-3.09851852629981,12.0606474783294
2038-12-28 12:00:00,2038,12,28,NA,-0.639431214294643,13.5919289629192
2038-12-29 12:00:00,2038,12,29,NA,0.66993690719733,10.4422911692503
2038-12-30 12:00:00,2038,12,30,NA,-3.8931893112912,5.17647507077078
2038-12-31 12:00:00,2038,12,31,NA,-4.97112777797886,1.82024065341049
2039-01-01 12:00:00,2039,1,1,NA,-5.44218087450711,-1.62398948718834
2039-01-02 12:00:00,2039,1,2,NA,-6.42542915580128,2.67873937519321
2039-01-03 12:00:00,2039,1,3,NA,-4.19267638863923,7.18394601431826
2039-01-04 12:00:00,2039,1,4,NA,-4.04814218645366,8.43437492835389
2039-01-05 12:00:00,2039,1,5,NA,-3.40680779031637,7.41903116652246
2039-01-06 12:00:00,2039,1,6,NA,-4.95859530963243,4.13208888386378
2039-01-07 12:00:00,2039,1,7,NA,-0.689253386972482,11.0375269565923
2039-01-08 12:00:00,2039,1,8,NA,-5.28749235242584,3.80929143390928
2039-01-09 12:00:00,2039,1,9,NA,-4.48628493360241,3.97720943361799
2039-01-10 12:00:00,2039,1,10,NA,-5.71087822250342,4.74791487423514
2039-01-11 12:00:00,2039,1,11,NA,-8.39083318807336,4.27706512295252
2039-01-12 12:00:00,2039,1,12,NA,-5.85174990870828,3.97107616742969
2039-01-13 12:00:00,2039,1,13,NA,-7.01804753122219,1.03485357427015
2039-01-14 12:00:00,2039,1,14,NA,-6.14980528475043,1.63159327711489
2039-01-15 12:00:00,2039,1,15,NA,-6.0653640078311,7.43918050241225
2039-01-16 12:00:00,2039,1,16,NA,-6.58219949282711,4.98146540130441
2039-01-17 12:00:00,2039,1,17,NA,-3.89829368311058,5.35751127300432
2039-01-18 12:00:00,2039,1,18,NA,-1.97466479165423,10.0773358738895
2039-01-19 12:00:00,2039,1,19,NA,0.0612431993306952,8.27864981212502
2039-01-20 12:00:00,2039,1,20,NA,-0.0422847834163393,11.2735692155945
2039-01-21 12:00:00,2039,1,21,NA,-1.66284861260716,8.63994020083189
2039-01-22 12:00:00,2039,1,22,NA,-3.61272610144258,8.27596052186813
2039-01-23 12:00:00,2039,1,23,NA,-2.99786666725874,6.22932662685096
2039-01-24 12:00:00,2039,1,24,NA,-0.641324893161618,9.45589560233909
2039-01-25 12:00:00,2039,1,25,NA,-3.47363262099819,10.3375592490752
2039-01-26 12:00:00,2039,1,26,NA,0.504395629827402,5.55762083353062
2039-01-27 12:00:00,2039,1,27,NA,-2.39975111671012,6.91478910143409
2039-01-28 12:00:00,2039,1,28,NA,0.0762007192859997,5.4959667391249
2039-01-29 12:00:00,2039,1,29,NA,3.13123460089341,8.72996386300745
2039-01-30 12:00:00,2039,1,30,NA,1.18211238884652,3.83130749755913
2039-01-31 12:00:00,2039,1,31,NA,-1.43852829705388,1.48695526770757
2039-02-01 12:00:00,2039,2,1,NA,-0.560688443318189,4.378643099198
2039-02-02 12:00:00,2039,2,2,NA,-4.65904559541538,3.58638781208816
2039-02-03 12:00:00,2039,2,3,NA,-5.70144537075915,8.52537735111367
2039-02-04 12:00:00,2039,2,4,NA,-3.0887519848508,9.15528847317352
2039-02-05 12:00:00,2039,2,5,NA,-0.903156449856422,15.8141158210462
2039-02-06 12:00:00,2039,2,6,NA,-0.387980962448387,15.6019080536115
2039-02-07 12:00:00,2039,2,7,NA,-2.13543621289595,10.3509539995362
2039-02-08 12:00:00,2039,2,8,NA,-2.23486105219062,11.2559521511446
2039-02-09 12:00:00,2039,2,9,NA,-0.98963557067683,13.5307553528072
2039-02-10 12:00:00,2039,2,10,NA,-4.40946377877835,10.9910845047858
2039-02-11 12:00:00,2039,2,11,NA,-0.849376001608519,6.47157732487087
2039-02-12 12:00:00,2039,2,12,NA,-3.409130057642,7.06286698733541
2039-02-13 12:00:00,2039,2,13,NA,-4.09505660969029,5.29753793313769
2039-02-14 12:00:00,2039,2,14,NA,-1.38249595203864,3.05261399081665
2039-02-15 12:00:00,2039,2,15,NA,-1.03704820984996,9.27563450403074
2039-02-16 12:00:00,2039,2,16,NA,1.34434940862224,7.16008689765333
2039-02-17 12:00:00,2039,2,17,NA,5.25367275955984,11.8564640475226
2039-02-18 12:00:00,2039,2,18,NA,8.79122404747353,13.7902829553688
2039-02-19 12:00:00,2039,2,19,NA,3.79934120454095,14.2547035012668
2039-02-20 12:00:00,2039,2,20,NA,-1.84494488832399,4.53575931898046
2039-02-21 12:00:00,2039,2,21,NA,-0.917802316690915,6.92183003323531
2039-02-22 12:00:00,2039,2,22,NA,-1.21323460554784,7.04902805878865
2039-02-23 12:00:00,2039,2,23,NA,-3.7343903929415,2.69120202358762
2039-02-24 12:00:00,2039,2,24,NA,-4.09890933958264,3.06476771362531
2039-02-25 12:00:00,2039,2,25,NA,-4.95623993655311,10.2074787916721
2039-02-26 12:00:00,2039,2,26,NA,-4.6475564213523,10.9958187190338
2039-02-27 12:00:00,2039,2,27,NA,1.86809563863894,7.74133861146018
2039-02-28 12:00:00,2039,2,28,NA,-0.212567977419885,4.26336336828377
2039-03-01 12:00:00,2039,3,1,NA,-1.48558938954816,7.91139958915516
2039-03-02 12:00:00,2039,3,2,NA,0.974690540837434,13.5338635453402
2039-03-03 12:00:00,2039,3,3,NA,-0.414651411320879,7.23318045606205
2039-03-04 12:00:00,2039,3,4,NA,0.524561296645432,5.12661286717703
2039-03-05 12:00:00,2039,3,5,NA,-2.21733030802445,6.8367366543902
2039-03-06 12:00:00,2039,3,6,NA,0.236119952269009,8.19884399556331
2039-03-07 12:00:00,2039,3,7,NA,2.99014641661862,6.01726778767797
2039-03-08 12:00:00,2039,3,8,NA,3.3637891265161,11.7156570591856
2039-03-09 12:00:00,2039,3,9,NA,4.42760128815651,12.8054954690626
2039-03-10 12:00:00,2039,3,10,NA,0.884418799780358,18.9473371762073
2039-03-11 12:00:00,2039,3,11,NA,-2.23353568300325,15.0426361251656
2039-03-12 12:00:00,2039,3,12,NA,2.56960145015589,9.63424795011601
2039-03-13 12:00:00,2039,3,13,NA,-0.733341442871752,12.9706485767422
2039-03-14 12:00:00,2039,3,14,NA,3.77259143174615,13.514073056072
2039-03-15 12:00:00,2039,3,15,NA,1.98666127218672,14.1946766657794
2039-03-16 12:00:00,2039,3,16,NA,1.98848483118868,15.4564965787165
2039-03-17 12:00:00,2039,3,17,NA,2.69522166923814,16.9021687315369
2039-03-18 12:00:00,2039,3,18,NA,5.19106984420409,13.6851720376833
2039-03-19 12:00:00,2039,3,19,NA,5.00652026271529,17.799406282151
2039-03-20 12:00:00,2039,3,20,NA,6.58924907293483,18.5590911965987
2039-03-21 12:00:00,2039,3,21,NA,6.52379696494288,16.960293688375
2039-03-22 12:00:00,2039,3,22,NA,4.86187950334203,18.9493099404112
2039-03-23 12:00:00,2039,3,23,NA,2.08860434737714,16.9554462724527
2039-03-24 12:00:00,2039,3,24,NA,2.94083096404438,19.3225022422308
2039-03-25 12:00:00,2039,3,25,NA,4.40166498901664,20.5625821806113
2039-03-26 12:00:00,2039,3,26,NA,1.42824775130752,11.2426720850363
2039-03-27 12:00:00,2039,3,27,NA,3.85449604719205,14.9956490702437
2039-03-28 12:00:00,2039,3,28,NA,9.12798966574749,16.3648109000472
2039-03-29 12:00:00,2039,3,29,NA,9.85369846078797,20.0951301820545
2039-03-30 12:00:00,2039,3,30,NA,11.4392178129871,24.907229560515
2039-03-31 12:00:00,2039,3,31,NA,10.7734326324876,23.7124022145834
2039-04-01 12:00:00,2039,4,1,NA,8.04397036349729,23.1331352216784
2039-04-02 12:00:00,2039,4,2,NA,12.2382708419572,15.6440406371507
2039-04-03 12:00:00,2039,4,3,NA,8.36606074925359,17.9819193835942
2039-04-04 12:00:00,2039,4,4,NA,12.8563486039084,15.5893144760968
2039-04-05 12:00:00,2039,4,5,NA,6.23678254043616,19.5135202633832
2039-04-06 12:00:00,2039,4,6,NA,6.96460909882739,18.8830379778246
2039-04-07 12:00:00,2039,4,7,NA,12.3393630091766,19.8457601567563
2039-04-08 12:00:00,2039,4,8,NA,10.2757365394602,14.2030776666261
2039-04-09 12:00:00,2039,4,9,NA,7.96532739978069,17.9408763844053
2039-04-10 12:00:00,2039,4,10,NA,7.3360364767116,21.1627184646704
2039-04-11 12:00:00,2039,4,11,NA,10.2696528610546,14.372063332877
2039-04-12 12:00:00,2039,4,12,NA,8.81544238578674,19.7379835685214
2039-04-13 12:00:00,2039,4,13,NA,7.79490952524264,22.5733323879232
2039-04-14 12:00:00,2039,4,14,NA,7.77403611067392,18.6839486996686
2039-04-15 12:00:00,2039,4,15,NA,8.43243847064427,17.3624438020893
2039-04-16 12:00:00,2039,4,16,NA,6.04937071623514,18.205917930683
2039-04-17 12:00:00,2039,4,17,NA,10.3883244839673,14.5866318988394
2039-04-18 12:00:00,2039,4,18,NA,5.44039349182412,17.0778138548251
2039-04-19 12:00:00,2039,4,19,NA,14.0158273132377,23.5755294405119
2039-04-20 12:00:00,2039,4,20,NA,15.358308531477,19.5604385675438
2039-04-21 12:00:00,2039,4,21,NA,10.5196205775617,16.982166197462
2039-04-22 12:00:00,2039,4,22,NA,11.3137806313301,21.5146055322976
2039-04-23 12:00:00,2039,4,23,NA,10.2482111707203,21.1299050044073
2039-04-24 12:00:00,2039,4,24,NA,12.6885343138955,26.2589796479924
2039-04-25 12:00:00,2039,4,25,NA,14.5254615598579,26.0857302493613
2039-04-26 12:00:00,2039,4,26,NA,10.4645324656831,18.4639215133979
2039-04-27 12:00:00,2039,4,27,NA,8.03058399953017,15.9982124550188
2039-04-28 12:00:00,2039,4,28,NA,9.61251713280003,14.6426274583502
2039-04-29 12:00:00,2039,4,29,NA,7.25023674619689,19.9253730097993
2039-04-30 12:00:00,2039,4,30,NA,8.64837713061583,15.0255947832498
2039-05-01 12:00:00,2039,5,1,NA,6.85058698867695,22.0120594746123
2039-05-02 12:00:00,2039,5,2,NA,7.75477014737659,19.6731990263738
2039-05-03 12:00:00,2039,5,3,NA,8.35282375230272,19.3744318327453
2039-05-04 12:00:00,2039,5,4,NA,11.6820070298182,20.4870491974384
2039-05-05 12:00:00,2039,5,5,NA,10.0590030509517,24.5280055781276
2039-05-06 12:00:00,2039,5,6,NA,9.62555635745697,25.5441104875205
2039-05-07 12:00:00,2039,5,7,NA,9.70958237119991,26.0114747783382
2039-05-08 12:00:00,2039,5,8,NA,10.76122375095,27.4005663203429
2039-05-09 12:00:00,2039,5,9,NA,13.0206387966188,22.8872541313198
2039-05-10 12:00:00,2039,5,10,NA,12.9075407230407,26.1489001545614
2039-05-11 12:00:00,2039,5,11,NA,12.7190060626866,28.4817858417974
2039-05-12 12:00:00,2039,5,12,NA,13.2093693761754,27.1938979864955
2039-05-13 12:00:00,2039,5,13,NA,12.9572596162528,27.2375809827527
2039-05-14 12:00:00,2039,5,14,NA,11.8914843675551,27.4676929223933
2039-05-15 12:00:00,2039,5,15,NA,14.6932469358129,25.1171645007403
2039-05-16 12:00:00,2039,5,16,NA,12.715158823645,28.3714969531202
2039-05-17 12:00:00,2039,5,17,NA,13.8349875580937,30.9172303521554
2039-05-18 12:00:00,2039,5,18,NA,15.764707833289,34.3554843481589
2039-05-19 12:00:00,2039,5,19,NA,15.8408470478098,30.6225363243007
2039-05-20 12:00:00,2039,5,20,NA,15.1642055227278,30.198354788422
2039-05-21 12:00:00,2039,5,21,NA,13.9917784637042,28.6694033162034
2039-05-22 12:00:00,2039,5,22,NA,14.0343220541958,29.9017921061483
2039-05-23 12:00:00,2039,5,23,NA,14.6451538612306,27.4562258122306
2039-05-24 12:00:00,2039,5,24,NA,14.8187266569312,30.6801790687609
2039-05-25 12:00:00,2039,5,25,NA,17.5467468012983,32.3016120710014
2039-05-26 12:00:00,2039,5,26,NA,19.0263708873564,31.883941818036
2039-05-27 12:00:00,2039,5,27,NA,18.3987752029811,31.4938213617664
2039-05-28 12:00:00,2039,5,28,NA,18.4015519375548,31.1562977066557
2039-05-29 12:00:00,2039,5,29,NA,20.1059337263634,30.3257711045597
2039-05-30 12:00:00,2039,5,30,NA,20.2103045394266,30.0091720651594
2039-05-31 12:00:00,2039,5,31,NA,17.5290344723285,33.1931352729335
2039-06-01 12:00:00,2039,6,1,NA,17.2276996403538,27.8877547218628
2039-06-02 12:00:00,2039,6,2,NA,23.1729649210357,29.8377126513469
2039-06-03 12:00:00,2039,6,3,NA,20.0925119338742,27.5127634302498
2039-06-04 12:00:00,2039,6,4,NA,18.0341698132736,29.0926740840579
2039-06-05 12:00:00,2039,6,5,NA,16.4638752766432,31.8317451518999
2039-06-06 12:00:00,2039,6,6,NA,18.0434321847774,28.2397203846457
2039-06-07 12:00:00,2039,6,7,NA,17.5498500679166,27.6985802392599
2039-06-08 12:00:00,2039,6,8,NA,16.8316130631372,20.7013409572546
2039-06-09 12:00:00,2039,6,9,NA,17.3341432901035,25.3840727409896
2039-06-10 12:00:00,2039,6,10,NA,16.2243043589054,27.2923250055447
2039-06-11 12:00:00,2039,6,11,NA,18.0875547160624,24.2670961166081
2039-06-12 12:00:00,2039,6,12,NA,20.0345117191966,23.0335440696095
2039-06-13 12:00:00,2039,6,13,NA,20.0543730343212,26.3693647982353
2039-06-14 12:00:00,2039,6,14,NA,19.2154153880806,30.2714603972754
2039-06-15 12:00:00,2039,6,15,NA,17.3510890370093,26.1995253929313
2039-06-16 12:00:00,2039,6,16,NA,18.5222041216589,30.8532263668533
2039-06-17 12:00:00,2039,6,17,NA,20.4348660724452,30.5976990811923
2039-06-18 12:00:00,2039,6,18,NA,23.9774503060111,25.9917831778243
2039-06-19 12:00:00,2039,6,19,NA,20.8365692781323,28.6551258005687
2039-06-20 12:00:00,2039,6,20,NA,22.4910654241208,27.5425024989332
2039-06-21 12:00:00,2039,6,21,NA,19.0459112991479,23.9187015393863
2039-06-22 12:00:00,2039,6,22,NA,17.5186098216814,22.5332108490715
2039-06-23 12:00:00,2039,6,23,NA,19.7814113782885,24.6048553337272
2039-06-24 12:00:00,2039,6,24,NA,18.6249978862752,26.9582022661387
2039-06-25 12:00:00,2039,6,25,NA,18.7893300300291,27.8744937974522
2039-06-26 12:00:00,2039,6,26,NA,18.6902867127573,25.1246184221566
2039-06-27 12:00:00,2039,6,27,NA,15.3588477164276,27.1117581333569
2039-06-28 12:00:00,2039,6,28,NA,19.1289902524087,27.3499817410402
2039-06-29 12:00:00,2039,6,29,NA,19.6323143078809,23.4920675686317
2039-06-30 12:00:00,2039,6,30,NA,18.8559531377744,27.7325684067917
2039-07-01 12:00:00,2039,7,1,NA,22.2665208378374,29.9442955390879
2039-07-02 12:00:00,2039,7,2,NA,23.6803181040659,29.6850872005631
2039-07-03 12:00:00,2039,7,3,NA,21.8355507247653,30.6127312404761
2039-07-04 12:00:00,2039,7,4,NA,20.5372484493385,25.2546128176668
2039-07-05 12:00:00,2039,7,5,NA,20.9459048496523,28.2808714413754
2039-07-06 12:00:00,2039,7,6,NA,21.2909437200148,28.2576107737293
2039-07-07 12:00:00,2039,7,7,NA,21.2393922640388,27.1328390570281
2039-07-08 12:00:00,2039,7,8,NA,20.278160406883,28.4179087207084
2039-07-09 12:00:00,2039,7,9,NA,22.1215059466673,30.1678966637241
2039-07-10 12:00:00,2039,7,10,NA,20.9391419513435,30.2648384950128
2039-07-11 12:00:00,2039,7,11,NA,23.3016067516632,28.7214783192947
2039-07-12 12:00:00,2039,7,12,NA,20.6274718391556,26.0215687997066
2039-07-13 12:00:00,2039,7,13,NA,22.6179284179311,29.4812055270661
2039-07-14 12:00:00,2039,7,14,NA,20.6118697906592,30.5011669725821
2039-07-15 12:00:00,2039,7,15,NA,21.0972511244478,31.683973711272
2039-07-16 12:00:00,2039,7,16,NA,23.2596017639902,33.3492656929564
2039-07-17 12:00:00,2039,7,17,NA,22.5097879389401,31.3641196197122
2039-07-18 12:00:00,2039,7,18,NA,24.0544767740461,27.0125987245566
2039-07-19 12:00:00,2039,7,19,NA,23.3065461970161,28.1491453081268
2039-07-20 12:00:00,2039,7,20,NA,22.9364240909966,26.9208589310769
2039-07-21 12:00:00,2039,7,21,NA,20.5410686028723,32.0432650699074
2039-07-22 12:00:00,2039,7,22,NA,25.2410574355255,33.2749334356332
2039-07-23 12:00:00,2039,7,23,NA,24.4062332420082,34.0542542140707
2039-07-24 12:00:00,2039,7,24,NA,24.7444587924244,34.414847111089
2039-07-25 12:00:00,2039,7,25,NA,24.8755200073918,33.7370418032969
2039-07-26 12:00:00,2039,7,26,NA,24.6414493383389,34.5110877490519
2039-07-27 12:00:00,2039,7,27,NA,25.1514298221308,34.9479675402746
2039-07-28 12:00:00,2039,7,28,NA,25.2843306334279,30.7356641706672
2039-07-29 12:00:00,2039,7,29,NA,24.1745756459527,31.571861751796
2039-07-30 12:00:00,2039,7,30,NA,25.4243954715895,34.5404627240448
2039-07-31 12:00:00,2039,7,31,NA,24.7987558484788,32.5303814708575
2039-08-01 12:00:00,2039,8,1,NA,23.3903777635314,33.0721822312131
2039-08-02 12:00:00,2039,8,2,NA,24.6710924978057,34.0124901777485
2039-08-03 12:00:00,2039,8,3,NA,24.6030346787006,34.5575000739736
2039-08-04 12:00:00,2039,8,4,NA,25.4342005229338,34.368214928111
2039-08-05 12:00:00,2039,8,5,NA,19.4597268522134,28.7636506302732
2039-08-06 12:00:00,2039,8,6,NA,20.1264207639428,29.6485658657726
2039-08-07 12:00:00,2039,8,7,NA,19.4466931561489,26.6709800689137
2039-08-08 12:00:00,2039,8,8,NA,20.8460790074678,29.5047255222368
2039-08-09 12:00:00,2039,8,9,NA,21.5221185474444,31.231286864075
2039-08-10 12:00:00,2039,8,10,NA,23.8966419155338,35.4234730220289
2039-08-11 12:00:00,2039,8,11,NA,24.9410795847027,32.4970092722194
2039-08-12 12:00:00,2039,8,12,NA,24.1586611697922,33.3084793792579
2039-08-13 12:00:00,2039,8,13,NA,24.3001084220306,32.6922795243342
2039-08-14 12:00:00,2039,8,14,NA,24.7996802306427,33.9021076874142
2039-08-15 12:00:00,2039,8,15,NA,25.3268053029555,33.9854518177245
2039-08-16 12:00:00,2039,8,16,NA,25.4631051850817,32.5137315718862
2039-08-17 12:00:00,2039,8,17,NA,25.2394915519305,29.090417272392
2039-08-18 12:00:00,2039,8,18,NA,28.9223947437785,33.4101335562651
2039-08-19 12:00:00,2039,8,19,NA,26.5433874724232,33.162470018862
2039-08-20 12:00:00,2039,8,20,NA,27.9250947271827,35.1043556659015
2039-08-21 12:00:00,2039,8,21,NA,27.7694022969873,32.7488992650723
2039-08-22 12:00:00,2039,8,22,NA,25.0702707258397,35.6283112426265
2039-08-23 12:00:00,2039,8,23,NA,24.4271372494066,35.002468799872
2039-08-24 12:00:00,2039,8,24,NA,23.6323891261708,37.0757288074673
2039-08-25 12:00:00,2039,8,25,NA,26.1561287857028,35.9091153806361
2039-08-26 12:00:00,2039,8,26,NA,26.4525848413943,35.428612363909
2039-08-27 12:00:00,2039,8,27,NA,26.4104287890351,32.0706521251826
2039-08-28 12:00:00,2039,8,28,NA,23.6934905117706,30.4130596943224
2039-08-29 12:00:00,2039,8,29,NA,23.3886072702699,32.675271695228
2039-08-30 12:00:00,2039,8,30,NA,21.7292895005153,32.9024147887395
2039-08-31 12:00:00,2039,8,31,NA,22.9711221601421,31.0546287554281
2039-09-01 12:00:00,2039,9,1,NA,21.8579702243452,30.9907533079427
2039-09-02 12:00:00,2039,9,2,NA,20.1184921500662,28.1860981436219
2039-09-03 12:00:00,2039,9,3,NA,20.1353200752719,29.5405719263584
2039-09-04 12:00:00,2039,9,4,NA,18.6167144407412,25.4966590235519
2039-09-05 12:00:00,2039,9,5,NA,17.4430834138104,29.831517218384
2039-09-06 12:00:00,2039,9,6,NA,15.6887188866018,29.9898870172349
2039-09-07 12:00:00,2039,9,7,NA,17.0755123467995,30.401831029431
2039-09-08 12:00:00,2039,9,8,NA,20.36779255234,30.6613484345256
2039-09-09 12:00:00,2039,9,9,NA,19.9140122932546,29.5078403419148
2039-09-10 12:00:00,2039,9,10,NA,19.6551305574338,31.7634492123101
2039-09-11 12:00:00,2039,9,11,NA,19.166871663411,32.5574093652331
2039-09-12 12:00:00,2039,9,12,NA,20.8245070182882,34.5852856522828
2039-09-13 12:00:00,2039,9,13,NA,18.0643878970763,25.1550111580882
2039-09-14 12:00:00,2039,9,14,NA,18.558717591274,26.0901028092927
2039-09-15 12:00:00,2039,9,15,NA,16.4814658380773,24.148614302602
2039-09-16 12:00:00,2039,9,16,NA,16.0989481001928,28.5662740501117
2039-09-17 12:00:00,2039,9,17,NA,16.5748119841264,28.813948965887
2039-09-18 12:00:00,2039,9,18,NA,17.0941772607939,28.6010121161844
2039-09-19 12:00:00,2039,9,19,NA,18.3430797613241,27.9321311661455
2039-09-20 12:00:00,2039,9,20,NA,18.2176540038613,28.1885578375137
2039-09-21 12:00:00,2039,9,21,NA,15.869433613231,27.2900894553038
2039-09-22 12:00:00,2039,9,22,NA,16.2121634784077,29.0089399271797
2039-09-23 12:00:00,2039,9,23,NA,16.3744796257878,28.8212579010703
2039-09-24 12:00:00,2039,9,24,NA,16.191867636742,30.5630815703796
2039-09-25 12:00:00,2039,9,25,NA,14.9597016410777,30.5198979071387
2039-09-26 12:00:00,2039,9,26,NA,19.3966628151341,26.2413147269885
2039-09-27 12:00:00,2039,9,27,NA,21.4387135218021,30.0700883901636
2039-09-28 12:00:00,2039,9,28,NA,19.2157423360561,30.2648642280675
2039-09-29 12:00:00,2039,9,29,NA,17.994321263937,26.1688446254342
2039-09-30 12:00:00,2039,9,30,NA,18.8512649934149,25.7989226762358
2039-10-01 12:00:00,2039,10,1,NA,17.0475498713342,28.5501374529983
2039-10-02 12:00:00,2039,10,2,NA,17.5047331253461,27.4215929944038
2039-10-03 12:00:00,2039,10,3,NA,16.6620320833309,26.0445546147625
2039-10-04 12:00:00,2039,10,4,NA,15.1486736014098,25.4938897834206
2039-10-05 12:00:00,2039,10,5,NA,10.7221008000355,20.725133888153
2039-10-06 12:00:00,2039,10,6,NA,11.2335276593856,23.7854395507427
2039-10-07 12:00:00,2039,10,7,NA,11.5893162222858,19.1270321015155
2039-10-08 12:00:00,2039,10,8,NA,13.5199286232332,17.3614893951585
2039-10-09 12:00:00,2039,10,9,NA,12.8083379980864,18.6225299449111
2039-10-10 12:00:00,2039,10,10,NA,12.0038368780927,25.5426361962089
2039-10-11 12:00:00,2039,10,11,NA,12.8458605561168,23.9410506009528
2039-10-12 12:00:00,2039,10,12,NA,12.5498323491722,23.6705831916663
2039-10-13 12:00:00,2039,10,13,NA,17.1288458917266,25.9195558410251
2039-10-14 12:00:00,2039,10,14,NA,17.7483011160745,22.5242422867081
2039-10-15 12:00:00,2039,10,15,NA,15.139651106715,18.09583939217
2039-10-16 12:00:00,2039,10,16,NA,14.3821540282073,16.5168579168086
2039-10-17 12:00:00,2039,10,17,NA,11.1720440819619,20.5338455661381
2039-10-18 12:00:00,2039,10,18,NA,10.7382371775662,21.035908986425
2039-10-19 12:00:00,2039,10,19,NA,10.1193504332232,18.320682007046
2039-10-20 12:00:00,2039,10,20,NA,9.82990094480783,23.474150590423
2039-10-21 12:00:00,2039,10,21,NA,6.06000456537257,24.9419223975057
2039-10-22 12:00:00,2039,10,22,NA,7.68991941882725,24.2828071197742
2039-10-23 12:00:00,2039,10,23,NA,10.4361391511968,22.545104096923
2039-10-24 12:00:00,2039,10,24,NA,10.726261672904,24.8611438076454
2039-10-25 12:00:00,2039,10,25,NA,10.7725874754569,23.70731450557
2039-10-26 12:00:00,2039,10,26,NA,11.0516950471038,23.0053726230287
2039-10-27 12:00:00,2039,10,27,NA,9.79940243779741,22.3081404862831
2039-10-28 12:00:00,2039,10,28,NA,9.99178643073506,18.2360715892708
2039-10-29 12:00:00,2039,10,29,NA,9.6645841131106,18.2766805231488
2039-10-30 12:00:00,2039,10,30,NA,10.1868693235299,21.1438013293428
2039-10-31 12:00:00,2039,10,31,NA,7.60947088493713,20.0967247840442
2039-11-01 12:00:00,2039,11,1,NA,7.54804662863762,18.2776206370559
2039-11-02 12:00:00,2039,11,2,NA,7.23648795027256,18.0036677644489
2039-11-03 12:00:00,2039,11,3,NA,7.67094409715651,21.1396067455306
2039-11-04 12:00:00,2039,11,4,NA,6.5374570883453,17.9874498171918
2039-11-05 12:00:00,2039,11,5,NA,0.306792219791356,13.0167992615215
2039-11-06 12:00:00,2039,11,6,NA,1.82898825243981,12.7816939721257
2039-11-07 12:00:00,2039,11,7,NA,4.77396742669312,16.0390004307257
2039-11-08 12:00:00,2039,11,8,NA,-3.93149386343574,9.71117293675754
2039-11-09 12:00:00,2039,11,9,NA,-1.30320023095027,14.3954514894998
2039-11-10 12:00:00,2039,11,10,NA,1.13642916938685,11.4668952045733
2039-11-11 12:00:00,2039,11,11,NA,2.25290772514106,15.7397564475625
2039-11-12 12:00:00,2039,11,12,NA,3.11747918761177,16.5796181141631
2039-11-13 12:00:00,2039,11,13,NA,4.93732234284196,18.4685351936891
2039-11-14 12:00:00,2039,11,14,NA,5.76373434908389,22.4451490907349
2039-11-15 12:00:00,2039,11,15,NA,7.037211175332,21.7143696507768
2039-11-16 12:00:00,2039,11,16,NA,6.45995321106702,21.8963941220511
2039-11-17 12:00:00,2039,11,17,NA,7.57916399820329,19.6207967793182
2039-11-18 12:00:00,2039,11,18,NA,7.27079575105921,20.5489829906835
2039-11-19 12:00:00,2039,11,19,NA,4.57759277466201,16.3374575366994
2039-11-20 12:00:00,2039,11,20,NA,5.09346967103106,14.41265472621
2039-11-21 12:00:00,2039,11,21,NA,5.2254087372626,14.5288506663497
2039-11-22 12:00:00,2039,11,22,NA,-0.292700523429438,13.3499662767638
2039-11-23 12:00:00,2039,11,23,NA,0.162749971648566,9.13826918876045
2039-11-24 12:00:00,2039,11,24,NA,-0.153230413404048,13.3120230606711
2039-11-25 12:00:00,2039,11,25,NA,1.30973632535016,13.5399450700988
2039-11-26 12:00:00,2039,11,26,NA,0.77259744489346,14.1702781756182
2039-11-27 12:00:00,2039,11,27,NA,5.86691459679808,18.0742296794665
2039-11-28 12:00:00,2039,11,28,NA,4.78190403297501,19.5155386542012
2039-11-29 12:00:00,2039,11,29,NA,4.47258144915039,11.1881851490162
2039-11-30 12:00:00,2039,11,30,NA,6.32751914800443,16.5104225912247
2039-12-01 12:00:00,2039,12,1,NA,3.54347695475279,16.9055732444613
2039-12-02 12:00:00,2039,12,2,NA,3.23672011109126,15.942005854321
2039-12-03 12:00:00,2039,12,3,NA,2.00567169252998,13.4019160833991
2039-12-04 12:00:00,2039,12,4,NA,-1.46091032918092,8.99760006301164
2039-12-05 12:00:00,2039,12,5,NA,-0.6109111214749,12.7265217039404
2039-12-06 12:00:00,2039,12,6,NA,1.31722623297355,8.72741941984117
2039-12-07 12:00:00,2039,12,7,NA,-0.567578925486583,3.19732130231893
2039-12-08 12:00:00,2039,12,8,NA,-3.06343849006704,8.50591323106067
2039-12-09 12:00:00,2039,12,9,NA,-3.46931287092897,10.3382170982572
2039-12-10 12:00:00,2039,12,10,NA,-2.75583982997315,8.51854523844272
2039-12-11 12:00:00,2039,12,11,NA,0.368515943911621,6.93982518207906
2039-12-12 12:00:00,2039,12,12,NA,-1.63224291696992,5.0699338888336
2039-12-13 12:00:00,2039,12,13,NA,-2.8812269896751,2.95159942202288
2039-12-14 12:00:00,2039,12,14,NA,-4.08788897549198,4.50043891494265
2039-12-15 12:00:00,2039,12,15,NA,-3.44203574034914,6.56212511060369
2039-12-16 12:00:00,2039,12,16,NA,-3.68330075195277,1.75938869258895
2039-12-17 12:00:00,2039,12,17,NA,-3.43190063338891,5.88224149485188
2039-12-18 12:00:00,2039,12,18,NA,-6.25104972367683,9.60261249173103
2039-12-19 12:00:00,2039,12,19,NA,-0.754026317182607,5.3559497120329
2039-12-20 12:00:00,2039,12,20,NA,-0.392970603087279,10.5901269306211
2039-12-21 12:00:00,2039,12,21,NA,0.768067485482437,8.8649245298343
2039-12-22 12:00:00,2039,12,22,NA,-4.09854848584049,9.81923853179717
2039-12-23 12:00:00,2039,12,23,NA,-2.63420802882098,11.0128411857131
2039-12-24 12:00:00,2039,12,24,NA,-2.67588878242236,10.4801404587701
2039-12-25 12:00:00,2039,12,25,NA,0.948292880718195,10.9118700253443
2039-12-26 12:00:00,2039,12,26,NA,2.22165477846122,9.56931407280638
2039-12-27 12:00:00,2039,12,27,NA,-3.13795330264012,2.69786588111383
2039-12-28 12:00:00,2039,12,28,NA,-5.18035632773595,4.59199793431699
2039-12-29 12:00:00,2039,12,29,NA,-4.24709216890053,0.863303871898563
2039-12-30 12:00:00,2039,12,30,NA,-4.5278219748667,3.62015142681514
2039-12-31 12:00:00,2039,12,31,NA,-3.98360420071475,9.28172700328845
2040-01-01 12:00:00,2040,1,1,NA,-2.99124231124441,9.23781626703024
2040-01-02 12:00:00,2040,1,2,NA,-4.6658761145355,6.58866659532981
2040-01-03 12:00:00,2040,1,3,NA,-3.10119971621386,10.1098271751345
2040-01-04 12:00:00,2040,1,4,NA,-3.77464331328617,10.2117766442749
2040-01-05 12:00:00,2040,1,5,NA,-3.58549690892502,10.4745189043845
2040-01-06 12:00:00,2040,1,6,NA,-0.581572295631111,8.50404997868146
2040-01-07 12:00:00,2040,1,7,NA,-3.15790053753959,7.59435535870959
2040-01-08 12:00:00,2040,1,8,NA,-6.48927692397225,-0.64526441743533
2040-01-09 12:00:00,2040,1,9,NA,-7.73827308254629,1.51088554176866
2040-01-10 12:00:00,2040,1,10,NA,-7.69013749393065,3.83406900672851
2040-01-11 12:00:00,2040,1,11,NA,-4.03793504054145,9.24938425167721
2040-01-12 12:00:00,2040,1,12,NA,-3.19024843350924,5.96672237575867
2040-01-13 12:00:00,2040,1,13,NA,-2.89989431697092,8.23672079668793
2040-01-14 12:00:00,2040,1,14,NA,-3.37644658234149,8.75614384304499
2040-01-15 12:00:00,2040,1,15,NA,-3.15450833955204,10.0027104761084
2040-01-16 12:00:00,2040,1,16,NA,-0.242535907102445,10.0269266007208
2040-01-17 12:00:00,2040,1,17,NA,1.81014804666647,9.74466099615626
2040-01-18 12:00:00,2040,1,18,NA,0.823737123761661,8.27166374268817
2040-01-19 12:00:00,2040,1,19,NA,-3.78627701343277,1.32559943218446
2040-01-20 12:00:00,2040,1,20,NA,-7.74506563945004,-0.544507303653742
2040-01-21 12:00:00,2040,1,21,NA,-7.46148766887788,-1.43048639257464
2040-01-22 12:00:00,2040,1,22,NA,-3.46491813573115,1.58062584261443
2040-01-23 12:00:00,2040,1,23,NA,-5.11546118454876,5.52166653934688
2040-01-24 12:00:00,2040,1,24,NA,-3.14264044116639,8.21238811223589
2040-01-25 12:00:00,2040,1,25,NA,-1.72242268706307,4.84689561670274
2040-01-26 12:00:00,2040,1,26,NA,-2.352684546874,5.29883550948968
2040-01-27 12:00:00,2040,1,27,NA,-3.24152650632375,5.73639668305849
2040-01-28 12:00:00,2040,1,28,NA,-0.448418776297767,7.35493252349372
2040-01-29 12:00:00,2040,1,29,NA,-2.51404930279185,9.42747616882617
2040-01-30 12:00:00,2040,1,30,NA,-2.02905973609143,9.82611052861851
2040-01-31 12:00:00,2040,1,31,NA,-2.68343416814779,6.38768213674082
2040-02-01 12:00:00,2040,2,1,NA,0.0585998788556372,9.14670462708404
2040-02-02 12:00:00,2040,2,2,NA,-0.740073939639572,9.75898566371153
2040-02-03 12:00:00,2040,2,3,NA,3.34808668596196,9.82755048696704
2040-02-04 12:00:00,2040,2,4,NA,0.100405479756863,9.76604704937691
2040-02-05 12:00:00,2040,2,5,NA,1.88033079244547,14.2613022345389
2040-02-06 12:00:00,2040,2,6,NA,-4.71907638579822,15.215640552305
2040-02-07 12:00:00,2040,2,7,NA,0.662053452643703,15.303124800318
2040-02-08 12:00:00,2040,2,8,NA,-1.26242088332588,14.1332162885607
2040-02-09 12:00:00,2040,2,9,NA,-0.443294292981171,14.3635607857466
2040-02-10 12:00:00,2040,2,10,NA,0.745441581188214,14.4687580676302
2040-02-11 12:00:00,2040,2,11,NA,0.62790043685259,17.2203351313722
2040-02-12 12:00:00,2040,2,12,NA,1.5421365546372,15.9352062473079
2040-02-13 12:00:00,2040,2,13,NA,0.0195519302868883,13.6928495688051
2040-02-14 12:00:00,2040,2,14,NA,3.17493962341559,10.6037421971918
2040-02-15 12:00:00,2040,2,15,NA,-1.24322798300297,9.52539487700923
2040-02-16 12:00:00,2040,2,16,NA,-1.41845793937949,9.74255776617332
2040-02-17 12:00:00,2040,2,17,NA,-4.03488666909508,12.5672354489086
2040-02-18 12:00:00,2040,2,18,NA,-1.87722091008557,14.8400513608171
2040-02-19 12:00:00,2040,2,19,NA,2.73780976958934,16.9866474905291
2040-02-20 12:00:00,2040,2,20,NA,6.94915924337643,15.4414241015854
2040-02-21 12:00:00,2040,2,21,NA,4.09440053614124,15.5020011602629
2040-02-22 12:00:00,2040,2,22,NA,3.62502893303151,15.255138743163
2040-02-23 12:00:00,2040,2,23,NA,0.463986026677206,14.9975404453552
2040-02-24 12:00:00,2040,2,24,NA,-6.31385768223361,5.14717836382989
2040-02-25 12:00:00,2040,2,25,NA,-4.12660276316416,1.85876472748395
2040-02-26 12:00:00,2040,2,26,NA,-3.15329469814433,7.35086904034712
2040-02-27 12:00:00,2040,2,27,NA,-2.26529680153152,11.9226707913569
2040-02-28 12:00:00,2040,2,28,NA,1.94035356268583,15.2404606765573
2040-02-29 12:00:00,2040,2,29,NA,0.656731661626822,16.0523688335134
2040-03-01 12:00:00,2040,3,1,NA,6.81855188540491,19.7160939931601
2040-03-02 12:00:00,2040,3,2,NA,9.14839551096657,21.6783114835619
2040-03-03 12:00:00,2040,3,3,NA,7.41150869532003,20.8795204428478
2040-03-04 12:00:00,2040,3,4,NA,7.03824770847678,17.1933743810465
2040-03-05 12:00:00,2040,3,5,NA,5.08022839267926,16.5478845766222
2040-03-06 12:00:00,2040,3,6,NA,6.74148743613828,17.6768116965265
2040-03-07 12:00:00,2040,3,7,NA,7.84722604000368,16.5511099388182
2040-03-08 12:00:00,2040,3,8,NA,1.06349283259879,16.7045536562571
2040-03-09 12:00:00,2040,3,9,NA,0.446756979952537,13.6110366769227
2040-03-10 12:00:00,2040,3,10,NA,0.272673957051766,13.7406857045796
2040-03-11 12:00:00,2040,3,11,NA,3.43400768221114,12.3889175694193
2040-03-12 12:00:00,2040,3,12,NA,3.82255691163158,17.1756308509478
2040-03-13 12:00:00,2040,3,13,NA,7.58038102737921,19.3247499555879
2040-03-14 12:00:00,2040,3,14,NA,9.52893710007313,21.6600074792669
2040-03-15 12:00:00,2040,3,15,NA,7.20042219708412,21.3967721225948
2040-03-16 12:00:00,2040,3,16,NA,7.53234958570986,24.0726719916161
2040-03-17 12:00:00,2040,3,17,NA,7.43911268170109,22.3834643136952
2040-03-18 12:00:00,2040,3,18,NA,9.1361448677242,21.6234759379212
2040-03-19 12:00:00,2040,3,19,NA,15.4337302457585,23.2026165140185
2040-03-20 12:00:00,2040,3,20,NA,14.5572923223138,19.1546360587317
2040-03-21 12:00:00,2040,3,21,NA,13.0362445337611,19.6377448012455
2040-03-22 12:00:00,2040,3,22,NA,13.8783819797162,25.7415612492631
2040-03-23 12:00:00,2040,3,23,NA,15.2633931745682,23.1170988756281
2040-03-24 12:00:00,2040,3,24,NA,9.39139541443058,22.3184741949144
2040-03-25 12:00:00,2040,3,25,NA,5.5806713722845,13.5681174185713
2040-03-26 12:00:00,2040,3,26,NA,3.14439567650773,9.13431868504087
2040-03-27 12:00:00,2040,3,27,NA,0.974498347253826,17.392471765281
2040-03-28 12:00:00,2040,3,28,NA,-0.250597988488318,19.9044027962577
2040-03-29 12:00:00,2040,3,29,NA,2.53120731954528,12.6348921318049
2040-03-30 12:00:00,2040,3,30,NA,2.21176799255791,13.9892062289531
2040-03-31 12:00:00,2040,3,31,NA,8.60939635331752,17.5972591815292
2040-04-01 12:00:00,2040,4,1,NA,7.47475537496961,20.5973874783965
2040-04-02 12:00:00,2040,4,2,NA,9.09592886031388,21.2930244212962
2040-04-03 12:00:00,2040,4,3,NA,9.09427262627317,21.6254221454772
2040-04-04 12:00:00,2040,4,4,NA,6.22347450334413,21.2756232309762
2040-04-05 12:00:00,2040,4,5,NA,5.93920944709077,21.8467886463194
2040-04-06 12:00:00,2040,4,6,NA,11.3682844980465,20.9841431323872
2040-04-07 12:00:00,2040,4,7,NA,14.5777671269862,21.936777256933
2040-04-08 12:00:00,2040,4,8,NA,14.5160614136083,19.8627232850344
2040-04-09 12:00:00,2040,4,9,NA,12.3077450477488,24.1016479539165
2040-04-10 12:00:00,2040,4,10,NA,14.5197108932474,25.8413413984812
2040-04-11 12:00:00,2040,4,11,NA,12.6045488997885,26.1434721175987
2040-04-12 12:00:00,2040,4,12,NA,3.7557274465886,18.4968416384712
2040-04-13 12:00:00,2040,4,13,NA,8.81446937910412,24.4467595147641
2040-04-14 12:00:00,2040,4,14,NA,10.6683684250111,24.4219257939172
2040-04-15 12:00:00,2040,4,15,NA,5.60828780625686,23.8118567945734
2040-04-16 12:00:00,2040,4,16,NA,8.40864656527655,23.7617011212277
2040-04-17 12:00:00,2040,4,17,NA,9.92404245203366,21.2456729572674
2040-04-18 12:00:00,2040,4,18,NA,8.76238549088636,23.2918008431134
2040-04-19 12:00:00,2040,4,19,NA,10.7835447383855,28.9751279367892
2040-04-20 12:00:00,2040,4,20,NA,13.9144146252444,20.8698930550714
2040-04-21 12:00:00,2040,4,21,NA,11.2255025941649,19.972729460697
2040-04-22 12:00:00,2040,4,22,NA,11.301241972772,19.2145992948856
2040-04-23 12:00:00,2040,4,23,NA,9.7981610714078,22.3594450605233
2040-04-24 12:00:00,2040,4,24,NA,12.1062257448952,28.77289115575
2040-04-25 12:00:00,2040,4,25,NA,12.2582655185348,26.0448741193176
2040-04-26 12:00:00,2040,4,26,NA,13.5253697375736,27.2722711478403
2040-04-27 12:00:00,2040,4,27,NA,13.465152074578,22.2123789411101
2040-04-28 12:00:00,2040,4,28,NA,15.7984517938459,20.8790308663135
2040-04-29 12:00:00,2040,4,29,NA,12.4978828524073,19.4278004455356
2040-04-30 12:00:00,2040,4,30,NA,10.2511822254794,21.1534490182837
2040-05-01 12:00:00,2040,5,1,NA,13.9194547706206,26.9509391446979
2040-05-02 12:00:00,2040,5,2,NA,14.8845528707952,24.9273420766656
2040-05-03 12:00:00,2040,5,3,NA,14.5821233113041,24.116764186596
2040-05-04 12:00:00,2040,5,4,NA,11.9866121579907,24.0348981684438
2040-05-05 12:00:00,2040,5,5,NA,9.7033422894824,21.6758194715519
2040-05-06 12:00:00,2040,5,6,NA,10.2053090506187,23.8148495891028
2040-05-07 12:00:00,2040,5,7,NA,13.266777545975,15.6025046240123
2040-05-08 12:00:00,2040,5,8,NA,10.4453815337534,22.5636064835923
2040-05-09 12:00:00,2040,5,9,NA,14.1510857817025,18.2394598318142
2040-05-10 12:00:00,2040,5,10,NA,10.1041797171672,19.0401144994771
2040-05-11 12:00:00,2040,5,11,NA,11.134328313195,19.9500748438937
2040-05-12 12:00:00,2040,5,12,NA,10.4864279838362,23.727787415357
2040-05-13 12:00:00,2040,5,13,NA,7.90761157268625,18.6739933865599
2040-05-14 12:00:00,2040,5,14,NA,5.54068413371997,19.4439406439637
2040-05-15 12:00:00,2040,5,15,NA,4.77286198600253,19.5723446004779
2040-05-16 12:00:00,2040,5,16,NA,5.72251244029093,19.45432073751
2040-05-17 12:00:00,2040,5,17,NA,10.0786115585175,15.8365461355611
2040-05-18 12:00:00,2040,5,18,NA,13.0368371579911,16.7044951302313
2040-05-19 12:00:00,2040,5,19,NA,10.4692707034775,21.4466513456207
2040-05-20 12:00:00,2040,5,20,NA,10.8707906414036,22.1204044759772
2040-05-21 12:00:00,2040,5,21,NA,12.2369367918552,25.935865451748
2040-05-22 12:00:00,2040,5,22,NA,8.55033430480086,21.3050800739018
2040-05-23 12:00:00,2040,5,23,NA,10.4426609323242,16.980421128511
2040-05-24 12:00:00,2040,5,24,NA,9.82980005014844,20.7124895257641
2040-05-25 12:00:00,2040,5,25,NA,13.4658947329223,26.3658589843893
2040-05-26 12:00:00,2040,5,26,NA,13.5599480713229,28.2398454260293
2040-05-27 12:00:00,2040,5,27,NA,13.3500859037477,29.4960269967243
2040-05-28 12:00:00,2040,5,28,NA,16.8642302236462,21.5899022655755
2040-05-29 12:00:00,2040,5,29,NA,16.1272347006259,22.0729746357581
2040-05-30 12:00:00,2040,5,30,NA,15.6999750588706,27.442909380676
2040-05-31 12:00:00,2040,5,31,NA,14.4799391396678,22.6347333174816
2040-06-01 12:00:00,2040,6,1,NA,13.095671019428,22.7686307985214
2040-06-02 12:00:00,2040,6,2,NA,12.5094954320138,25.4946242556238
2040-06-03 12:00:00,2040,6,3,NA,14.8447718407568,18.6954536795072
2040-06-04 12:00:00,2040,6,4,NA,14.2385339435751,24.2785198082673
2040-06-05 12:00:00,2040,6,5,NA,14.7249736897733,24.1490595801346
2040-06-06 12:00:00,2040,6,6,NA,15.9285440856635,26.3833406544708
2040-06-07 12:00:00,2040,6,7,NA,15.1827137403182,28.7424086395562
2040-06-08 12:00:00,2040,6,8,NA,16.2198133276307,28.5752637083158
2040-06-09 12:00:00,2040,6,9,NA,20.0352220221755,30.0803667298696
2040-06-10 12:00:00,2040,6,10,NA,20.8578671010194,30.5027994350493
2040-06-11 12:00:00,2040,6,11,NA,18.6697746202052,30.8235546607356
2040-06-12 12:00:00,2040,6,12,NA,20.0187159588884,29.7633936369993
2040-06-13 12:00:00,2040,6,13,NA,21.2341410902377,28.4871604836861
2040-06-14 12:00:00,2040,6,14,NA,21.380385971875,31.801243609833
2040-06-15 12:00:00,2040,6,15,NA,20.6546834662187,31.0755411041767
2040-06-16 12:00:00,2040,6,16,NA,18.787397940437,31.7993132479386
2040-06-17 12:00:00,2040,6,17,NA,19.7663476789682,29.4533188234984
2040-06-18 12:00:00,2040,6,18,NA,20.392487676109,29.6411739850811
2040-06-19 12:00:00,2040,6,19,NA,17.5063178602454,33.2355897692461
2040-06-20 12:00:00,2040,6,20,NA,19.7651575710227,31.5390829229773
2040-06-21 12:00:00,2040,6,21,NA,21.0197656535323,28.6871312939948
2040-06-22 12:00:00,2040,6,22,NA,21.1465094327268,30.9143970763337
2040-06-23 12:00:00,2040,6,23,NA,19.7594638349846,32.0904860801789
2040-06-24 12:00:00,2040,6,24,NA,19.5687503690388,28.3750596518287
2040-06-25 12:00:00,2040,6,25,NA,17.9814273457305,32.0914112656137
2040-06-26 12:00:00,2040,6,26,NA,18.0223399413785,32.6371776758104
2040-06-27 12:00:00,2040,6,27,NA,22.1683739911579,32.2083598558501
2040-06-28 12:00:00,2040,6,28,NA,22.4734739202716,34.3131575672406
2040-06-29 12:00:00,2040,6,29,NA,23.0427447492725,28.9566115205423
2040-06-30 12:00:00,2040,6,30,NA,21.1717482988107,29.3898232808208
2040-07-01 12:00:00,2040,7,1,NA,21.2149307810001,26.8997982583138
2040-07-02 12:00:00,2040,7,2,NA,21.6433698232197,29.6969396536373
2040-07-03 12:00:00,2040,7,3,NA,22.9246231205537,25.9981420223091
2040-07-04 12:00:00,2040,7,4,NA,20.9852448496044,26.4276006512189
2040-07-05 12:00:00,2040,7,5,NA,19.2984901795167,32.1869566453713
2040-07-06 12:00:00,2040,7,6,NA,21.1594158870707,31.193291110743
2040-07-07 12:00:00,2040,7,7,NA,21.1982459562539,32.0792136459397
2040-07-08 12:00:00,2040,7,8,NA,16.0583666777212,30.9190441358597
2040-07-09 12:00:00,2040,7,9,NA,21.1012598250447,29.976998245441
2040-07-10 12:00:00,2040,7,10,NA,21.7976137548363,27.4256574171378
2040-07-11 12:00:00,2040,7,11,NA,23.773680890017,27.2823583657494
2040-07-12 12:00:00,2040,7,12,NA,24.2051131200916,30.128107119359
2040-07-13 12:00:00,2040,7,13,NA,24.1669039921262,31.0493507217648
2040-07-14 12:00:00,2040,7,14,NA,22.9884240558467,29.5160299726261
2040-07-15 12:00:00,2040,7,15,NA,23.290620242733,31.250741195641
2040-07-16 12:00:00,2040,7,16,NA,23.5482997953391,30.5632206002285
2040-07-17 12:00:00,2040,7,17,NA,21.955214709144,26.491273717387
2040-07-18 12:00:00,2040,7,18,NA,22.4069173495417,28.2593599074713
2040-07-19 12:00:00,2040,7,19,NA,22.2851235113114,30.0167491336901
2040-07-20 12:00:00,2040,7,20,NA,22.0433912244942,31.8181477828976
2040-07-21 12:00:00,2040,7,21,NA,23.3874351076498,32.5070056160286
2040-07-22 12:00:00,2040,7,22,NA,23.6217945471395,29.964294881667
2040-07-23 12:00:00,2040,7,23,NA,23.3314989353276,25.6479343195964
2040-07-24 12:00:00,2040,7,24,NA,23.0924026281758,28.6321206614091
2040-07-25 12:00:00,2040,7,25,NA,23.6463063436645,27.4363769021356
2040-07-26 12:00:00,2040,7,26,NA,22.5827817140357,24.6590134064913
2040-07-27 12:00:00,2040,7,27,NA,21.1340592639446,23.0902215979705
2040-07-28 12:00:00,2040,7,28,NA,20.2013614420581,27.4717035771335
2040-07-29 12:00:00,2040,7,29,NA,19.2730129160295,26.8615429229575
2040-07-30 12:00:00,2040,7,30,NA,19.3038323249593,28.423402833338
2040-07-31 12:00:00,2040,7,31,NA,21.4084513965683,33.3472186857164
2040-08-01 12:00:00,2040,8,1,NA,22.8507751125342,31.6023145630422
2040-08-02 12:00:00,2040,8,2,NA,24.4102163539666,34.7568939048669
2040-08-03 12:00:00,2040,8,3,NA,25.4573217948537,34.1020992232083
2040-08-04 12:00:00,2040,8,4,NA,25.060767220682,33.9472957084829
2040-08-05 12:00:00,2040,8,5,NA,24.72035045237,34.1311812687498
2040-08-06 12:00:00,2040,8,6,NA,27.0032034070625,35.0605637071345
2040-08-07 12:00:00,2040,8,7,NA,26.2642989510936,37.0606037398993
2040-08-08 12:00:00,2040,8,8,NA,26.3652819804343,35.9621683912674
2040-08-09 12:00:00,2040,8,9,NA,25.0008852670031,36.1025507190655
2040-08-10 12:00:00,2040,8,10,NA,26.0805551314089,37.1332261087961
2040-08-11 12:00:00,2040,8,11,NA,26.6173085236751,37.1790440787624
2040-08-12 12:00:00,2040,8,12,NA,26.8064382836408,35.6168433799065
2040-08-13 12:00:00,2040,8,13,NA,27.5683279464352,33.3519684181652
2040-08-14 12:00:00,2040,8,14,NA,26.5859387009932,31.3828540249861
2040-08-15 12:00:00,2040,8,15,NA,24.3830755758524,28.229321482238
2040-08-16 12:00:00,2040,8,16,NA,26.9272160234355,31.7250250469457
2040-08-17 12:00:00,2040,8,17,NA,25.3925921194684,35.1780516776831
2040-08-18 12:00:00,2040,8,18,NA,25.8352326918022,33.5192566893143
2040-08-19 12:00:00,2040,8,19,NA,26.6009891089906,32.0026976898513
2040-08-20 12:00:00,2040,8,20,NA,23.2075703014389,31.2148839982002
2040-08-21 12:00:00,2040,8,21,NA,25.3940304612092,31.0508608220653
2040-08-22 12:00:00,2040,8,22,NA,25.4284181225827,30.7213713568414
2040-08-23 12:00:00,2040,8,23,NA,24.6028322574956,33.8371279216384
2040-08-24 12:00:00,2040,8,24,NA,25.693978692107,33.495355400134
2040-08-25 12:00:00,2040,8,25,NA,24.0499263812216,28.9748360532491
2040-08-26 12:00:00,2040,8,26,NA,24.769735767245,32.4511523489267
2040-08-27 12:00:00,2040,8,27,NA,23.6764837935568,32.109477125392
2040-08-28 12:00:00,2040,8,28,NA,23.4929561041765,34.2577736131453
2040-08-29 12:00:00,2040,8,29,NA,23.0713276261301,33.5362079918991
2040-08-30 12:00:00,2040,8,30,NA,25.2234818584302,33.8709755060847
2040-08-31 12:00:00,2040,8,31,NA,25.5786267630902,32.6754251756625
2040-09-01 12:00:00,2040,9,1,NA,23.6416425011934,29.2106662159874
2040-09-02 12:00:00,2040,9,2,NA,21.5458567110071,26.9333550852732
2040-09-03 12:00:00,2040,9,3,NA,21.2412230669917,23.1081522805113
2040-09-04 12:00:00,2040,9,4,NA,19.2399047406239,28.9509272226177
2040-09-05 12:00:00,2040,9,5,NA,19.0234235501649,30.5207960981352
2040-09-06 12:00:00,2040,9,6,NA,18.6497839579106,29.6882499466037
2040-09-07 12:00:00,2040,9,7,NA,18.2965797818825,28.6146227705475
2040-09-08 12:00:00,2040,9,8,NA,20.2995892252048,31.1326297262917
2040-09-09 12:00:00,2040,9,9,NA,19.4908409221997,30.7845411159866
2040-09-10 12:00:00,2040,9,10,NA,19.6809737377783,33.1065944106566
2040-09-11 12:00:00,2040,9,11,NA,22.5233202948234,33.2588832964744
2040-09-12 12:00:00,2040,9,12,NA,22.3398770792699,28.9580371673929
2040-09-13 12:00:00,2040,9,13,NA,20.4755997818955,25.5487042144993
2040-09-14 12:00:00,2040,9,14,NA,18.3741667475048,27.0033355092102
2040-09-15 12:00:00,2040,9,15,NA,17.6115723096806,24.8190606246686
2040-09-16 12:00:00,2040,9,16,NA,17.2575763409594,28.668556722952
2040-09-17 12:00:00,2040,9,17,NA,16.3519994179425,28.8222618456181
2040-09-18 12:00:00,2040,9,18,NA,18.1169953331315,28.0884490186476
2040-09-19 12:00:00,2040,9,19,NA,17.6399458418567,29.1375932548507
2040-09-20 12:00:00,2040,9,20,NA,20.1794775480685,23.1648346377824
2040-09-21 12:00:00,2040,9,21,NA,20.0161629506613,26.363216142032
2040-09-22 12:00:00,2040,9,22,NA,18.6562061261397,27.669951871107
2040-09-23 12:00:00,2040,9,23,NA,17.7014863813692,27.6265416873802
2040-09-24 12:00:00,2040,9,24,NA,16.2447996092032,26.3479760587693
2040-09-25 12:00:00,2040,9,25,NA,16.4354554350724,22.9042669483122
2040-09-26 12:00:00,2040,9,26,NA,15.2614090363333,26.5618993543289
2040-09-27 12:00:00,2040,9,27,NA,16.2733814775635,28.7318803208016
2040-09-28 12:00:00,2040,9,28,NA,16.2649691287068,29.3433516056234
2040-09-29 12:00:00,2040,9,29,NA,18.5295562633812,29.376591931779
2040-09-30 12:00:00,2040,9,30,NA,17.4982164018653,28.9136375528631
2040-10-01 12:00:00,2040,10,1,NA,17.3662420965558,27.9095340124258
2040-10-02 12:00:00,2040,10,2,NA,15.9802913626909,27.7364295412071
2040-10-03 12:00:00,2040,10,3,NA,14.7892486783665,27.598469168833
2040-10-04 12:00:00,2040,10,4,NA,13.7350774651037,28.1526269698611
2040-10-05 12:00:00,2040,10,5,NA,14.3747806847083,26.1357802758423
2040-10-06 12:00:00,2040,10,6,NA,11.1192499918493,22.6510141271642
2040-10-07 12:00:00,2040,10,7,NA,11.2070215511547,26.1502277868108
2040-10-08 12:00:00,2040,10,8,NA,13.222249505554,27.1886645044953
2040-10-09 12:00:00,2040,10,9,NA,13.631970471392,28.4315502290182
2040-10-10 12:00:00,2040,10,10,NA,14.2314950166929,21.7692108959226
2040-10-11 12:00:00,2040,10,11,NA,12.9040809925187,24.7799835434739
2040-10-12 12:00:00,2040,10,12,NA,15.6680396868275,26.8654162859114
2040-10-13 12:00:00,2040,10,13,NA,15.6160077003866,26.400445880201
2040-10-14 12:00:00,2040,10,14,NA,14.5686291347615,22.3479939575439
2040-10-15 12:00:00,2040,10,15,NA,13.5763265332791,19.8042551559237
2040-10-16 12:00:00,2040,10,16,NA,11.6120777657644,23.8807293853061
2040-10-17 12:00:00,2040,10,17,NA,12.7865101441435,26.8137207448301
2040-10-18 12:00:00,2040,10,18,NA,12.7211641600724,28.477320183202
2040-10-19 12:00:00,2040,10,19,NA,13.5857853915494,27.2215630631562
2040-10-20 12:00:00,2040,10,20,NA,19.6195092790682,21.4834091392681
2040-10-21 12:00:00,2040,10,21,NA,12.8686590416828,24.0589366495221
2040-10-22 12:00:00,2040,10,22,NA,18.3422844131038,22.2847047570842
2040-10-23 12:00:00,2040,10,23,NA,10.7836596752967,14.4541272525964
2040-10-24 12:00:00,2040,10,24,NA,8.07147351851938,17.7447500319365
2040-10-25 12:00:00,2040,10,25,NA,6.00686375856946,21.3612598877686
2040-10-26 12:00:00,2040,10,26,NA,9.70968518605873,25.0304691990426
2040-10-27 12:00:00,2040,10,27,NA,14.1125283794067,23.7456977492987
2040-10-28 12:00:00,2040,10,28,NA,11.9007326206707,23.1974918807838
2040-10-29 12:00:00,2040,10,29,NA,11.2453636885858,23.8276916410955
2040-10-30 12:00:00,2040,10,30,NA,15.2972230233195,23.9556743312155
2040-10-31 12:00:00,2040,10,31,NA,11.5320184043291,25.621987321107
2040-11-01 12:00:00,2040,11,1,NA,11.4333435271537,21.4358089485479
2040-11-02 12:00:00,2040,11,2,NA,9.09621786792257,20.2013258304435
2040-11-03 12:00:00,2040,11,3,NA,6.60277115955216,16.9672907964784
2040-11-04 12:00:00,2040,11,4,NA,11.4272468605783,24.3361017681551
2040-11-05 12:00:00,2040,11,5,NA,12.1015331023108,22.8519012677365
2040-11-06 12:00:00,2040,11,6,NA,12.5212851356592,24.3055821908191
2040-11-07 12:00:00,2040,11,7,NA,12.0406496726065,23.8249467277664
2040-11-08 12:00:00,2040,11,8,NA,2.3210121165205,17.6533673163419
2040-11-09 12:00:00,2040,11,9,NA,7.5315833809095,17.5224204600212
2040-11-10 12:00:00,2040,11,10,NA,8.7564946616738,22.1062686060803
2040-11-11 12:00:00,2040,11,11,NA,5.67704142170411,12.916617077064
2040-11-12 12:00:00,2040,11,12,NA,3.29228863185484,15.6096250906298
2040-11-13 12:00:00,2040,11,13,NA,2.78376142921782,19.2387285356892
2040-11-14 12:00:00,2040,11,14,NA,4.14242525654617,16.3931777029219
2040-11-15 12:00:00,2040,11,15,NA,3.737134187533,14.7003499676948
2040-11-16 12:00:00,2040,11,16,NA,6.04774603460984,18.6099053889071
2040-11-17 12:00:00,2040,11,17,NA,6.76712409729004,20.7844344769665
2040-11-18 12:00:00,2040,11,18,NA,2.88447605870143,15.7638778951882
2040-11-19 12:00:00,2040,11,19,NA,4.08860638275615,7.16031052212332
2040-11-20 12:00:00,2040,11,20,NA,3.07635002595042,9.9154471356511
2040-11-21 12:00:00,2040,11,21,NA,-0.186898059440881,13.5143313252666
2040-11-22 12:00:00,2040,11,22,NA,-0.660419573928298,17.6080199026133
2040-11-23 12:00:00,2040,11,23,NA,-0.392395527072364,13.4167810701468
2040-11-24 12:00:00,2040,11,24,NA,1.88293703026416,15.110614299846
2040-11-25 12:00:00,2040,11,25,NA,2.50484365524313,15.2596855035814
2040-11-26 12:00:00,2040,11,26,NA,2.63572945436914,15.3379488591927
2040-11-27 12:00:00,2040,11,27,NA,-0.595181028834517,11.8138637351077
2040-11-28 12:00:00,2040,11,28,NA,-0.596582840379671,7.49701891002473
2040-11-29 12:00:00,2040,11,29,NA,-0.240317350690836,9.535678974025
2040-11-30 12:00:00,2040,11,30,NA,-1.11079749661013,10.9020520134625
2040-12-01 12:00:00,2040,12,1,NA,-0.0325579586482885,6.80567348297494
2040-12-02 12:00:00,2040,12,2,NA,-2.84683901899201,9.16601049108066
2040-12-03 12:00:00,2040,12,3,NA,-1.81047325068108,8.37284622837393
2040-12-04 12:00:00,2040,12,4,NA,0.737762709214712,11.1279534544841
2040-12-05 12:00:00,2040,12,5,NA,0.189635672486486,14.3393590236512
2040-12-06 12:00:00,2040,12,6,NA,-2.51848168284003,9.73732559064756
2040-12-07 12:00:00,2040,12,7,NA,-1.51970912129992,10.5241846743092
2040-12-08 12:00:00,2040,12,8,NA,-0.14324119221196,9.45887141695176
2040-12-09 12:00:00,2040,12,9,NA,-4.03363743482314,1.10124847798299
2040-12-10 12:00:00,2040,12,10,NA,-2.39362175021315,5.98294734010302
2040-12-11 12:00:00,2040,12,11,NA,-1.5228764540028,7.46371433391176
2040-12-12 12:00:00,2040,12,12,NA,-0.216276505313684,6.66531583012534
2040-12-13 12:00:00,2040,12,13,NA,-0.521404171034944,10.8677963672446
2040-12-14 12:00:00,2040,12,14,NA,1.0049483233775,10.1066536324486
2040-12-15 12:00:00,2040,12,15,NA,1.56400620069299,12.9185010178852
2040-12-16 12:00:00,2040,12,16,NA,0.0468020822430546,7.3378937343127
2040-12-17 12:00:00,2040,12,17,NA,-2.38967673654942,6.37455682298333
2040-12-18 12:00:00,2040,12,18,NA,-1.37490370130205,8.9036472841614
2040-12-19 12:00:00,2040,12,19,NA,-1.68460459353251,9.43747395856887
2040-12-20 12:00:00,2040,12,20,NA,0.0647293960129183,8.4411796134706
2040-12-21 12:00:00,2040,12,21,NA,-2.06979171801568,6.51774445840892
2040-12-22 12:00:00,2040,12,22,NA,0.387754085124437,7.84700802196655
2040-12-23 12:00:00,2040,12,23,NA,1.00358407568019,11.4053069317221
2040-12-24 12:00:00,2040,12,24,NA,2.9126058481797,12.7317864064022
2040-12-25 12:00:00,2040,12,25,NA,0.360495277633277,11.0757102200737
2040-12-26 12:00:00,2040,12,26,NA,-2.41530898392336,4.45532638597711
2040-12-27 12:00:00,2040,12,27,NA,-2.79971939802856,3.16006187157654
2040-12-28 12:00:00,2040,12,28,NA,-3.65136404726404,2.44048804357074
2040-12-29 12:00:00,2040,12,29,NA,-3.08220340774638,7.13679492981812
2040-12-30 12:00:00,2040,12,30,NA,-3.44830903761169,4.51878921923757
2040-12-31 12:00:00,2040,12,31,NA,-3.01035694339753,5.12663764666897
2041-01-01 12:00:00,2041,1,1,NA,-3.60717354233334,6.16518071971961
2041-01-02 12:00:00,2041,1,2,NA,0.255969470936815,8.63113232263515
2041-01-03 12:00:00,2041,1,3,NA,1.1358265764374,6.43525714886662
2041-01-04 12:00:00,2041,1,4,NA,1.266542712844,6.77810964507724
2041-01-05 12:00:00,2041,1,5,NA,1.68901271739082,8.39351364352985
2041-01-06 12:00:00,2041,1,6,NA,-0.676541318228641,9.78225177850992
2041-01-07 12:00:00,2041,1,7,NA,-3.33042037104446,1.13449017486298
2041-01-08 12:00:00,2041,1,8,NA,-3.69901714242099,6.47206813154841
2041-01-09 12:00:00,2041,1,9,NA,-6.66209145958125,-0.590247624025411
2041-01-10 12:00:00,2041,1,10,NA,-6.93100893122688,2.15709581700152
2041-01-11 12:00:00,2041,1,11,NA,-8.9023379941311,3.34861377994262
2041-01-12 12:00:00,2041,1,12,NA,-3.6164627441706,3.91835139345385
2041-01-13 12:00:00,2041,1,13,NA,-1.75249226963469,5.71375154682288
2041-01-14 12:00:00,2041,1,14,NA,-4.36712147349218,4.30940612261655
2041-01-15 12:00:00,2041,1,15,NA,-3.23610917634405,5.91151259304877
2041-01-16 12:00:00,2041,1,16,NA,0.793223550087205,12.6351600788269
2041-01-17 12:00:00,2041,1,17,NA,-0.436661707172397,9.23369333960844
2041-01-18 12:00:00,2041,1,18,NA,-3.3052346548348,9.03234500480234
2041-01-19 12:00:00,2041,1,19,NA,-3.43163336394342,8.90668808548033
2041-01-20 12:00:00,2041,1,20,NA,-0.799228736179884,8.59033425488123
2041-01-21 12:00:00,2041,1,21,NA,-0.70054207717761,8.89509616720196
2041-01-22 12:00:00,2041,1,22,NA,-0.721144037229631,7.73120811243634
2041-01-23 12:00:00,2041,1,23,NA,-6.93316891298806,1.44490957291167
2041-01-24 12:00:00,2041,1,24,NA,-6.95437256628096,0.107991979505012
2041-01-25 12:00:00,2041,1,25,NA,-6.79981274442706,3.74217891589083
2041-01-26 12:00:00,2041,1,26,NA,-5.67655837387198,6.09345539944
2041-01-27 12:00:00,2041,1,27,NA,0.976928768902237,11.4950389573037
2041-01-28 12:00:00,2041,1,28,NA,-1.51857800680865,8.69549293213373
2041-01-29 12:00:00,2041,1,29,NA,-0.409181191790439,9.91064549319444
2041-01-30 12:00:00,2041,1,30,NA,-1.83446881663743,10.0207014480725
2041-01-31 12:00:00,2041,1,31,NA,-2.4139193008716,10.756164692086
2041-02-01 12:00:00,2041,2,1,NA,-4.50516356547838,8.67882241624422
2041-02-02 12:00:00,2041,2,2,NA,-2.90744972001006,6.18323447348615
2041-02-03 12:00:00,2041,2,3,NA,-3.68293364849795,13.8639679680606
2041-02-04 12:00:00,2041,2,4,NA,1.09291226813718,10.4248738635202
2041-02-05 12:00:00,2041,2,5,NA,-2.50648319797322,1.5652045713922
2041-02-06 12:00:00,2041,2,6,NA,-8.02448109641573,-2.24268615766789
2041-02-07 12:00:00,2041,2,7,NA,-8.33254041676379,8.39963818016365
2041-02-08 12:00:00,2041,2,8,NA,-6.14203378265074,6.46154844969826
2041-02-09 12:00:00,2041,2,9,NA,-8.15791426158835,6.32913940185491
2041-02-10 12:00:00,2041,2,10,NA,-2.86659663594595,11.3822410849938
2041-02-11 12:00:00,2041,2,11,NA,-3.99470814954154,9.95785098598698
2041-02-12 12:00:00,2041,2,12,NA,-3.9149831522771,6.89988252999439
2041-02-13 12:00:00,2041,2,13,NA,1.00042639380267,6.0508093140659
2041-02-14 12:00:00,2041,2,14,NA,-0.23132611648094,13.3625343676188
2041-02-15 12:00:00,2041,2,15,NA,2.42724416062225,13.8017665873253
2041-02-16 12:00:00,2041,2,16,NA,2.21804236983033,11.5524059054674
2041-02-17 12:00:00,2041,2,17,NA,4.00477430846028,12.427470201009
2041-02-18 12:00:00,2041,2,18,NA,-0.372220578756691,7.98670096122376
2041-02-19 12:00:00,2041,2,19,NA,-7.57205729475854,7.96996590675448
2041-02-20 12:00:00,2041,2,20,NA,-4.80585992124418,10.8110412054987
2041-02-21 12:00:00,2041,2,21,NA,-1.96472292311065,8.43544899207
2041-02-22 12:00:00,2041,2,22,NA,-0.317580565848104,10.4353653234216
2041-02-23 12:00:00,2041,2,23,NA,-0.775607264588787,6.53128396868888
2041-02-24 12:00:00,2041,2,24,NA,-0.168761821839756,14.313883255793
2041-02-25 12:00:00,2041,2,25,NA,0.945351918984934,14.5295155691346
2041-02-26 12:00:00,2041,2,26,NA,2.48350462649551,13.409381774334
2041-02-27 12:00:00,2041,2,27,NA,1.42365951732097,17.2454128669756
2041-02-28 12:00:00,2041,2,28,NA,3.88095943490271,16.7685747988898
2041-03-01 12:00:00,2041,3,1,NA,0.697973696459336,15.9419315205326
2041-03-02 12:00:00,2041,3,2,NA,-0.0846000111524408,10.0845821815125
2041-03-03 12:00:00,2041,3,3,NA,-3.0246546673806,13.8744427046699
2041-03-04 12:00:00,2041,3,4,NA,-1.8163764750259,12.2379254531921
2041-03-05 12:00:00,2041,3,5,NA,-0.849276146573085,15.0416424985169
2041-03-06 12:00:00,2041,3,6,NA,0.782879180866244,12.3222916169588
2041-03-07 12:00:00,2041,3,7,NA,-2.51637841323328,10.7561415897908
2041-03-08 12:00:00,2041,3,8,NA,-1.68877211221288,9.60612561523908
2041-03-09 12:00:00,2041,3,9,NA,-3.33304819104279,7.54275768227022
2041-03-10 12:00:00,2041,3,10,NA,-1.50981500719012,13.8269775125014
2041-03-11 12:00:00,2041,3,11,NA,-2.67799490588895,13.4721006654169
2041-03-12 12:00:00,2041,3,12,NA,-2.2161759481845,9.61286331070503
2041-03-13 12:00:00,2041,3,13,NA,-0.927592902546992,8.46229674667968
2041-03-14 12:00:00,2041,3,14,NA,-3.53890273987917,8.1880587437012
2041-03-15 12:00:00,2041,3,15,NA,-1.21225092834664,5.54199723882198
2041-03-16 12:00:00,2041,3,16,NA,-0.430381205662103,9.91899289333551
2041-03-17 12:00:00,2041,3,17,NA,-1.02189379193717,9.66310550685542
2041-03-18 12:00:00,2041,3,18,NA,0.347756868935847,13.6476783043905
2041-03-19 12:00:00,2041,3,19,NA,0.744117511344713,15.4561190005975
2041-03-20 12:00:00,2041,3,20,NA,0.654312369300221,12.1584788614686
2041-03-21 12:00:00,2041,3,21,NA,4.8542684654395,23.5351914267624
2041-03-22 12:00:00,2041,3,22,NA,5.73766102950656,23.3316617651446
2041-03-23 12:00:00,2041,3,23,NA,3.96393609258082,15.7083050207895
2041-03-24 12:00:00,2041,3,24,NA,3.36879381051113,10.3269536181669
2041-03-25 12:00:00,2041,3,25,NA,1.73154871746229,13.1153647991179
2041-03-26 12:00:00,2041,3,26,NA,0.811447629719027,6.78887620010564
2041-03-27 12:00:00,2041,3,27,NA,1.76163018425254,16.7192853860701
2041-03-28 12:00:00,2041,3,28,NA,4.22571021957931,17.9180877175045
2041-03-29 12:00:00,2041,3,29,NA,4.91703550850134,19.5497436801727
2041-03-30 12:00:00,2041,3,30,NA,6.4410624532673,21.769201476934
2041-03-31 12:00:00,2041,3,31,NA,8.70194570789957,20.8990412688819
2041-04-01 12:00:00,2041,4,1,NA,8.56954876303948,26.1635494986775
2041-04-02 12:00:00,2041,4,2,NA,10.9382896263536,25.8051315514292
2041-04-03 12:00:00,2041,4,3,NA,10.2295658098448,24.9949121170439
2041-04-04 12:00:00,2041,4,4,NA,12.2453798794966,24.8749654814442
2041-04-05 12:00:00,2041,4,5,NA,7.90661078792345,13.2841365280239
2041-04-06 12:00:00,2041,4,6,NA,7.16014018636525,18.9781238337725
2041-04-07 12:00:00,2041,4,7,NA,9.46030278247463,12.193268654663
2041-04-08 12:00:00,2041,4,8,NA,6.43928151318648,9.77586999598893
2041-04-09 12:00:00,2041,4,9,NA,4.03060702798568,12.6374342715901
2041-04-10 12:00:00,2041,4,10,NA,6.84213162973586,9.81358188316502
2041-04-11 12:00:00,2041,4,11,NA,5.94293486804692,8.65134447336336
2041-04-12 12:00:00,2041,4,12,NA,4.15192627067715,8.9036226268737
2041-04-13 12:00:00,2041,4,13,NA,4.72682730128253,11.613737223801
2041-04-14 12:00:00,2041,4,14,NA,2.50007196747737,20.6916551658811
2041-04-15 12:00:00,2041,4,15,NA,5.17234386726617,19.8983986775164
2041-04-16 12:00:00,2041,4,16,NA,6.67845958135327,18.7237309917678
2041-04-17 12:00:00,2041,4,17,NA,9.62889929284242,16.8147509193115
2041-04-18 12:00:00,2041,4,18,NA,6.52608607729668,19.0873700664121
2041-04-19 12:00:00,2041,4,19,NA,12.0563721219572,24.6840814005551
2041-04-20 12:00:00,2041,4,20,NA,14.5380007176475,21.4589822961635
2041-04-21 12:00:00,2041,4,21,NA,9.43561303313703,19.3696891959883
2041-04-22 12:00:00,2041,4,22,NA,6.46579221506244,21.9150169264509
2041-04-23 12:00:00,2041,4,23,NA,7.81602960292439,22.6891415670062
2041-04-24 12:00:00,2041,4,24,NA,8.15097656967486,23.0382726315836
2041-04-25 12:00:00,2041,4,25,NA,7.25162174425831,15.219250199747
2041-04-26 12:00:00,2041,4,26,NA,10.9378784892622,24.3050580060758
2041-04-27 12:00:00,2041,4,27,NA,11.1041998291865,28.5952546730586
2041-04-28 12:00:00,2041,4,28,NA,11.0102278736741,26.5017013152186
2041-04-29 12:00:00,2041,4,29,NA,10.2393689223274,25.0374238024623
2041-04-30 12:00:00,2041,4,30,NA,11.9821378925581,24.7993206480853
2041-05-01 12:00:00,2041,5,1,NA,10.9493339574813,24.1754612489398
2041-05-02 12:00:00,2041,5,2,NA,13.584023923818,21.5205698748737
2041-05-03 12:00:00,2041,5,3,NA,10.9566874312909,24.1528941228546
2041-05-04 12:00:00,2041,5,4,NA,11.8386638939337,23.7142411220159
2041-05-05 12:00:00,2041,5,5,NA,11.0401401533787,22.3548802823876
2041-05-06 12:00:00,2041,5,6,NA,13.4329958863791,17.1270673699151
2041-05-07 12:00:00,2041,5,7,NA,14.4112235728776,24.208366049644
2041-05-08 12:00:00,2041,5,8,NA,12.1548427572072,27.4170510712696
2041-05-09 12:00:00,2041,5,9,NA,13.1255735301866,29.7592470182198
2041-05-10 12:00:00,2041,5,10,NA,12.9656650453818,27.7205303150848
2041-05-11 12:00:00,2041,5,11,NA,11.5711999220864,18.9062235151841
2041-05-12 12:00:00,2041,5,12,NA,10.8758436489345,15.7641797420083
2041-05-13 12:00:00,2041,5,13,NA,9.18014046515444,22.3366415766519
2041-05-14 12:00:00,2041,5,14,NA,11.2885536468194,25.0533246444638
2041-05-15 12:00:00,2041,5,15,NA,11.0961507971015,23.6760463837242
2041-05-16 12:00:00,2041,5,16,NA,12.4785978862891,26.028027692845
2041-05-17 12:00:00,2041,5,17,NA,13.7937883628133,25.5374065099763
2041-05-18 12:00:00,2041,5,18,NA,12.0599296794761,24.8821932625609
2041-05-19 12:00:00,2041,5,19,NA,11.2080959557067,25.5016416173319
2041-05-20 12:00:00,2041,5,20,NA,11.9389688540628,24.6626758867044
2041-05-21 12:00:00,2041,5,21,NA,12.7263622958044,28.7865780568012
2041-05-22 12:00:00,2041,5,22,NA,13.512702889292,27.8096973177353
2041-05-23 12:00:00,2041,5,23,NA,13.5058890075983,29.4244431376618
2041-05-24 12:00:00,2041,5,24,NA,14.1777759157841,30.911789163375
2041-05-25 12:00:00,2041,5,25,NA,11.7705262848977,28.5283499281822
2041-05-26 12:00:00,2041,5,26,NA,13.4593107264661,29.8223677680009
2041-05-27 12:00:00,2041,5,27,NA,12.2761336524264,26.6038177694065
2041-05-28 12:00:00,2041,5,28,NA,12.5657138606348,25.3204596297357
2041-05-29 12:00:00,2041,5,29,NA,12.2286596257794,28.374600718756
2041-05-30 12:00:00,2041,5,30,NA,11.3560044148288,28.1138280581134
2041-05-31 12:00:00,2041,5,31,NA,12.7580473877816,21.7787274540189
2041-06-01 12:00:00,2041,6,1,NA,11.6895577618401,24.8460588733375
2041-06-02 12:00:00,2041,6,2,NA,14.2523117381552,20.133812389706
2041-06-03 12:00:00,2041,6,3,NA,14.9460251997357,24.8751381762778
2041-06-04 12:00:00,2041,6,4,NA,14.4496317810288,28.0948146500745
2041-06-05 12:00:00,2041,6,5,NA,13.5270521241198,31.4928806665311
2041-06-06 12:00:00,2041,6,6,NA,14.6019007714899,27.7412713572952
2041-06-07 12:00:00,2041,6,7,NA,19.8020088101717,29.151564214248
2041-06-08 12:00:00,2041,6,8,NA,16.5563327022282,28.3719952270319
2041-06-09 12:00:00,2041,6,9,NA,18.5636496669929,29.3099213769922
2041-06-10 12:00:00,2041,6,10,NA,17.9629388831729,33.0545283115219
2041-06-11 12:00:00,2041,6,11,NA,22.2004716507212,25.4295151648133
2041-06-12 12:00:00,2041,6,12,NA,20.2182634648587,26.0272147201626
2041-06-13 12:00:00,2041,6,13,NA,19.7996661016568,28.0177410836669
2041-06-14 12:00:00,2041,6,14,NA,20.989459192995,31.7357309029943
2041-06-15 12:00:00,2041,6,15,NA,21.4568875029716,31.4171561975009
2041-06-16 12:00:00,2041,6,16,NA,20.4992357313824,31.773044526968
2041-06-17 12:00:00,2041,6,17,NA,23.5601798356493,31.0220793931894
2041-06-18 12:00:00,2041,6,18,NA,21.8770749278565,33.3407836051556
2041-06-19 12:00:00,2041,6,19,NA,23.9038750419086,30.4038453260283
2041-06-20 12:00:00,2041,6,20,NA,23.0292385082284,30.8025809512734
2041-06-21 12:00:00,2041,6,21,NA,25.012944687932,29.1784624759162
2041-06-22 12:00:00,2041,6,22,NA,21.3325670721379,31.495400080885
2041-06-23 12:00:00,2041,6,23,NA,20.8800338881348,31.6446483826162
2041-06-24 12:00:00,2041,6,24,NA,21.9349045723506,30.7998158990812
2041-06-25 12:00:00,2041,6,25,NA,23.7117283073205,27.9685456373705
2041-06-26 12:00:00,2041,6,26,NA,22.8631809310726,31.8660490855025
2041-06-27 12:00:00,2041,6,27,NA,22.9470519526515,34.3056682225399
2041-06-28 12:00:00,2041,6,28,NA,24.0280848075326,33.7727624856435
2041-06-29 12:00:00,2041,6,29,NA,23.2398470701011,33.5854492116177
2041-06-30 12:00:00,2041,6,30,NA,20.7671838215186,34.6327368382171
2041-07-01 12:00:00,2041,7,1,NA,20.6322640692229,30.4631912298797
2041-07-02 12:00:00,2041,7,2,NA,21.3642164240482,32.0454091124888
2041-07-03 12:00:00,2041,7,3,NA,21.6406503991364,30.4789999572611
2041-07-04 12:00:00,2041,7,4,NA,23.7573860091524,31.4881908374063
2041-07-05 12:00:00,2041,7,5,NA,23.9485154627166,33.483597082709
2041-07-06 12:00:00,2041,7,6,NA,23.8898086141404,32.1448422218308
2041-07-07 12:00:00,2041,7,7,NA,23.8767716315098,34.0222534320947
2041-07-08 12:00:00,2041,7,8,NA,24.1099324314355,33.7977776605816
2041-07-09 12:00:00,2041,7,9,NA,21.069072725169,27.6972559893435
2041-07-10 12:00:00,2041,7,10,NA,22.5768109499435,27.6414671319596
2041-07-11 12:00:00,2041,7,11,NA,21.1756535545608,26.9825823338055
2041-07-12 12:00:00,2041,7,12,NA,19.8574954327838,27.6784694008361
2041-07-13 12:00:00,2041,7,13,NA,17.5112456805786,29.5945802098317
2041-07-14 12:00:00,2041,7,14,NA,19.2117055408868,31.0438800296313
2041-07-15 12:00:00,2041,7,15,NA,19.3962029239608,25.1027025679896
2041-07-16 12:00:00,2041,7,16,NA,18.3602936884453,27.2146253692174
2041-07-17 12:00:00,2041,7,17,NA,20.7239388298481,30.1148703491112
2041-07-18 12:00:00,2041,7,18,NA,25.2952768658247,33.1587462074957
2041-07-19 12:00:00,2041,7,19,NA,24.4980458847766,32.3350614195376
2041-07-20 12:00:00,2041,7,20,NA,26.9922560429653,32.8418137332725
2041-07-21 12:00:00,2041,7,21,NA,26.4892714805197,32.7641390220281
2041-07-22 12:00:00,2041,7,22,NA,25.1242459827833,34.5549457940075
2041-07-23 12:00:00,2041,7,23,NA,25.6106537802175,33.3368151236818
2041-07-24 12:00:00,2041,7,24,NA,27.0555090928255,31.4947711169016
2041-07-25 12:00:00,2041,7,25,NA,24.9871687652589,33.2188777865279
2041-07-26 12:00:00,2041,7,26,NA,24.6636086464308,29.9670871079657
2041-07-27 12:00:00,2041,7,27,NA,24.6507762759238,30.5643433950705
2041-07-28 12:00:00,2041,7,28,NA,24.6029356889674,31.4884660107809
2041-07-29 12:00:00,2041,7,29,NA,24.9601727306763,35.1313507030917
2041-07-30 12:00:00,2041,7,30,NA,24.8507156344983,34.2991869203218
2041-07-31 12:00:00,2041,7,31,NA,23.554894769172,29.1678202611011
2041-08-01 12:00:00,2041,8,1,NA,24.0665771534268,30.0134838603855
2041-08-02 12:00:00,2041,8,2,NA,23.2917247642521,33.3255999879245
2041-08-03 12:00:00,2041,8,3,NA,25.3351649943477,34.2878852743141
2041-08-04 12:00:00,2041,8,4,NA,24.5634906129921,34.4672792248173
2041-08-05 12:00:00,2041,8,5,NA,25.9489696069763,33.9562833037376
2041-08-06 12:00:00,2041,8,6,NA,27.468682870414,35.2626060788128
2041-08-07 12:00:00,2041,8,7,NA,24.1943821143926,31.5180988757566
2041-08-08 12:00:00,2041,8,8,NA,23.4506663540239,34.0156710316295
2041-08-09 12:00:00,2041,8,9,NA,24.2483424647593,34.3489502658331
2041-08-10 12:00:00,2041,8,10,NA,24.6008931088691,28.9310824447887
2041-08-11 12:00:00,2041,8,11,NA,24.3892104828588,30.8515415085625
2041-08-12 12:00:00,2041,8,12,NA,25.1568389433207,30.1808424091165
2041-08-13 12:00:00,2041,8,13,NA,24.0271292136001,32.6624975929006
2041-08-14 12:00:00,2041,8,14,NA,27.0448751465257,33.1821600355541
2041-08-15 12:00:00,2041,8,15,NA,25.0393490376671,34.9431376494923
2041-08-16 12:00:00,2041,8,16,NA,24.8946220561643,34.4931437384151
2041-08-17 12:00:00,2041,8,17,NA,23.8659186056399,33.1300102523241
2041-08-18 12:00:00,2041,8,18,NA,23.9738253873947,33.1507389750884
2041-08-19 12:00:00,2041,8,19,NA,27.5798235507392,32.3347542721038
2041-08-20 12:00:00,2041,8,20,NA,25.9097778750265,33.8259384847642
2041-08-21 12:00:00,2041,8,21,NA,24.3413002546103,27.229442194074
2041-08-22 12:00:00,2041,8,22,NA,25.1794606468026,28.7575445023191
2041-08-23 12:00:00,2041,8,23,NA,25.2874028436068,29.8289918477041
2041-08-24 12:00:00,2041,8,24,NA,23.313345143231,32.4157726000025
2041-08-25 12:00:00,2041,8,25,NA,23.4876333019703,32.3478978235468
2041-08-26 12:00:00,2041,8,26,NA,22.7792227696057,32.0414980336251
2041-08-27 12:00:00,2041,8,27,NA,24.4826754662296,33.6236566452731
2041-08-28 12:00:00,2041,8,28,NA,23.8850393267829,32.7715678145838
2041-08-29 12:00:00,2041,8,29,NA,24.361224258475,31.0989604706587
2041-08-30 12:00:00,2041,8,30,NA,22.82232564034,31.2553189721753
2041-08-31 12:00:00,2041,8,31,NA,17.9761798967932,25.9096442771165
2041-09-01 12:00:00,2041,9,1,NA,18.256583510775,28.1603721226002
2041-09-02 12:00:00,2041,9,2,NA,17.3278680492562,26.6726809985055
2041-09-03 12:00:00,2041,9,3,NA,19.2197171044215,31.2792026052203
2041-09-04 12:00:00,2041,9,4,NA,18.7014630653894,26.8759864268867
2041-09-05 12:00:00,2041,9,5,NA,17.7671969136573,29.1878527557301
2041-09-06 12:00:00,2041,9,6,NA,18.3889924848371,27.5285670132076
2041-09-07 12:00:00,2041,9,7,NA,18.4648450641496,27.8201718764855
2041-09-08 12:00:00,2041,9,8,NA,18.597252017528,26.2911108327262
2041-09-09 12:00:00,2041,9,9,NA,20.5716627267978,25.851063781077
2041-09-10 12:00:00,2041,9,10,NA,20.2426318535383,26.3899038943091
2041-09-11 12:00:00,2041,9,11,NA,17.2671023163764,27.3656397426241
2041-09-12 12:00:00,2041,9,12,NA,17.2823758348417,30.2329039052987
2041-09-13 12:00:00,2041,9,13,NA,15.5725194597135,24.3274282381644
2041-09-14 12:00:00,2041,9,14,NA,15.4528676031675,25.9085507764378
2041-09-15 12:00:00,2041,9,15,NA,14.0353065968828,26.7192351699516
2041-09-16 12:00:00,2041,9,16,NA,13.5599020939296,24.4058462155374
2041-09-17 12:00:00,2041,9,17,NA,15.819828704387,26.3643542870847
2041-09-18 12:00:00,2041,9,18,NA,19.3441635285645,25.4346210045757
2041-09-19 12:00:00,2041,9,19,NA,17.8289243878897,27.9191245983555
2041-09-20 12:00:00,2041,9,20,NA,16.9772021177494,26.907181934642
2041-09-21 12:00:00,2041,9,21,NA,16.5050755027928,25.6432398271292
2041-09-22 12:00:00,2041,9,22,NA,15.9206651822759,26.7152502728716
2041-09-23 12:00:00,2041,9,23,NA,15.1390780081492,24.4322094013017
2041-09-24 12:00:00,2041,9,24,NA,15.8724449995824,23.0814843267106
2041-09-25 12:00:00,2041,9,25,NA,15.4660288651388,24.1238144625777
2041-09-26 12:00:00,2041,9,26,NA,14.5856261239779,18.4349719015245
2041-09-27 12:00:00,2041,9,27,NA,13.9504539036723,22.7165543074958
2041-09-28 12:00:00,2041,9,28,NA,14.1748301991677,25.5894789361525
2041-09-29 12:00:00,2041,9,29,NA,16.7011000652445,19.480080583703
2041-09-30 12:00:00,2041,9,30,NA,12.9275155717798,17.7383444269208
2041-10-01 12:00:00,2041,10,1,NA,12.8007333993589,20.9752567608562
2041-10-02 12:00:00,2041,10,2,NA,12.8834329915266,23.9377345208697
2041-10-03 12:00:00,2041,10,3,NA,11.435276092638,23.5870399618519
2041-10-04 12:00:00,2041,10,4,NA,11.9456009520802,19.8091786346588
2041-10-05 12:00:00,2041,10,5,NA,12.4270335963824,19.0178651712776
2041-10-06 12:00:00,2041,10,6,NA,12.7349042705806,27.5597009727267
2041-10-07 12:00:00,2041,10,7,NA,12.9191715770777,20.2340198655189
2041-10-08 12:00:00,2041,10,8,NA,11.1856813285614,17.1203808462427
2041-10-09 12:00:00,2041,10,9,NA,9.96232851955041,20.6537828800449
2041-10-10 12:00:00,2041,10,10,NA,10.2760893492373,22.7139579307916
2041-10-11 12:00:00,2041,10,11,NA,10.2717781364467,25.153166167163
2041-10-12 12:00:00,2041,10,12,NA,12.596952593844,27.1815765890427
2041-10-13 12:00:00,2041,10,13,NA,13.5690958397056,26.1254550603409
2041-10-14 12:00:00,2041,10,14,NA,16.6255633766147,23.8984399749406
2041-10-15 12:00:00,2041,10,15,NA,10.7920147982838,20.0289151060184
2041-10-16 12:00:00,2041,10,16,NA,10.7200992520414,21.030636128303
2041-10-17 12:00:00,2041,10,17,NA,11.9824019247711,25.669545995618
2041-10-18 12:00:00,2041,10,18,NA,12.1539448347417,23.6828633867065
2041-10-19 12:00:00,2041,10,19,NA,10.5523399755749,20.26549733643
2041-10-20 12:00:00,2041,10,20,NA,9.76095600210339,19.1227574862796
2041-10-21 12:00:00,2041,10,21,NA,9.43568311211046,20.8340167203606
2041-10-22 12:00:00,2041,10,22,NA,7.68614016265038,20.9614244633154
2041-10-23 12:00:00,2041,10,23,NA,5.22503105771196,20.6006317286037
2041-10-24 12:00:00,2041,10,24,NA,6.75536435285905,21.8516313233873
2041-10-25 12:00:00,2041,10,25,NA,8.56850309893427,22.1073024170505
2041-10-26 12:00:00,2041,10,26,NA,9.71778112995627,23.5436520023861
2041-10-27 12:00:00,2041,10,27,NA,10.432340715718,22.4405774017764
2041-10-28 12:00:00,2041,10,28,NA,7.67908361266047,20.4549397991343
2041-10-29 12:00:00,2041,10,29,NA,7.55324542279395,20.8213035461867
2041-10-30 12:00:00,2041,10,30,NA,9.14459607467117,21.5302952761191
2041-10-31 12:00:00,2041,10,31,NA,8.263024450319,21.9172682976594
2041-11-01 12:00:00,2041,11,1,NA,10.3535817525973,19.1994277904869
2041-11-02 12:00:00,2041,11,2,NA,15.6611563300148,19.5378132589049
2041-11-03 12:00:00,2041,11,3,NA,15.2333069906496,17.127640491832
2041-11-04 12:00:00,2041,11,4,NA,5.27393672940293,11.4309838870773
2041-11-05 12:00:00,2041,11,5,NA,7.72767675275459,16.9250657092563
2041-11-06 12:00:00,2041,11,6,NA,8.49769189324725,19.3938050026695
2041-11-07 12:00:00,2041,11,7,NA,6.97471242117264,13.6196530506364
2041-11-08 12:00:00,2041,11,8,NA,3.62832854060293,12.7456149400297
2041-11-09 12:00:00,2041,11,9,NA,3.95771321006242,14.2881792452488
2041-11-10 12:00:00,2041,11,10,NA,1.40117566735581,16.9265866085565
2041-11-11 12:00:00,2041,11,11,NA,3.59726501193575,19.1226759531364
2041-11-12 12:00:00,2041,11,12,NA,6.80442256326413,12.593347609669
2041-11-13 12:00:00,2041,11,13,NA,4.04084557410756,13.9192829488231
2041-11-14 12:00:00,2041,11,14,NA,3.42667864768646,12.6240676041882
2041-11-15 12:00:00,2041,11,15,NA,0.0107917117570056,11.1194393103128
2041-11-16 12:00:00,2041,11,16,NA,5.82142778741681,12.4234192813299
2041-11-17 12:00:00,2041,11,17,NA,9.73369425582261,13.8669627637209
2041-11-18 12:00:00,2041,11,18,NA,5.61792430274131,16.1536641432346
2041-11-19 12:00:00,2041,11,19,NA,3.37019274697476,17.8782003719671
2041-11-20 12:00:00,2041,11,20,NA,2.35364169289877,19.549398706504
2041-11-21 12:00:00,2041,11,21,NA,3.02470182727149,15.1108693147046
2041-11-22 12:00:00,2041,11,22,NA,2.3426072668882,15.5984203223224
2041-11-23 12:00:00,2041,11,23,NA,2.49919973024246,17.1763582056872
2041-11-24 12:00:00,2041,11,24,NA,3.45375752407384,17.9011652632715
2041-11-25 12:00:00,2041,11,25,NA,7.30825535121317,21.9854138266579
2041-11-26 12:00:00,2041,11,26,NA,7.62929176026174,20.1576389829987
2041-11-27 12:00:00,2041,11,27,NA,7.06710970706573,20.0046361106287
2041-11-28 12:00:00,2041,11,28,NA,8.81158327744371,16.2804784531986
2041-11-29 12:00:00,2041,11,29,NA,3.30638013338781,15.8264697209991
2041-11-30 12:00:00,2041,11,30,NA,3.50783788456004,12.5934440445683
2041-12-01 12:00:00,2041,12,1,NA,0.86551975444331,13.8659364674036
2041-12-02 12:00:00,2041,12,2,NA,4.2641180263184,17.2645347392787
2041-12-03 12:00:00,2041,12,3,NA,5.45513741515174,15.5633282435042
2041-12-04 12:00:00,2041,12,4,NA,2.25264072274276,15.7970010111151
2041-12-05 12:00:00,2041,12,5,NA,3.31095988659792,10.7218404672207
2041-12-06 12:00:00,2041,12,6,NA,2.20921144449169,12.983061545286
2041-12-07 12:00:00,2041,12,7,NA,2.2055596301757,11.2936507904069
2041-12-08 12:00:00,2041,12,8,NA,5.03614812719037,14.1409316432215
2041-12-09 12:00:00,2041,12,9,NA,4.08889653627663,12.9230852914621
2041-12-10 12:00:00,2041,12,10,NA,4.3608831641254,13.8073803392335
2041-12-11 12:00:00,2041,12,11,NA,2.81631119611866,14.985605810259
2041-12-12 12:00:00,2041,12,12,NA,5.19502015925659,15.2636651377846
2041-12-13 12:00:00,2041,12,13,NA,3.96819026279106,11.3790708434138
2041-12-14 12:00:00,2041,12,14,NA,1.96905637862689,12.1890517188489
2041-12-15 12:00:00,2041,12,15,NA,4.61834612011047,13.3945108772362
2041-12-16 12:00:00,2041,12,16,NA,0.936333482942798,13.510213429985
2041-12-17 12:00:00,2041,12,17,NA,-5.25515621241984,8.90122306649047
2041-12-18 12:00:00,2041,12,18,NA,-1.06046868771706,7.77372006746837
2041-12-19 12:00:00,2041,12,19,NA,-2.50489488917628,2.67267016172849
2041-12-20 12:00:00,2041,12,20,NA,-0.297132656568657,5.66264861303645
2041-12-21 12:00:00,2041,12,21,NA,-1.26619594654789,9.44676597657956
2041-12-22 12:00:00,2041,12,22,NA,-1.2956949456574,9.90867163485282
2041-12-23 12:00:00,2041,12,23,NA,-2.76285973682111,6.96877113969391
2041-12-24 12:00:00,2041,12,24,NA,-2.41111606476424,7.85571714970269
2041-12-25 12:00:00,2041,12,25,NA,0.474387388252802,11.733284331466
2041-12-26 12:00:00,2041,12,26,NA,0.711212311676838,9.54540106686227
2041-12-27 12:00:00,2041,12,27,NA,1.40715829843423,9.58606458814428
2041-12-28 12:00:00,2041,12,28,NA,-1.66308801976253,7.44169549626858
2041-12-29 12:00:00,2041,12,29,NA,-1.9109630009219,7.29560856601497
2041-12-30 12:00:00,2041,12,30,NA,0.997177758939079,9.98624717932242
2041-12-31 12:00:00,2041,12,31,NA,1.00941766545438,5.55742664428743
2042-01-01 12:00:00,2042,1,1,NA,-2.28914324965158,4.83399868363917
2042-01-02 12:00:00,2042,1,2,NA,-2.73997035359914,5.63265823083733
2042-01-03 12:00:00,2042,1,3,NA,-4.55694356595675,3.98273583403666
2042-01-04 12:00:00,2042,1,4,NA,-3.46498041953429,0.551872043659263
2042-01-05 12:00:00,2042,1,5,NA,-5.46531048754508,1.46359506193813
2042-01-06 12:00:00,2042,1,6,NA,-5.63058095704128,4.42899872632852
2042-01-07 12:00:00,2042,1,7,NA,-5.75540187108448,4.38003749563558
2042-01-08 12:00:00,2042,1,8,NA,-4.76845968285833,7.64440879062488
2042-01-09 12:00:00,2042,1,9,NA,-3.47087529484656,11.9950825158917
2042-01-10 12:00:00,2042,1,10,NA,-5.36800415575001,9.0532755357888
2042-01-11 12:00:00,2042,1,11,NA,-3.03118798282223,2.6842498404831
2042-01-12 12:00:00,2042,1,12,NA,-2.56559804395731,3.96768088191969
2042-01-13 12:00:00,2042,1,13,NA,-3.40242455462787,8.25360126208821
2042-01-14 12:00:00,2042,1,14,NA,-3.80842642385752,7.80748311128819
2042-01-15 12:00:00,2042,1,15,NA,-1.58062023086894,7.99948958680176
2042-01-16 12:00:00,2042,1,16,NA,0.734467073434007,9.96343585395272
2042-01-17 12:00:00,2042,1,17,NA,-1.08989848666717,8.00136675785681
2042-01-18 12:00:00,2042,1,18,NA,-2.19602879607008,9.1656211224773
2042-01-19 12:00:00,2042,1,19,NA,-1.43933668133986,9.69481874925434
2042-01-20 12:00:00,2042,1,20,NA,-3.33071155058935,8.71854899481366
2042-01-21 12:00:00,2042,1,21,NA,-1.29625316559039,8.82714056826252
2042-01-22 12:00:00,2042,1,22,NA,1.89735869846051,12.9676692980671
2042-01-23 12:00:00,2042,1,23,NA,4.33104545747526,8.65610738844705
2042-01-24 12:00:00,2042,1,24,NA,3.45728847257546,6.52193595053394
2042-01-25 12:00:00,2042,1,25,NA,0.991812807401665,8.39463899044716
2042-01-26 12:00:00,2042,1,26,NA,-1.12550969897241,8.19010044508867
2042-01-27 12:00:00,2042,1,27,NA,-0.60703148953522,7.55545033431022
2042-01-28 12:00:00,2042,1,28,NA,-1.5583403379179,7.38375924826378
2042-01-29 12:00:00,2042,1,29,NA,-1.39840661160145,8.74811685847293
2042-01-30 12:00:00,2042,1,30,NA,-1.33625977653824,5.49409661559659
2042-01-31 12:00:00,2042,1,31,NA,-2.19630887271202,7.78386435479105
2042-02-01 12:00:00,2042,2,1,NA,-5.33804128961452,1.43826569043384
2042-02-02 12:00:00,2042,2,2,NA,-3.10012396771399,8.42333907436026
2042-02-03 12:00:00,2042,2,3,NA,-1.19713224030184,13.093473840144
2042-02-04 12:00:00,2042,2,4,NA,0.972002940679167,15.8483248738987
2042-02-05 12:00:00,2042,2,5,NA,6.82249942480892,23.3021669138163
2042-02-06 12:00:00,2042,2,6,NA,2.4472996153105,14.9814723150463
2042-02-07 12:00:00,2042,2,7,NA,2.69121503470084,8.4529063886362
2042-02-08 12:00:00,2042,2,8,NA,0.891653155679252,9.40844910554979
2042-02-09 12:00:00,2042,2,9,NA,0.724273332552309,12.6269698472573
2042-02-10 12:00:00,2042,2,10,NA,0.26157916230757,12.6908908835373
2042-02-11 12:00:00,2042,2,11,NA,1.26708932058437,8.56959524348745
2042-02-12 12:00:00,2042,2,12,NA,3.85073519274363,10.1289505231771
2042-02-13 12:00:00,2042,2,13,NA,8.00835628545314,16.7738572206779
2042-02-14 12:00:00,2042,2,14,NA,7.35191618900629,20.2250461977739
2042-02-15 12:00:00,2042,2,15,NA,6.21288776777261,21.5862788554125
2042-02-16 12:00:00,2042,2,16,NA,-1.35405135498715,16.3425944904233
2042-02-17 12:00:00,2042,2,17,NA,-0.408029399088049,13.4798279838706
2042-02-18 12:00:00,2042,2,18,NA,-0.331784266742149,14.8151188844117
2042-02-19 12:00:00,2042,2,19,NA,2.45196557239999,13.2205884324122
2042-02-20 12:00:00,2042,2,20,NA,3.14334388670757,13.4437938462062
2042-02-21 12:00:00,2042,2,21,NA,5.23715393900303,14.3096185430372
2042-02-22 12:00:00,2042,2,22,NA,2.20276274049839,14.824643831918
2042-02-23 12:00:00,2042,2,23,NA,5.79890865343305,19.3174154178377
2042-02-24 12:00:00,2042,2,24,NA,4.00515642819488,15.379678854898
2042-02-25 12:00:00,2042,2,25,NA,6.01364741111568,15.3670023155133
2042-02-26 12:00:00,2042,2,26,NA,7.85369974870293,12.8527586565982
2042-02-27 12:00:00,2042,2,27,NA,1.47627798064358,8.38017011762032
2042-02-28 12:00:00,2042,2,28,NA,0.444633091164931,13.5099697064372
2042-03-01 12:00:00,2042,3,1,NA,0.0981251239581677,11.259140829511
2042-03-02 12:00:00,2042,3,2,NA,0.695370332009837,11.0080530458905
2042-03-03 12:00:00,2042,3,3,NA,2.22187414308183,12.9068734418744
2042-03-04 12:00:00,2042,3,4,NA,7.2256556616834,13.2233475438119
2042-03-05 12:00:00,2042,3,5,NA,1.73193211883927,13.0268298462912
2042-03-06 12:00:00,2042,3,6,NA,5.29429549457806,7.68152217956123
2042-03-07 12:00:00,2042,3,7,NA,1.09982526412857,11.1294757862119
2042-03-08 12:00:00,2042,3,8,NA,2.56688987523742,9.27190491237465
2042-03-09 12:00:00,2042,3,9,NA,1.68980307915672,8.96604826574149
2042-03-10 12:00:00,2042,3,10,NA,1.62030202162799,8.21793072199192
2042-03-11 12:00:00,2042,3,11,NA,3.15336406282372,7.64462936222566
2042-03-12 12:00:00,2042,3,12,NA,0.535751447033674,11.2559787150676
2042-03-13 12:00:00,2042,3,13,NA,2.06235496962218,12.076403707106
2042-03-14 12:00:00,2042,3,14,NA,1.49833273246066,14.2946921617561
2042-03-15 12:00:00,2042,3,15,NA,-0.640044824788665,11.1254528229503
2042-03-16 12:00:00,2042,3,16,NA,-0.684372063200885,5.3136950690055
2042-03-17 12:00:00,2042,3,17,NA,-0.18009148596508,12.0719033908511
2042-03-18 12:00:00,2042,3,18,NA,4.67433212227054,9.65708165238754
2042-03-19 12:00:00,2042,3,19,NA,3.92700836466068,13.6978172258877
2042-03-20 12:00:00,2042,3,20,NA,1.99001149677917,17.5115157944625
2042-03-21 12:00:00,2042,3,21,NA,-0.178589884389202,11.6500032304085
2042-03-22 12:00:00,2042,3,22,NA,-0.523723317547,7.8281446151225
2042-03-23 12:00:00,2042,3,23,NA,0.444211882371734,6.57394208978702
2042-03-24 12:00:00,2042,3,24,NA,0.907619712690996,11.8641199489231
2042-03-25 12:00:00,2042,3,25,NA,2.0438781552527,11.6022124843211
2042-03-26 12:00:00,2042,3,26,NA,5.42536386316614,15.8618605865983
2042-03-27 12:00:00,2042,3,27,NA,2.37531262578116,13.2171766921916
2042-03-28 12:00:00,2042,3,28,NA,5.60986150859717,15.8136205897926
2042-03-29 12:00:00,2042,3,29,NA,2.53251674576709,11.9587298005946
2042-03-30 12:00:00,2042,3,30,NA,-0.390208987434216,18.1891817503104
2042-03-31 12:00:00,2042,3,31,NA,4.36064991847065,13.9865763707624
2042-04-01 12:00:00,2042,4,1,NA,2.46447790101646,13.6409561631871
2042-04-02 12:00:00,2042,4,2,NA,3.32523050694903,21.9641945816317
2042-04-03 12:00:00,2042,4,3,NA,7.98663281736951,18.3787868840098
2042-04-04 12:00:00,2042,4,4,NA,8.64761711195943,20.1096457739757
2042-04-05 12:00:00,2042,4,5,NA,5.38468791832435,23.0566238157022
2042-04-06 12:00:00,2042,4,6,NA,4.12174584398795,19.7943865037076
2042-04-07 12:00:00,2042,4,7,NA,4.47297530524568,21.1396407161005
2042-04-08 12:00:00,2042,4,8,NA,7.59263122209229,24.5986438699193
2042-04-09 12:00:00,2042,4,9,NA,9.3144157615642,24.7590716965217
2042-04-10 12:00:00,2042,4,10,NA,8.59144850590255,19.5013610948972
2042-04-11 12:00:00,2042,4,11,NA,7.86459818798978,19.266772678886
2042-04-12 12:00:00,2042,4,12,NA,8.94608650901164,21.7600960161793
2042-04-13 12:00:00,2042,4,13,NA,10.7349816919007,24.5878694674505
2042-04-14 12:00:00,2042,4,14,NA,10.2400369315547,14.349624330248
2042-04-15 12:00:00,2042,4,15,NA,9.66493175243897,24.5738621071565
2042-04-16 12:00:00,2042,4,16,NA,10.9075289887954,28.3174674660721
2042-04-17 12:00:00,2042,4,17,NA,18.2032152360701,26.941134238178
2042-04-18 12:00:00,2042,4,18,NA,16.3722170157911,22.8275172416631
2042-04-19 12:00:00,2042,4,19,NA,9.84381566164071,24.3595924274019
2042-04-20 12:00:00,2042,4,20,NA,10.310510354992,24.4922006992023
2042-04-21 12:00:00,2042,4,21,NA,11.0486783933848,21.9317286624406
2042-04-22 12:00:00,2042,4,22,NA,10.9267346010977,24.0678300547217
2042-04-23 12:00:00,2042,4,23,NA,9.06967791541626,24.8229893369443
2042-04-24 12:00:00,2042,4,24,NA,9.06750589259004,27.3904309710028
2042-04-25 12:00:00,2042,4,25,NA,6.99804579334486,18.850548922703
2042-04-26 12:00:00,2042,4,26,NA,6.17206328479131,18.7222268660777
2042-04-27 12:00:00,2042,4,27,NA,6.62263973659521,20.521206820275
2042-04-28 12:00:00,2042,4,28,NA,9.03452435509474,20.6206841530124
2042-04-29 12:00:00,2042,4,29,NA,8.08438349831767,21.0382378073598
2042-04-30 12:00:00,2042,4,30,NA,5.99079885747243,15.5231007626368
2042-05-01 12:00:00,2042,5,1,NA,5.67031626919637,19.3418219807005
2042-05-02 12:00:00,2042,5,2,NA,8.57582621756011,23.2062829234822
2042-05-03 12:00:00,2042,5,3,NA,10.5109120165515,26.7548909717872
2042-05-04 12:00:00,2042,5,4,NA,11.8685121153694,23.6121302625325
2042-05-05 12:00:00,2042,5,5,NA,11.4017623962238,20.0840918646822
2042-05-06 12:00:00,2042,5,6,NA,12.5671269051395,24.8446468214139
2042-05-07 12:00:00,2042,5,7,NA,12.3079694279204,28.453910520897
2042-05-08 12:00:00,2042,5,8,NA,13.2966987847836,24.6916202603157
2042-05-09 12:00:00,2042,5,9,NA,15.0591486518153,22.0292701802153
2042-05-10 12:00:00,2042,5,10,NA,12.0072854014432,23.7502197232486
2042-05-11 12:00:00,2042,5,11,NA,15.2120822768156,18.3597901936966
2042-05-12 12:00:00,2042,5,12,NA,14.4485170735741,19.1062796883293
2042-05-13 12:00:00,2042,5,13,NA,14.2787355235591,22.3794277239666
2042-05-14 12:00:00,2042,5,14,NA,14.5447816695853,25.7637890742374
2042-05-15 12:00:00,2042,5,15,NA,14.1250651306427,27.4908096502146
2042-05-16 12:00:00,2042,5,16,NA,17.0598873489792,22.9304177452283
2042-05-17 12:00:00,2042,5,17,NA,17.49292853586,24.0306887320468
2042-05-18 12:00:00,2042,5,18,NA,17.0721005519321,27.6626384608922
2042-05-19 12:00:00,2042,5,19,NA,14.7229485206595,29.7463952761231
2042-05-20 12:00:00,2042,5,20,NA,16.4659885126159,31.8454043223045
2042-05-21 12:00:00,2042,5,21,NA,16.7330614718815,30.441950102341
2042-05-22 12:00:00,2042,5,22,NA,15.2499015006691,28.8594420391533
2042-05-23 12:00:00,2042,5,23,NA,21.369797880263,28.0630537067842
2042-05-24 12:00:00,2042,5,24,NA,17.9400573442558,30.2127392503058
2042-05-25 12:00:00,2042,5,25,NA,16.4317833635917,28.866105349587
2042-05-26 12:00:00,2042,5,26,NA,15.8887881260374,26.3081776368114
2042-05-27 12:00:00,2042,5,27,NA,22.3943508554185,25.8009958998853
2042-05-28 12:00:00,2042,5,28,NA,21.0947027790147,30.9204889288856
2042-05-29 12:00:00,2042,5,29,NA,22.1719305548778,25.1052797161139
2042-05-30 12:00:00,2042,5,30,NA,16.6466148420946,26.8050805063456
2042-05-31 12:00:00,2042,5,31,NA,13.2472669491887,27.3019404424904
2042-06-01 12:00:00,2042,6,1,NA,11.9438930270238,23.1275809884903
2042-06-02 12:00:00,2042,6,2,NA,11.6260486347789,27.872115316875
2042-06-03 12:00:00,2042,6,3,NA,15.2157408584828,31.2493084055212
2042-06-04 12:00:00,2042,6,4,NA,17.8343002223077,29.4996391951522
2042-06-05 12:00:00,2042,6,5,NA,17.8860023386329,23.2927192047381
2042-06-06 12:00:00,2042,6,6,NA,18.5543915847198,22.7990857239259
2042-06-07 12:00:00,2042,6,7,NA,17.8944628734398,27.9493085796336
2042-06-08 12:00:00,2042,6,8,NA,18.8258685401291,28.9621745590682
2042-06-09 12:00:00,2042,6,9,NA,16.9694186739639,26.656389818494
2042-06-10 12:00:00,2042,6,10,NA,15.0952673230018,28.9018241312865
2042-06-11 12:00:00,2042,6,11,NA,17.4716138074571,27.6344468162042
2042-06-12 12:00:00,2042,6,12,NA,18.7376959603843,24.8971805673774
2042-06-13 12:00:00,2042,6,13,NA,19.8392147093943,24.0753786940676
2042-06-14 12:00:00,2042,6,14,NA,18.4945981749392,29.6178054861661
2042-06-15 12:00:00,2042,6,15,NA,18.8609309074674,31.2225879050106
2042-06-16 12:00:00,2042,6,16,NA,20.1269128447526,30.1530409181352
2042-06-17 12:00:00,2042,6,17,NA,20.5781944419425,26.7376790489356
2042-06-18 12:00:00,2042,6,18,NA,17.9763179088385,31.3909605561015
2042-06-19 12:00:00,2042,6,19,NA,19.2190244886188,31.719081863773
2042-06-20 12:00:00,2042,6,20,NA,18.9201914991112,35.6092400985379
2042-06-21 12:00:00,2042,6,21,NA,21.4655320264098,36.2912577803667
2042-06-22 12:00:00,2042,6,22,NA,22.4371256213492,34.4651271840185
2042-06-23 12:00:00,2042,6,23,NA,22.3284237947214,33.6315958104713
2042-06-24 12:00:00,2042,6,24,NA,22.4657466636962,31.7144329726683
2042-06-25 12:00:00,2042,6,25,NA,22.0177138794486,31.8655347477526
2042-06-26 12:00:00,2042,6,26,NA,21.5777766562246,31.2647478007547
2042-06-27 12:00:00,2042,6,27,NA,21.2833192853427,30.8813813582987
2042-06-28 12:00:00,2042,6,28,NA,21.3738180390465,31.1431491697149
2042-06-29 12:00:00,2042,6,29,NA,15.9107726968454,26.9975442331663
2042-06-30 12:00:00,2042,6,30,NA,19.2621661827702,27.5184289873783
2042-07-01 12:00:00,2042,7,1,NA,18.63124080574,28.4490976333817
2042-07-02 12:00:00,2042,7,2,NA,17.0909921956112,31.1638317709671
2042-07-03 12:00:00,2042,7,3,NA,20.3868291453607,27.9662350284728
2042-07-04 12:00:00,2042,7,4,NA,19.714671264855,24.6855588070631
2042-07-05 12:00:00,2042,7,5,NA,21.1998838415444,25.136052199291
2042-07-06 12:00:00,2042,7,6,NA,20.498223123019,31.0743054623453
2042-07-07 12:00:00,2042,7,7,NA,22.8214671829606,31.8393456167692
2042-07-08 12:00:00,2042,7,8,NA,24.5306658607567,32.4019580179166
2042-07-09 12:00:00,2042,7,9,NA,23.8526225007406,33.2629779116421
2042-07-10 12:00:00,2042,7,10,NA,24.977347122612,34.5650245831443
2042-07-11 12:00:00,2042,7,11,NA,25.5790449754625,31.0628381093357
2042-07-12 12:00:00,2042,7,12,NA,23.8321195475383,33.1426150664158
2042-07-13 12:00:00,2042,7,13,NA,23.2942974183815,32.7410253637241
2042-07-14 12:00:00,2042,7,14,NA,25.2436809272921,32.5210551981021
2042-07-15 12:00:00,2042,7,15,NA,26.1333163538496,32.90939758152
2042-07-16 12:00:00,2042,7,16,NA,25.3731909480931,30.2157900592039
2042-07-17 12:00:00,2042,7,17,NA,23.8846944059008,31.9754750247102
2042-07-18 12:00:00,2042,7,18,NA,22.7124118007868,30.952162066026
2042-07-19 12:00:00,2042,7,19,NA,24.5034589695494,33.07997880228
2042-07-20 12:00:00,2042,7,20,NA,26.8359093377985,34.1524574428118
2042-07-21 12:00:00,2042,7,21,NA,26.9546915774626,29.9425999253051
2042-07-22 12:00:00,2042,7,22,NA,23.1179509026253,31.1457460511584
2042-07-23 12:00:00,2042,7,23,NA,24.4281936319291,34.1065685373841
2042-07-24 12:00:00,2042,7,24,NA,26.6003267972229,30.0538587164527
2042-07-25 12:00:00,2042,7,25,NA,26.8208577499162,33.4909219954295
2042-07-26 12:00:00,2042,7,26,NA,25.009167985893,32.8844559805542
2042-07-27 12:00:00,2042,7,27,NA,23.3321352573301,32.9044042395266
2042-07-28 12:00:00,2042,7,28,NA,22.4925814343813,31.6889743861595
2042-07-29 12:00:00,2042,7,29,NA,23.3438273416066,27.9136250235402
2042-07-30 12:00:00,2042,7,30,NA,22.7092655489718,27.1337130355791
2042-07-31 12:00:00,2042,7,31,NA,21.8741368816739,29.2338621072646
2042-08-01 12:00:00,2042,8,1,NA,20.5635367664419,28.2951623888206
2042-08-02 12:00:00,2042,8,2,NA,22.3882982626302,30.8333428075868
2042-08-03 12:00:00,2042,8,3,NA,15.2281846805847,25.0270123123137
2042-08-04 12:00:00,2042,8,4,NA,17.4982203674188,28.3040524764895
2042-08-05 12:00:00,2042,8,5,NA,21.9318581306986,31.3426889470784
2042-08-06 12:00:00,2042,8,6,NA,24.7896103966065,29.49931971596
2042-08-07 12:00:00,2042,8,7,NA,24.1943334800486,31.5180502414126
2042-08-08 12:00:00,2042,8,8,NA,25.5792508634035,32.3175464322504
2042-08-09 12:00:00,2042,8,9,NA,25.0270710515077,29.9449433027728
2042-08-10 12:00:00,2042,8,10,NA,24.2526230859172,31.4789532292801
2042-08-11 12:00:00,2042,8,11,NA,24.6083763158436,31.1388107625042
2042-08-12 12:00:00,2042,8,12,NA,24.7178363145664,32.2090970857067
2042-08-13 12:00:00,2042,8,13,NA,24.9789990137617,33.1035891509213
2042-08-14 12:00:00,2042,8,14,NA,18.8707277474603,31.2051817818531
2042-08-15 12:00:00,2042,8,15,NA,22.3669219063604,33.7901799839594
2042-08-16 12:00:00,2042,8,16,NA,24.2863818945376,34.7700702184299
2042-08-17 12:00:00,2042,8,17,NA,24.2449485055279,36.2633511957399
2042-08-18 12:00:00,2042,8,18,NA,23.7999884328955,37.243328114192
2042-08-19 12:00:00,2042,8,19,NA,24.8262194970901,33.3685197887835
2042-08-20 12:00:00,2042,8,20,NA,23.5779452153602,32.0582522377906
2042-08-21 12:00:00,2042,8,21,NA,24.2418174189612,34.8063646501961
2042-08-22 12:00:00,2042,8,22,NA,24.7304918981362,35.2992277581857
2042-08-23 12:00:00,2042,8,23,NA,24.8720516624754,34.7482395775733
2042-08-24 12:00:00,2042,8,24,NA,25.8367521125343,34.1092479989311
2042-08-25 12:00:00,2042,8,25,NA,24.1522340580116,33.3020522674772
2042-08-26 12:00:00,2042,8,26,NA,21.875375756527,30.8768174845692
2042-08-27 12:00:00,2042,8,27,NA,21.5166892725748,32.0890995675585
2042-08-28 12:00:00,2042,8,28,NA,23.5549411895479,33.5576790006007
2042-08-29 12:00:00,2042,8,29,NA,24.7700713781494,34.232553968898
2042-08-30 12:00:00,2042,8,30,NA,22.3014451839056,32.1381593442756
2042-08-31 12:00:00,2042,8,31,NA,23.4116599905859,29.2916394769584
2042-09-01 12:00:00,2042,9,1,NA,23.8184465517766,31.4959956874323
2042-09-02 12:00:00,2042,9,2,NA,23.9143779361987,30.6339471187504
2042-09-03 12:00:00,2042,9,3,NA,22.4233029035831,32.0440713903694
2042-09-04 12:00:00,2042,9,4,NA,21.0537313141414,32.9224285140798
2042-09-05 12:00:00,2042,9,5,NA,21.6157505330797,31.9313479860687
2042-09-06 12:00:00,2042,9,6,NA,20.3235673696527,30.4143767189796
2042-09-07 12:00:00,2042,9,7,NA,19.2340325893211,29.8160225261676
2042-09-08 12:00:00,2042,9,8,NA,21.0160009795858,34.4360188598963
2042-09-09 12:00:00,2042,9,9,NA,21.6716367308189,33.370907269655
2042-09-10 12:00:00,2042,9,10,NA,20.3986429226321,30.9814239656462
2042-09-11 12:00:00,2042,9,11,NA,20.7109971747328,29.0841823545194
2042-09-12 12:00:00,2042,9,12,NA,18.4914769564835,31.2046276160696
2042-09-13 12:00:00,2042,9,13,NA,19.1039432882293,25.362037011453
2042-09-14 12:00:00,2042,9,14,NA,18.7741682594559,28.0554505631176
2042-09-15 12:00:00,2042,9,15,NA,19.1692181607534,28.4621560974044
2042-09-16 12:00:00,2042,9,16,NA,19.34497025394,26.0570194411751
2042-09-17 12:00:00,2042,9,17,NA,19.0636408835518,28.248927699277
2042-09-18 12:00:00,2042,9,18,NA,18.0218400660906,30.4905658961692
2042-09-19 12:00:00,2042,9,19,NA,18.4282281000404,30.540000643347
2042-09-20 12:00:00,2042,9,20,NA,19.8620505307919,29.4480294246811
2042-09-21 12:00:00,2042,9,21,NA,20.9158104797862,27.6278596670213
2042-09-22 12:00:00,2042,9,22,NA,23.6111921669483,26.1733023809599
2042-09-23 12:00:00,2042,9,23,NA,22.3930873784943,26.2430583956729
2042-09-24 12:00:00,2042,9,24,NA,18.0119934367469,26.1734836470774
2042-09-25 12:00:00,2042,9,25,NA,16.6469555195849,27.585989323819
2042-09-26 12:00:00,2042,9,26,NA,15.3862076617723,27.8391169878466
2042-09-27 12:00:00,2042,9,27,NA,16.8572162086907,27.9947706180954
2042-09-28 12:00:00,2042,9,28,NA,15.4732832023649,27.6300580169102
2042-09-29 12:00:00,2042,9,29,NA,15.5398774935326,29.1486077782147
2042-09-30 12:00:00,2042,9,30,NA,14.4255539277241,28.8039091662429
2042-10-01 12:00:00,2042,10,1,NA,17.8990004874658,30.4796601468375
2042-10-02 12:00:00,2042,10,2,NA,18.2435915098798,28.826372552894
2042-10-03 12:00:00,2042,10,3,NA,16.43954606947,28.9295120849546
2042-10-04 12:00:00,2042,10,4,NA,14.2918849862602,26.6472200716951
2042-10-05 12:00:00,2042,10,5,NA,13.3550042735819,25.5319978784335
2042-10-06 12:00:00,2042,10,6,NA,14.0679544604208,25.9592421559239
2042-10-07 12:00:00,2042,10,7,NA,14.8570759643563,21.5411672635907
2042-10-08 12:00:00,2042,10,8,NA,11.944434796237,19.9472242733771
2042-10-09 12:00:00,2042,10,9,NA,11.6048230794834,23.4694204187026
2042-10-10 12:00:00,2042,10,10,NA,12.8850060783736,24.6799552257297
2042-10-11 12:00:00,2042,10,11,NA,12.8671831501996,24.4303004864196
2042-10-12 12:00:00,2042,10,12,NA,11.6985294871739,23.6598436546653
2042-10-13 12:00:00,2042,10,13,NA,10.7287749444909,23.2796404504684
2042-10-14 12:00:00,2042,10,14,NA,10.3017540287795,25.2646183562588
2042-10-15 12:00:00,2042,10,15,NA,8.92917681160191,24.5998851965299
2042-10-16 12:00:00,2042,10,16,NA,11.4100319873233,26.9910197906285
2042-10-17 12:00:00,2042,10,17,NA,9.10127481000836,24.1975417805366
2042-10-18 12:00:00,2042,10,18,NA,10.9504603634557,22.8263629144109
2042-10-19 12:00:00,2042,10,19,NA,8.49036139972858,22.3392223981038
2042-10-20 12:00:00,2042,10,20,NA,8.93711648555316,23.4140943421112
2042-10-21 12:00:00,2042,10,21,NA,10.5931904391384,24.9483228845325
2042-10-22 12:00:00,2042,10,22,NA,10.3873512216835,23.5262084259423
2042-10-23 12:00:00,2042,10,23,NA,10.2971934737371,24.7372997120287
2042-10-24 12:00:00,2042,10,24,NA,10.2050949891063,18.7677733815809
2042-10-25 12:00:00,2042,10,25,NA,10.3574576132388,18.6907818510399
2042-10-26 12:00:00,2042,10,26,NA,10.8843269891687,18.1391872074257
2042-10-27 12:00:00,2042,10,27,NA,8.66147460018302,19.2416550458694
2042-10-28 12:00:00,2042,10,28,NA,8.17591310216973,17.7454471058996
2042-10-29 12:00:00,2042,10,29,NA,9.0779993186164,20.2753759177004
2042-10-30 12:00:00,2042,10,30,NA,8.56191134104821,14.9106223194442
2042-10-31 12:00:00,2042,10,31,NA,8.17249178442608,21.0066791986123
2042-11-01 12:00:00,2042,11,1,NA,7.83611710089572,22.4696190939847
2042-11-02 12:00:00,2042,11,2,NA,7.76639123476271,20.5396376215767
2042-11-03 12:00:00,2042,11,3,NA,5.24144327782564,11.8964068265625
2042-11-04 12:00:00,2042,11,4,NA,2.35097322375762,13.3216042585692
2042-11-05 12:00:00,2042,11,5,NA,2.40494893431814,15.6584832711965
2042-11-06 12:00:00,2042,11,6,NA,2.22187671546517,19.5350546624932
2042-11-07 12:00:00,2042,11,7,NA,0.635908515694481,13.8135969435116
2042-11-08 12:00:00,2042,11,8,NA,0.972693955967082,15.5748246422807
2042-11-09 12:00:00,2042,11,9,NA,4.76594030728804,20.5964671732345
2042-11-10 12:00:00,2042,11,10,NA,3.99345900959281,18.9873155588832
2042-11-11 12:00:00,2042,11,11,NA,3.3341978905881,18.6983426563485
2042-11-12 12:00:00,2042,11,12,NA,0.809369633612378,9.71268198443564
2042-11-13 12:00:00,2042,11,13,NA,1.97388561881987,10.0696897338807
2042-11-14 12:00:00,2042,11,14,NA,0.0280278589382954,9.11363401894653
2042-11-15 12:00:00,2042,11,15,NA,1.04909333555232,12.4368777064206
2042-11-16 12:00:00,2042,11,16,NA,2.98333346850788,18.1249060828474
2042-11-17 12:00:00,2042,11,17,NA,5.56524165962214,14.4743140166112
2042-11-18 12:00:00,2042,11,18,NA,4.37805565189743,15.9004578136739
2042-11-19 12:00:00,2042,11,19,NA,4.78203163453033,15.3177714750236
2042-11-20 12:00:00,2042,11,20,NA,2.1163892203503,18.3293501123452
2042-11-21 12:00:00,2042,11,21,NA,4.14778302956536,21.5493080085778
2042-11-22 12:00:00,2042,11,22,NA,3.94730412510663,19.0888767394462
2042-11-23 12:00:00,2042,11,23,NA,9.79851814044267,17.8921198908471
2042-11-24 12:00:00,2042,11,24,NA,6.61695805947649,19.1823626025398
2042-11-25 12:00:00,2042,11,25,NA,6.67531443403696,16.6123205640972
2042-11-26 12:00:00,2042,11,26,NA,3.5287729374851,17.5895538053868
2042-11-27 12:00:00,2042,11,27,NA,3.43200044648285,16.5722239668399
2042-11-28 12:00:00,2042,11,28,NA,2.98630713476407,16.1265306551211
2042-11-29 12:00:00,2042,11,29,NA,2.57918576732183,16.262745069752
2042-11-30 12:00:00,2042,11,30,NA,0.0367489265201053,15.466541042929
2042-12-01 12:00:00,2042,12,1,NA,0.637044632261476,13.1992039865588
2042-12-02 12:00:00,2042,12,2,NA,-2.4835837293404,10.9739454347266
2042-12-03 12:00:00,2042,12,3,NA,1.03278187332403,13.1657590614742
2042-12-04 12:00:00,2042,12,4,NA,1.34364237667083,12.4564615222027
2042-12-05 12:00:00,2042,12,5,NA,0.637904179829877,6.841098938457
2042-12-06 12:00:00,2042,12,6,NA,-0.480798527153691,12.4503918171217
2042-12-07 12:00:00,2042,12,7,NA,0.325001518851065,11.5574535706369
2042-12-08 12:00:00,2042,12,8,NA,-0.317325297326472,13.0171303807516
2042-12-09 12:00:00,2042,12,9,NA,0.211634695645655,4.54918177835284
2042-12-10 12:00:00,2042,12,10,NA,-0.318500585389753,5.24566695662632
2042-12-11 12:00:00,2042,12,11,NA,-5.09771426236262,6.29853012850653
2042-12-12 12:00:00,2042,12,12,NA,-2.80028712752251,12.744736754392
2042-12-13 12:00:00,2042,12,13,NA,-2.69023023392978,10.9568189806043
2042-12-14 12:00:00,2042,12,14,NA,-8.0144866928569,4.23122055196143
2042-12-15 12:00:00,2042,12,15,NA,-1.00647016331986,10.3897742275493
2042-12-16 12:00:00,2042,12,16,NA,0.545783873449495,8.90492045979559
2042-12-17 12:00:00,2042,12,17,NA,-0.438354294124147,11.5216667590291
2042-12-18 12:00:00,2042,12,18,NA,5.61242589536121,16.8902084681405
2042-12-19 12:00:00,2042,12,19,NA,2.36768827812899,11.5680413852209
2042-12-20 12:00:00,2042,12,20,NA,1.18437190286128,12.5203692279897
2042-12-21 12:00:00,2042,12,21,NA,2.97310161347362,16.3424770477922
2042-12-22 12:00:00,2042,12,22,NA,8.51228043656386,15.6930641369507
2042-12-23 12:00:00,2042,12,23,NA,7.56767264941449,15.7156460510963
2042-12-24 12:00:00,2042,12,24,NA,7.23608808692042,16.9677189634354
2042-12-25 12:00:00,2042,12,25,NA,4.65300334197364,14.9315543274371
2042-12-26 12:00:00,2042,12,26,NA,6.93567709227515,13.7270455236645
2042-12-27 12:00:00,2042,12,27,NA,3.75849992284295,15.0362824956222
2042-12-28 12:00:00,2042,12,28,NA,3.63191770164605,9.36387362306817
2042-12-29 12:00:00,2042,12,29,NA,0.270000024437967,12.1870048395883
2042-12-30 12:00:00,2042,12,30,NA,-0.306647972892341,11.7372458227168
2042-12-31 12:00:00,2042,12,31,NA,1.2424410709115,13.1365997186336
2043-01-01 12:00:00,2043,1,1,NA,-3.82121135524323,8.3081128545809
2043-01-02 12:00:00,2043,1,2,NA,0.0463591443594593,12.1800965130485
2043-01-03 12:00:00,2043,1,3,NA,0.150462855513164,13.3898406461191
2043-01-04 12:00:00,2043,1,4,NA,-3.10605760066103,10.8803623569001
2043-01-05 12:00:00,2043,1,5,NA,-2.79083332516394,9.85430051326024
2043-01-06 12:00:00,2043,1,6,NA,-3.16878405209077,7.64132000403801
2043-01-07 12:00:00,2043,1,7,NA,-1.60081555551792,11.5692684374397
2043-01-08 12:00:00,2043,1,8,NA,-2.55423021407431,11.5057855992352
2043-01-09 12:00:00,2043,1,9,NA,-1.02030056915704,10.013132735074
2043-01-10 12:00:00,2043,1,10,NA,4.70969228204853,15.1342562646809
2043-01-11 12:00:00,2043,1,11,NA,-2.81051882414005,2.78821043797399
2043-01-12 12:00:00,2043,1,12,NA,-0.202798531535332,6.00427657669524
2043-01-13 12:00:00,2043,1,13,NA,-1.4507916811321,8.97377230150031
2043-01-14 12:00:00,2043,1,14,NA,-1.08721209282227,7.26481261730198
2043-01-15 12:00:00,2043,1,15,NA,1.01537927224288,5.83547836222827
2043-01-16 12:00:00,2043,1,16,NA,0.592608082514157,5.89203865494338
2043-01-17 12:00:00,2043,1,17,NA,-1.25526374592664,5.94922685976558
2043-01-18 12:00:00,2043,1,18,NA,0.0979221538204094,11.1432016322937
2043-01-19 12:00:00,2043,1,19,NA,2.11679818302735,9.73309333420106
2043-01-20 12:00:00,2043,1,20,NA,-9.06187350686736,-0.981868171951538
2043-01-21 12:00:00,2043,1,21,NA,-6.4080715837917,3.57860139491356
2043-01-22 12:00:00,2043,1,22,NA,-5.83115950538184,2.94552775180494
2043-01-23 12:00:00,2043,1,23,NA,1.115138055562,4.04062162032345
2043-01-24 12:00:00,2043,1,24,NA,-2.06936709790771,4.86212905100139
2043-01-25 12:00:00,2043,1,25,NA,-2.64083501702015,1.1920228788157
2043-01-26 12:00:00,2043,1,26,NA,0.0816962811404358,4.84418845394479
2043-01-27 12:00:00,2043,1,27,NA,0.561497258360513,7.88714743597621
2043-01-28 12:00:00,2043,1,28,NA,-1.06835778946377,5.51583479894986
2043-01-29 12:00:00,2043,1,29,NA,-2.69529878360141,5.38470655131441
2043-01-30 12:00:00,2043,1,30,NA,-7.04925521792148,3.03718984751732
2043-01-31 12:00:00,2043,1,31,NA,-5.79848073031352,8.13519791489162
2043-02-01 12:00:00,2043,2,1,NA,-2.38610752748656,10.0419637750549
2043-02-02 12:00:00,2043,2,2,NA,-1.8393448366944,4.26646231279387
2043-02-03 12:00:00,2043,2,3,NA,0.294485303047257,7.72328787682345
2043-02-04 12:00:00,2043,2,4,NA,-3.67250070113596,8.39986262222731
2043-02-05 12:00:00,2043,2,5,NA,-2.13374635412697,14.4683757638767
2043-02-06 12:00:00,2043,2,6,NA,-1.90226543583723,18.1663122759974
2043-02-07 12:00:00,2043,2,7,NA,1.78739449393086,17.4257351700027
2043-02-08 12:00:00,2043,2,8,NA,0.565393231475666,13.5114203468872
2043-02-09 12:00:00,2043,2,9,NA,-5.7784214767591,0.836772822613868
2043-02-10 12:00:00,2043,2,10,NA,-4.75112665185225,5.52676758394689
2043-02-11 12:00:00,2043,2,11,NA,-6.56033155858244,4.36554558925606
2043-02-12 12:00:00,2043,2,12,NA,-4.56265361017588,7.96940440032299
2043-02-13 12:00:00,2043,2,13,NA,-1.12330298193229,16.5733428634781
2043-02-14 12:00:00,2043,2,14,NA,1.46983152992229,12.6461327093951
2043-02-15 12:00:00,2043,2,15,NA,-5.6721732652858,4.62827669421284
2043-02-16 12:00:00,2043,2,16,NA,-7.00480853055302,6.7449545129418
2043-02-17 12:00:00,2043,2,17,NA,-3.35030492591168,4.4127559454965
2043-02-18 12:00:00,2043,2,18,NA,-2.17856754209963,12.4623142446859
2043-02-19 12:00:00,2043,2,19,NA,-2.75397449323544,9.24466566428383
2043-02-20 12:00:00,2043,2,20,NA,-3.5451807637093,12.5675314024568
2043-02-21 12:00:00,2043,2,21,NA,-1.08065946714604,12.6122340363383
2043-02-22 12:00:00,2043,2,22,NA,-0.964838818961621,11.0861865959152
2043-02-23 12:00:00,2043,2,23,NA,-5.84329054730876,9.9784628023459
2043-02-24 12:00:00,2043,2,24,NA,-4.49201423769044,10.0647114293166
2043-02-25 12:00:00,2043,2,25,NA,-7.78891460601172,-3.64227585704994
2043-02-26 12:00:00,2043,2,26,NA,-7.71811416932182,3.64130255618081
2043-02-27 12:00:00,2043,2,27,NA,-4.7683554838433,8.42981751237694
2043-02-28 12:00:00,2043,2,28,NA,-2.9917223103299,12.606320444359
2043-03-01 12:00:00,2043,3,1,NA,3.22509054036383,15.3582935354517
2043-03-02 12:00:00,2043,3,2,NA,5.35530718930712,14.5127256237885
2043-03-03 12:00:00,2043,3,3,NA,0.414981013998434,13.654051512513
2043-03-04 12:00:00,2043,3,4,NA,1.93527793906133,10.5527736840958
2043-03-05 12:00:00,2043,3,5,NA,1.97598667463161,16.2940725951231
2043-03-06 12:00:00,2043,3,6,NA,2.67209531629146,12.7757801285511
2043-03-07 12:00:00,2043,3,7,NA,2.88936811522905,12.8806434831351
2043-03-08 12:00:00,2043,3,8,NA,2.5367618626317,15.516191671487
2043-03-09 12:00:00,2043,3,9,NA,0.754430425499023,16.7000871872033
2043-03-10 12:00:00,2043,3,10,NA,-0.129701582793069,12.8497282260622
2043-03-11 12:00:00,2043,3,11,NA,2.23380576454223,11.3167992775903
2043-03-12 12:00:00,2043,3,12,NA,3.74970110900601,15.5271393454012
2043-03-13 12:00:00,2043,3,13,NA,3.85019019268233,14.9913731596086
2043-03-14 12:00:00,2043,3,14,NA,0.796665165076741,18.2070396691026
2043-03-15 12:00:00,2043,3,15,NA,1.90351249138353,14.8658913229374
2043-03-16 12:00:00,2043,3,16,NA,1.2163099914429,12.362646515906
2043-03-17 12:00:00,2043,3,17,NA,1.56798488467029,9.94587906557635
2043-03-18 12:00:00,2043,3,18,NA,-5.48174075275961,13.097649984985
2043-03-19 12:00:00,2043,3,19,NA,-2.27537951041605,15.0077370292961
2043-03-20 12:00:00,2043,3,20,NA,-0.318835050048,13.7456982102039
2043-03-21 12:00:00,2043,3,21,NA,0.78710788702784,14.8414098152458
2043-03-22 12:00:00,2043,3,22,NA,-1.02420766351678,9.93229257271528
2043-03-23 12:00:00,2043,3,23,NA,0.123664604368586,8.87259473194506
2043-03-24 12:00:00,2043,3,24,NA,-0.0326752962848005,12.6830165012897
2043-03-25 12:00:00,2043,3,25,NA,3.12349519142881,11.9315652303501
2043-03-26 12:00:00,2043,3,26,NA,3.55272858969659,15.5078786946726
2043-03-27 12:00:00,2043,3,27,NA,2.76377997168825,13.6502569627268
2043-03-28 12:00:00,2043,3,28,NA,2.4000979284003,9.28539532032597
2043-03-29 12:00:00,2043,3,29,NA,3.99331858434904,12.239459275725
2043-03-30 12:00:00,2043,3,30,NA,6.87305585834562,17.0621130995883
2043-03-31 12:00:00,2043,3,31,NA,6.15468603528248,17.996633528141
2043-04-01 12:00:00,2043,4,1,NA,6.77162375729245,12.3824331359492
2043-04-02 12:00:00,2043,4,2,NA,7.38135823951469,13.2416511394847
2043-04-03 12:00:00,2043,4,3,NA,9.57935050325251,21.0991685038017
2043-04-04 12:00:00,2043,4,4,NA,7.89355096417374,20.9301983417741
2043-04-05 12:00:00,2043,4,5,NA,8.99492851651634,22.3615162026466
2043-04-06 12:00:00,2043,4,6,NA,9.02636821472013,19.6469868154225
2043-04-07 12:00:00,2043,4,7,NA,6.71583150600987,20.2862768401068
2043-04-08 12:00:00,2043,4,8,NA,8.12222379113988,24.8168113010746
2043-04-09 12:00:00,2043,4,9,NA,9.22563011246111,25.6850640867661
2043-04-10 12:00:00,2043,4,10,NA,9.79300761600248,23.6097639145239
2043-04-11 12:00:00,2043,4,11,NA,11.6361628582521,22.9727018175108
2043-04-12 12:00:00,2043,4,12,NA,6.97153570205609,21.8320765980222
2043-04-13 12:00:00,2043,4,13,NA,6.53960403583416,22.6652411122371
2043-04-14 12:00:00,2043,4,14,NA,6.2705568243344,22.2820337033471
2043-04-15 12:00:00,2043,4,15,NA,7.06695443102372,22.1974029590524
2043-04-16 12:00:00,2043,4,16,NA,6.13650568420062,18.1904504104428
2043-04-17 12:00:00,2043,4,17,NA,5.92080251005617,20.931099691589
2043-04-18 12:00:00,2043,4,18,NA,6.4691728210606,23.0909717522838
2043-04-19 12:00:00,2043,4,19,NA,6.23174227299646,26.630186233394
2043-04-20 12:00:00,2043,4,20,NA,6.92166444589306,25.8709026936045
2043-04-21 12:00:00,2043,4,21,NA,9.49441208476338,25.3903728862218
2043-04-22 12:00:00,2043,4,22,NA,10.9751443326342,21.164523050789
2043-04-23 12:00:00,2043,4,23,NA,16.7878925419102,20.3622696803411
2043-04-24 12:00:00,2043,4,24,NA,12.3150223842099,20.2492766701942
2043-04-25 12:00:00,2043,4,25,NA,10.3985262724751,13.3699765259043
2043-04-26 12:00:00,2043,4,26,NA,7.41745946249964,14.986673196324
2043-04-27 12:00:00,2043,4,27,NA,7.31717986762075,22.4476283956494
2043-04-28 12:00:00,2043,4,28,NA,10.5289012365095,17.1952210561733
2043-04-29 12:00:00,2043,4,29,NA,7.5027697270395,20.6160034860929
2043-04-30 12:00:00,2043,4,30,NA,12.191473784829,17.557913843565
2043-05-01 12:00:00,2043,5,1,NA,9.36513813029857,24.2382500943804
2043-05-02 12:00:00,2043,5,2,NA,9.96489169339817,24.8565098143693
2043-05-03 12:00:00,2043,5,3,NA,11.392376144662,25.2354874074624
2043-05-04 12:00:00,2043,5,4,NA,12.5663978232391,25.7745530013812
2043-05-05 12:00:00,2043,5,5,NA,14.638485981659,27.6384076487238
2043-05-06 12:00:00,2043,5,6,NA,14.9181851048699,29.8794476479948
2043-05-07 12:00:00,2043,5,7,NA,13.7025164507602,26.8950593590488
2043-05-08 12:00:00,2043,5,8,NA,14.7472319803721,28.2374393202869
2043-05-09 12:00:00,2043,5,9,NA,13.6076233862218,23.1330531741894
2043-05-10 12:00:00,2043,5,10,NA,15.3789858198865,21.2520235768149
2043-05-11 12:00:00,2043,5,11,NA,14.4113317415722,18.4269193682911
2043-05-12 12:00:00,2043,5,12,NA,12.796282429177,20.8897614199541
2043-05-13 12:00:00,2043,5,13,NA,11.8570780356983,24.9030467237741
2043-05-14 12:00:00,2043,5,14,NA,9.64182755901663,26.2985778394141
2043-05-15 12:00:00,2043,5,15,NA,10.3122533539691,26.1445681396789
2043-05-16 12:00:00,2043,5,16,NA,11.8222157650333,27.5849955441441
2043-05-17 12:00:00,2043,5,17,NA,12.1471934480139,27.4565092964542
2043-05-18 12:00:00,2043,5,18,NA,14.0375025972443,28.7173999519508
2043-05-19 12:00:00,2043,5,19,NA,15.0884386489213,31.9073525103364
2043-05-20 12:00:00,2043,5,20,NA,15.1584786207205,26.9001905002622
2043-05-21 12:00:00,2043,5,21,NA,13.0363805201633,22.8352480458962
2043-05-22 12:00:00,2043,5,22,NA,12.7219503924151,24.0940315208949
2043-05-23 12:00:00,2043,5,23,NA,13.6337960189614,25.3755078985032
2043-05-24 12:00:00,2043,5,24,NA,14.207921936088,25.5771544518641
2043-05-25 12:00:00,2043,5,25,NA,13.6386593179198,25.3954388605849
2043-05-26 12:00:00,2043,5,26,NA,14.0397570053832,26.8849946303202
2043-05-27 12:00:00,2043,5,27,NA,16.5452694632205,26.0213072971062
2043-05-28 12:00:00,2043,5,28,NA,13.6779910849142,31.334396494877
2043-05-29 12:00:00,2043,5,29,NA,16.0998573501561,30.4738716308701
2043-05-30 12:00:00,2043,5,30,NA,20.0600476803663,26.0074813235939
2043-05-31 12:00:00,2043,5,31,NA,22.5535371418745,27.851732362636
2043-06-01 12:00:00,2043,6,1,NA,22.3615323962362,31.8224133032734
2043-06-02 12:00:00,2043,6,2,NA,20.1466452966756,33.3428519882393
2043-06-03 12:00:00,2043,6,3,NA,21.2416536770052,29.5697478407528
2043-06-04 12:00:00,2043,6,4,NA,19.0442515421629,31.0267052024385
2043-06-05 12:00:00,2043,6,5,NA,19.0985627250414,31.6346240753174
2043-06-06 12:00:00,2043,6,6,NA,19.4240092686637,30.7126672160192
2043-06-07 12:00:00,2043,6,7,NA,18.4561834295409,29.2420822415409
2043-06-08 12:00:00,2043,6,8,NA,18.3907877945213,30.1906975294261
2043-06-09 12:00:00,2043,6,9,NA,19.0225359733301,29.5992618451574
2043-06-10 12:00:00,2043,6,10,NA,19.2253921959216,30.7637913097271
2043-06-11 12:00:00,2043,6,11,NA,18.7832887488036,32.3024515604544
2043-06-12 12:00:00,2043,6,12,NA,20.4147270452143,32.3753225636898
2043-06-13 12:00:00,2043,6,13,NA,23.0886765377948,31.174242634178
2043-06-14 12:00:00,2043,6,14,NA,24.2228743964504,30.4471100779214
2043-06-15 12:00:00,2043,6,15,NA,21.6997213256206,32.6099193909473
2043-06-16 12:00:00,2043,6,16,NA,21.2368387471875,31.4051359569668
2043-06-17 12:00:00,2043,6,17,NA,21.3399650141361,31.4426352211566
2043-06-18 12:00:00,2043,6,18,NA,24.1931867412491,27.2072651332945
2043-06-19 12:00:00,2043,6,19,NA,22.3136453463958,25.3301859300673
2043-06-20 12:00:00,2043,6,20,NA,19.7391199874066,28.37474862583
2043-06-21 12:00:00,2043,6,21,NA,19.6112498282718,24.113675800688
2043-06-22 12:00:00,2043,6,22,NA,19.4250880289468,27.4176929584265
2043-06-23 12:00:00,2043,6,23,NA,10.4053795264333,26.4574045154987
2043-06-24 12:00:00,2043,6,24,NA,10.2453052665539,26.8305730037298
2043-06-25 12:00:00,2043,6,25,NA,14.0930074778294,23.1909572510552
2043-06-26 12:00:00,2043,6,26,NA,14.0858210619892,28.1935615337722
2043-06-27 12:00:00,2043,6,27,NA,18.1699051787547,29.4730771945046
2043-06-28 12:00:00,2043,6,28,NA,18.9790151911372,32.0829826063969
2043-06-29 12:00:00,2043,6,29,NA,20.653410801389,33.9156549029333
2043-06-30 12:00:00,2043,6,30,NA,21.2147435789147,27.4207836175709
2043-07-01 12:00:00,2043,7,1,NA,20.901573140952,29.1436671320054
2043-07-02 12:00:00,2043,7,2,NA,20.3801422447085,28.654863855469
2043-07-03 12:00:00,2043,7,3,NA,22.9513417016031,30.3417336929778
2043-07-04 12:00:00,2043,7,4,NA,22.4038491789774,33.3017310673606
2043-07-05 12:00:00,2043,7,5,NA,25.1975014138491,35.3429832144339
2043-07-06 12:00:00,2043,7,6,NA,26.1675989910983,31.1366837582601
2043-07-07 12:00:00,2043,7,7,NA,24.9094622019984,31.2136191161791
2043-07-08 12:00:00,2043,7,8,NA,24.8520560753463,31.4802393395208
2043-07-09 12:00:00,2043,7,9,NA,23.5937845076713,27.6678285013229
2043-07-10 12:00:00,2043,7,10,NA,21.0905652408798,27.4331183774141
2043-07-11 12:00:00,2043,7,11,NA,22.5720964250646,27.5712319681653
2043-07-12 12:00:00,2043,7,12,NA,20.8138918215867,29.4889662096939
2043-07-13 12:00:00,2043,7,13,NA,22.1360880991689,31.9365460912168
2043-07-14 12:00:00,2043,7,14,NA,21.2623426415985,28.5973092333216
2043-07-15 12:00:00,2043,7,15,NA,22.2817417338404,28.0998414136551
2043-07-16 12:00:00,2043,7,16,NA,23.2466178898751,28.160262622641
2043-07-17 12:00:00,2043,7,17,NA,23.8130454956568,30.0980889303522
2043-07-18 12:00:00,2043,7,18,NA,24.1694338653401,31.4420747355672
2043-07-19 12:00:00,2043,7,19,NA,21.9199119127878,31.1995282840262
2043-07-20 12:00:00,2043,7,20,NA,23.5487602178348,26.9731088513792
2043-07-21 12:00:00,2043,7,21,NA,23.7799560450619,30.356128977872
2043-07-22 12:00:00,2043,7,22,NA,24.7380865866106,32.4642479300748
2043-07-23 12:00:00,2043,7,23,NA,24.4349364516503,34.1337871389685
2043-07-24 12:00:00,2043,7,24,NA,26.412263215811,30.3931631963455
2043-07-25 12:00:00,2043,7,25,NA,24.5122626261983,31.5271834310877
2043-07-26 12:00:00,2043,7,26,NA,23.3913615062522,30.9100177569807
2043-07-27 12:00:00,2043,7,27,NA,22.9318415697167,31.0715898835421
2043-07-28 12:00:00,2043,7,28,NA,26.0554174075278,33.8013084154769
2043-07-29 12:00:00,2043,7,29,NA,24.7556735255884,30.4214897201495
2043-07-30 12:00:00,2043,7,30,NA,22.850603209921,29.2393358045453
2043-07-31 12:00:00,2043,7,31,NA,24.2504584890767,30.8328273366277
2043-08-01 12:00:00,2043,8,1,NA,24.7500591911165,32.6135285327875
2043-08-02 12:00:00,2043,8,2,NA,24.2302172374213,33.6211487566844
2043-08-03 12:00:00,2043,8,3,NA,21.909219048151,29.5861358425743
2043-08-04 12:00:00,2043,8,4,NA,23.7257967425667,31.6306408734016
2043-08-05 12:00:00,2043,8,5,NA,21.6132133201989,33.6316160104108
2043-08-06 12:00:00,2043,8,6,NA,24.001507668882,34.0945559432995
2043-08-07 12:00:00,2043,8,7,NA,21.8586272172881,29.5389446392241
2043-08-08 12:00:00,2043,8,8,NA,20.4502799020072,32.9504501999741
2043-08-09 12:00:00,2043,8,9,NA,18.7077268882867,27.9700021523062
2043-08-10 12:00:00,2043,8,10,NA,19.869920818572,27.7334002574241
2043-08-11 12:00:00,2043,8,11,NA,20.257795164712,31.5906131470548
2043-08-12 12:00:00,2043,8,12,NA,21.9047048395992,30.8134584939257
2043-08-13 12:00:00,2043,8,13,NA,23.3222748273285,31.0731538201282
2043-08-14 12:00:00,2043,8,14,NA,23.0124867580044,29.7320559405562
2043-08-15 12:00:00,2043,8,15,NA,21.850092500494,29.1601411305432
2043-08-16 12:00:00,2043,8,16,NA,22.0792430770718,26.2033190010487
2043-08-17 12:00:00,2043,8,17,NA,21.0890031593789,26.4798693832309
2043-08-18 12:00:00,2043,8,18,NA,22.9360703143973,33.0291185888149
2043-08-19 12:00:00,2043,8,19,NA,23.025993605062,34.3931827575697
2043-08-20 12:00:00,2043,8,20,NA,23.7143547379209,34.796322114381
2043-08-21 12:00:00,2043,8,21,NA,24.2391830399201,32.8967080532403
2043-08-22 12:00:00,2043,8,22,NA,24.7337693150495,30.6049265742788
2043-08-23 12:00:00,2043,8,23,NA,24.0047266712626,31.8095638667982
2043-08-24 12:00:00,2043,8,24,NA,23.4400557935951,33.448574797077
2043-08-25 12:00:00,2043,8,25,NA,22.6261175864431,33.1136820412985
2043-08-26 12:00:00,2043,8,26,NA,23.3125604539199,33.4167260824822
2043-08-27 12:00:00,2043,8,27,NA,23.5096464091793,33.520082108485
2043-08-28 12:00:00,2043,8,28,NA,25.1347587215863,34.1602549685731
2043-08-29 12:00:00,2043,8,29,NA,26.7714463397237,33.5092465998752
2043-08-30 12:00:00,2043,8,30,NA,23.7224101218107,31.9028126153319
2043-08-31 12:00:00,2043,8,31,NA,23.2664661274916,31.0683536661907
2043-09-01 12:00:00,2043,9,1,NA,22.6359196940152,32.4666695082967
2043-09-02 12:00:00,2043,9,2,NA,21.0813285062375,31.2925187683134
2043-09-03 12:00:00,2043,9,3,NA,20.7497103796739,33.2132433344791
2043-09-04 12:00:00,2043,9,4,NA,23.0309047496271,32.6319320958279
2043-09-05 12:00:00,2043,9,5,NA,20.5147345539176,29.1725201513566
2043-09-06 12:00:00,2043,9,6,NA,19.6573496037633,29.0974080894955
2043-09-07 12:00:00,2043,9,7,NA,17.7963470105602,25.7070795661693
2043-09-08 12:00:00,2043,9,8,NA,17.8919785711686,30.3622409988442
2043-09-09 12:00:00,2043,9,9,NA,22.7639300956295,24.5254146262878
2043-09-10 12:00:00,2043,9,10,NA,18.9040644695063,29.1976203516919
2043-09-11 12:00:00,2043,9,11,NA,19.4551036375452,29.5479171317501
2043-09-12 12:00:00,2043,9,12,NA,19.7494670447438,31.887235361356
2043-09-13 12:00:00,2043,9,13,NA,20.4626675719039,32.8548491200917
2043-09-14 12:00:00,2043,9,14,NA,21.4270624848774,31.004933309426
2043-09-15 12:00:00,2043,9,15,NA,22.1352401540498,32.238416603616
2043-09-16 12:00:00,2043,9,16,NA,23.242788876506,29.8719243304264
2043-09-17 12:00:00,2043,9,17,NA,24.1418804355037,30.8528213692528
2043-09-18 12:00:00,2043,9,18,NA,20.8008058089348,33.26433876374
2043-09-19 12:00:00,2043,9,19,NA,20.9612324661126,32.6144351466034
2043-09-20 12:00:00,2043,9,20,NA,20.1772523183392,31.6855399951456
2043-09-21 12:00:00,2043,9,21,NA,19.847944994193,33.3433808542947
2043-09-22 12:00:00,2043,9,22,NA,21.0251905455876,30.6272639733155
2043-09-23 12:00:00,2043,9,23,NA,22.8111905742014,30.4812665039525
2043-09-24 12:00:00,2043,9,24,NA,20.4642199065917,28.3749524622007
2043-09-25 12:00:00,2043,9,25,NA,16.0514902218989,29.8757512915732
2043-09-26 12:00:00,2043,9,26,NA,17.1239692593521,29.7046289187237
2043-09-27 12:00:00,2043,9,27,NA,16.6680364868295,29.8379877024291
2043-09-28 12:00:00,2043,9,28,NA,14.7531090077359,23.4129633231945
2043-09-29 12:00:00,2043,9,29,NA,15.6677875906715,23.3356727160189
2043-09-30 12:00:00,2043,9,30,NA,17.0982432194964,24.2030760761576
2043-10-01 12:00:00,2043,10,1,NA,15.2277508013004,26.4892560526047
2043-10-02 12:00:00,2043,10,2,NA,14.9146584548476,27.75906270307
2043-10-03 12:00:00,2043,10,3,NA,18.88494508696,25.0271649359193
2043-10-04 12:00:00,2043,10,4,NA,17.4581217957767,28.2628532440207
2043-10-05 12:00:00,2043,10,5,NA,18.4084255074451,27.9825784904482
2043-10-06 12:00:00,2043,10,6,NA,16.4024618552828,26.2811921067987
2043-10-07 12:00:00,2043,10,7,NA,14.2909243013854,27.8297236195017
2043-10-08 12:00:00,2043,10,8,NA,10.8600832262518,20.7107111052505
2043-10-09 12:00:00,2043,10,9,NA,10.2190667154586,24.7440876957396
2043-10-10 12:00:00,2043,10,10,NA,11.5089747483989,27.3855756151266
2043-10-11 12:00:00,2043,10,11,NA,13.1552672819049,27.1900107357398
2043-10-12 12:00:00,2043,10,12,NA,14.9801387162678,31.0779326497286
2043-10-13 12:00:00,2043,10,13,NA,15.197919300885,25.8237496986018
2043-10-14 12:00:00,2043,10,14,NA,15.7234279214869,27.7239485733845
2043-10-15 12:00:00,2043,10,15,NA,15.2814995280724,26.9722631357608
2043-10-16 12:00:00,2043,10,16,NA,17.6099059470884,26.7945609918526
2043-10-17 12:00:00,2043,10,17,NA,14.7766359415462,25.7335679473591
2043-10-18 12:00:00,2043,10,18,NA,13.519142327121,23.2502283786551
2043-10-19 12:00:00,2043,10,19,NA,13.0668504203236,24.9276845346058
2043-10-20 12:00:00,2043,10,20,NA,8.29199943956606,20.2740655872058
2043-10-21 12:00:00,2043,10,21,NA,9.26227776386953,21.66476404241
2043-10-22 12:00:00,2043,10,22,NA,14.9816540232505,19.6879774067343
2043-10-23 12:00:00,2043,10,23,NA,11.678579997913,23.7890107707188
2043-10-24 12:00:00,2043,10,24,NA,11.6787986229471,18.0275096013431
2043-10-25 12:00:00,2043,10,25,NA,10.1371981380691,20.6575073663173
2043-10-26 12:00:00,2043,10,26,NA,10.3001660346068,18.912262444645
2043-10-27 12:00:00,2043,10,27,NA,9.81761725291602,23.0964240319695
2043-10-28 12:00:00,2043,10,28,NA,7.80159482118863,13.8927103497195
2043-10-29 12:00:00,2043,10,29,NA,8.78765900371422,15.5131696244257
2043-10-30 12:00:00,2043,10,30,NA,6.26304153288316,16.3860301431024
2043-10-31 12:00:00,2043,10,31,NA,6.46572780051294,14.7100129590487
2043-11-01 12:00:00,2043,11,1,NA,4.11472246916595,16.6234605176517
2043-11-02 12:00:00,2043,11,2,NA,3.8418201753574,17.224298494811
2043-11-03 12:00:00,2043,11,3,NA,10.3896701742418,18.6706628806733
2043-11-04 12:00:00,2043,11,4,NA,10.7201680716091,13.8177352762285
2043-11-05 12:00:00,2043,11,5,NA,8.99668890655699,17.9627770319627
2043-11-06 12:00:00,2043,11,6,NA,6.35645415110791,14.8204834782478
2043-11-07 12:00:00,2043,11,7,NA,6.05455609064587,12.6356725103838
2043-11-08 12:00:00,2043,11,8,NA,4.99906832868666,9.00969691713798
2043-11-09 12:00:00,2043,11,9,NA,13.8922741017935,16.7704783963164
2043-11-10 12:00:00,2043,11,10,NA,11.367392894516,14.9304924884198
2043-11-11 12:00:00,2043,11,11,NA,9.10161813086063,15.3212492644071
2043-11-12 12:00:00,2043,11,12,NA,5.28682323749414,18.3164287762384
2043-11-13 12:00:00,2043,11,13,NA,5.99583661424352,18.0749739657736
2043-11-14 12:00:00,2043,11,14,NA,7.13408467329211,13.3695007852689
2043-11-15 12:00:00,2043,11,15,NA,7.52491374109183,18.2501945230261
2043-11-16 12:00:00,2043,11,16,NA,6.72944515939348,13.8672614608256
2043-11-17 12:00:00,2043,11,17,NA,7.7908917317056,16.2089879143133
2043-11-18 12:00:00,2043,11,18,NA,6.11079546684639,9.4140244008112
2043-11-19 12:00:00,2043,11,19,NA,2.59962676396467,12.9627907777475
2043-11-20 12:00:00,2043,11,20,NA,0.251272261730808,16.8200845223283
2043-11-21 12:00:00,2043,11,21,NA,1.94992975258501,9.63765733334684
2043-11-22 12:00:00,2043,11,22,NA,1.27703876261197,12.5572657758011
2043-11-23 12:00:00,2043,11,23,NA,-1.58106533718883,10.6262497454796
2043-11-24 12:00:00,2043,11,24,NA,-1.48692136724182,14.407199875619
2043-11-25 12:00:00,2043,11,25,NA,1.7442144581523,17.2215901768763
2043-11-26 12:00:00,2043,11,26,NA,3.58087898908717,9.76306824650263
2043-11-27 12:00:00,2043,11,27,NA,1.59907214507777,10.8467651386885
2043-11-28 12:00:00,2043,11,28,NA,3.57039591224869,12.9004254525006
2043-11-29 12:00:00,2043,11,29,NA,4.62297673579925,14.9618400982696
2043-11-30 12:00:00,2043,11,30,NA,2.66160591428625,16.0859735247343
2043-12-01 12:00:00,2043,12,1,NA,2.3834416253665,15.8404250152949
2043-12-02 12:00:00,2043,12,2,NA,3.7105412232755,14.2254581541219
2043-12-03 12:00:00,2043,12,3,NA,4.20324737413224,12.9068969444612
2043-12-04 12:00:00,2043,12,4,NA,3.44785334921295,13.667848689435
2043-12-05 12:00:00,2043,12,5,NA,4.74590378492784,16.5184461937685
2043-12-06 12:00:00,2043,12,6,NA,3.05306689012114,15.1641691363339
2043-12-07 12:00:00,2043,12,7,NA,3.25368250682824,16.3383147584633
2043-12-08 12:00:00,2043,12,8,NA,1.58482065698183,10.7588860882657
2043-12-09 12:00:00,2043,12,9,NA,-2.97656534133526,8.86874697668047
2043-12-10 12:00:00,2043,12,10,NA,-4.68430673507256,4.52226483186432
2043-12-11 12:00:00,2043,12,11,NA,-3.00376168569369,7.45474870649887
2043-12-12 12:00:00,2043,12,12,NA,-2.4816290046943,9.78671923136194
2043-12-13 12:00:00,2043,12,13,NA,-6.16478359363383,2.97042997790566
2043-12-14 12:00:00,2043,12,14,NA,-5.07497932892227,1.71638910246707
2043-12-15 12:00:00,2043,12,15,NA,-5.16299440002778,3.30924075458068
2043-12-16 12:00:00,2043,12,16,NA,-0.361953698222903,9.88398556951397
2043-12-17 12:00:00,2043,12,17,NA,-2.04547721755417,10.2591497183814
2043-12-18 12:00:00,2043,12,18,NA,-0.359844795285503,7.21277001110276
2043-12-19 12:00:00,2043,12,19,NA,1.5117938699747,12.7706908131879
2043-12-20 12:00:00,2043,12,20,NA,-4.87965632510116,6.03303388516031
2043-12-21 12:00:00,2043,12,21,NA,-7.72117677605161,-4.11253338470511
2043-12-22 12:00:00,2043,12,22,NA,-6.48554523453523,1.86417797748283
2043-12-23 12:00:00,2043,12,23,NA,-4.12913701809131,4.95895414213992
2043-12-24 12:00:00,2043,12,24,NA,-3.13818464611697,11.7132202216818
2043-12-25 12:00:00,2043,12,25,NA,2.46578902020125,4.91973653894162
2043-12-26 12:00:00,2043,12,26,NA,-2.10136725682351,3.63058866459862
2043-12-27 12:00:00,2043,12,27,NA,-5.24940223525366,6.64475641246846
2043-12-28 12:00:00,2043,12,28,NA,-3.01004514326191,8.2444975666034
2043-12-29 12:00:00,2043,12,29,NA,-6.15713704763574,9.84461176813068
2043-12-30 12:00:00,2043,12,30,NA,-0.946384824165817,7.88780393101961
2043-12-31 12:00:00,2043,12,31,NA,2.60117907758068,7.77874412848545
2044-01-01 12:00:00,2044,1,1,NA,-3.04423727658025,2.73118950559619
2044-01-02 12:00:00,2044,1,2,NA,-3.39296294458181,5.7118205714493
2044-01-03 12:00:00,2044,1,3,NA,-6.25733432637055,3.93631549733329
2044-01-04 12:00:00,2044,1,4,NA,-4.63670832304167,2.4256562227443
2044-01-05 12:00:00,2044,1,5,NA,-3.49906028409517,4.55384082139717
2044-01-06 12:00:00,2044,1,6,NA,-4.83159682550972,4.3253739837582
2044-01-07 12:00:00,2044,1,7,NA,-6.46733115330151,1.05683586533389
2044-01-08 12:00:00,2044,1,8,NA,-7.48494749208565,-1.84673414601158
2044-01-09 12:00:00,2044,1,9,NA,-4.86659526646827,4.36059802764143
2044-01-10 12:00:00,2044,1,10,NA,-5.49093278949571,5.82994655562893
2044-01-11 12:00:00,2044,1,11,NA,-5.95054178785062,5.15338140304828
2044-01-12 12:00:00,2044,1,12,NA,-5.93535868580902,2.67218341723383
2044-01-13 12:00:00,2044,1,13,NA,-2.99402478391308,3.09949621024917
2044-01-14 12:00:00,2044,1,14,NA,-5.48933428855735,3.05558138136356
2044-01-15 12:00:00,2044,1,15,NA,-5.67816659097365,2.03179939635609
2044-01-16 12:00:00,2044,1,16,NA,-4.32010450145955,6.10445948117286
2044-01-17 12:00:00,2044,1,17,NA,-3.36780455793361,6.98466219286932
2044-01-18 12:00:00,2044,1,18,NA,-1.44401370489557,7.20202169581137
2044-01-19 12:00:00,2044,1,19,NA,-6.24726978480389,1.11527473601828
2044-01-20 12:00:00,2044,1,20,NA,-2.74840542712119,5.33746196705662
2044-01-21 12:00:00,2044,1,21,NA,-3.85660931296093,6.24061118253977
2044-01-22 12:00:00,2044,1,22,NA,-5.79389303363157,4.53819174625078
2044-01-23 12:00:00,2044,1,23,NA,-6.52034447856346,7.03665261727282
2044-01-24 12:00:00,2044,1,24,NA,-3.44684014496438,2.35533281397709
2044-01-25 12:00:00,2044,1,25,NA,-7.71929590187207,1.44146985969007
2044-01-26 12:00:00,2044,1,26,NA,-7.82785607730827,1.06489412061509
2044-01-27 12:00:00,2044,1,27,NA,-5.29317764386801,3.36803470283375
2044-01-28 12:00:00,2044,1,28,NA,-4.90365737902503,2.28225507366796
2044-01-29 12:00:00,2044,1,29,NA,-4.77932753381349,5.98815405281324
2044-01-30 12:00:00,2044,1,30,NA,-2.50302541872193,10.6790305735874
2044-01-31 12:00:00,2044,1,31,NA,-3.56341068541672,9.13801024296301
2044-02-01 12:00:00,2044,2,1,NA,-1.80662956201248,8.01046593957856
2044-02-02 12:00:00,2044,2,2,NA,-3.1103101704506,7.54229893080022
2044-02-03 12:00:00,2044,2,3,NA,-6.1928726439776,7.32563412042707
2044-02-04 12:00:00,2044,2,4,NA,-5.68936179800535,3.97710572846456
2044-02-05 12:00:00,2044,2,5,NA,-4.28021960695159,9.71809579618821
2044-02-06 12:00:00,2044,2,6,NA,-2.00439142093561,8.86439514872284
2044-02-07 12:00:00,2044,2,7,NA,1.83892794016988,9.15969472370734
2044-02-08 12:00:00,2044,2,8,NA,5.68361195816591,11.553622545343
2044-02-09 12:00:00,2044,2,9,NA,2.02116438691038,15.8660035881959
2044-02-10 12:00:00,2044,2,10,NA,8.46108778350436,12.5453418715452
2044-02-11 12:00:00,2044,2,11,NA,6.2542800771983,9.49133499325323
2044-02-12 12:00:00,2044,2,12,NA,2.40010407569097,13.4322941651007
2044-02-13 12:00:00,2044,2,13,NA,3.03667111714735,13.5408348556388
2044-02-14 12:00:00,2044,2,14,NA,0.884337131536777,6.5918137919066
2044-02-15 12:00:00,2044,2,15,NA,-0.447264872046566,3.07705747332004
2044-02-16 12:00:00,2044,2,16,NA,-0.28169361576281,11.3217472643796
2044-02-17 12:00:00,2044,2,17,NA,0.183818218621249,14.8023271908122
2044-02-18 12:00:00,2044,2,18,NA,-0.323616647154991,6.05708756014946
2044-02-19 12:00:00,2044,2,19,NA,1.74142174977098,12.2455854882624
2044-02-20 12:00:00,2044,2,20,NA,0.757166087761784,12.7545046383269
2044-02-21 12:00:00,2044,2,21,NA,0.135444886458606,8.50886068472989
2044-02-22 12:00:00,2044,2,22,NA,0.131303176340579,10.887356523316
2044-02-23 12:00:00,2044,2,23,NA,-0.666768345854019,8.60276839820085
2044-02-24 12:00:00,2044,2,24,NA,-2.38101722340307,11.8458054984698
2044-02-25 12:00:00,2044,2,25,NA,-1.43532386383334,11.7633617353837
2044-02-26 12:00:00,2044,2,26,NA,1.55548367079022,16.9494806441855
2044-02-27 12:00:00,2044,2,27,NA,9.38980641626989,16.4365473317045
2044-02-28 12:00:00,2044,2,28,NA,3.38366599541147,16.1672720760998
2044-02-29 12:00:00,2044,2,29,NA,5.90375407338746,15.3974287091076
2044-03-01 12:00:00,2044,3,1,NA,2.96462113017553,16.3408615915463
2044-03-02 12:00:00,2044,3,2,NA,3.79909402456694,19.4416996267785
2044-03-03 12:00:00,2044,3,3,NA,4.40667561521361,18.6030656670966
2044-03-04 12:00:00,2044,3,4,NA,3.30867936610758,19.2429726917152
2044-03-05 12:00:00,2044,3,5,NA,7.43562625572347,14.1330237041142
2044-03-06 12:00:00,2044,3,6,NA,-0.664162914845648,12.9767040362339
2044-03-07 12:00:00,2044,3,7,NA,-1.99837645194292,14.5323979740476
2044-03-08 12:00:00,2044,3,8,NA,-0.777906643239057,14.2248681230591
2044-03-09 12:00:00,2044,3,9,NA,-2.40520286177531,10.7228777870207
2044-03-10 12:00:00,2044,3,10,NA,4.44356014367972,13.0610558887142
2044-03-11 12:00:00,2044,3,11,NA,4.54925665280057,13.7486450516047
2044-03-12 12:00:00,2044,3,12,NA,6.54176417809643,22.2919284116989
2044-03-13 12:00:00,2044,3,13,NA,4.35843968861671,20.7764131066439
2044-03-14 12:00:00,2044,3,14,NA,5.80190909251072,13.9732338017852
2044-03-15 12:00:00,2044,3,15,NA,4.04345684133647,13.7103989472381
2044-03-16 12:00:00,2044,3,16,NA,0.946061614579334,12.3298776962349
2044-03-17 12:00:00,2044,3,17,NA,1.01302632911492,7.09836472973833
2044-03-18 12:00:00,2044,3,18,NA,-1.10922712926648,14.7059101969481
2044-03-19 12:00:00,2044,3,19,NA,-0.954390061911532,12.1682420415154
2044-03-20 12:00:00,2044,3,20,NA,-1.98578331110028,13.0350986190719
2044-03-21 12:00:00,2044,3,21,NA,-1.17175302135568,16.5971038965475
2044-03-22 12:00:00,2044,3,22,NA,3.92510591031061,20.5361601785854
2044-03-23 12:00:00,2044,3,23,NA,2.53084614419428,19.7929681103418
2044-03-24 12:00:00,2044,3,24,NA,3.17698583459395,19.2445114270467
2044-03-25 12:00:00,2044,3,25,NA,6.34364019858903,17.4737012738433
2044-03-26 12:00:00,2044,3,26,NA,7.43523241162512,18.0555166743185
2044-03-27 12:00:00,2044,3,27,NA,5.39790551018027,12.8195975967674
2044-03-28 12:00:00,2044,3,28,NA,2.95901230337463,12.3680658777774
2044-03-29 12:00:00,2044,3,29,NA,2.80226622911996,16.4921500033987
2044-03-30 12:00:00,2044,3,30,NA,6.44556322225651,18.8932901748891
2044-03-31 12:00:00,2044,3,31,NA,5.95155856166088,21.1313745448405
2044-04-01 12:00:00,2044,4,1,NA,5.22253073555067,20.1801859373682
2044-04-02 12:00:00,2044,4,2,NA,4.22143638971958,17.1485151702034
2044-04-03 12:00:00,2044,4,3,NA,3.89792357231054,17.6514809412167
2044-04-04 12:00:00,2044,4,4,NA,3.98619357801025,18.7842484581451
2044-04-05 12:00:00,2044,4,5,NA,4.77203398516332,19.6754610874141
2044-04-06 12:00:00,2044,4,6,NA,8.25833340480859,22.4400237490189
2044-04-07 12:00:00,2044,4,7,NA,8.40580475177061,23.2789167158525
2044-04-08 12:00:00,2044,4,8,NA,9.13319388114633,24.995598192668
2044-04-09 12:00:00,2044,4,9,NA,15.8248874559128,23.7382447780263
2044-04-10 12:00:00,2044,4,10,NA,10.0698652215058,27.9572829736526
2044-04-11 12:00:00,2044,4,11,NA,12.1126586766661,25.834361999889
2044-04-12 12:00:00,2044,4,12,NA,11.1963734241295,28.3832374965885
2044-04-13 12:00:00,2044,4,13,NA,12.1929968779239,28.8596622887787
2044-04-14 12:00:00,2044,4,14,NA,10.6939835240081,26.1069954934483
2044-04-15 12:00:00,2044,4,15,NA,12.8627800410232,27.6111761807351
2044-04-16 12:00:00,2044,4,16,NA,13.3188662080039,26.1360489635311
2044-04-17 12:00:00,2044,4,17,NA,16.4428053872488,24.8249533216724
2044-04-18 12:00:00,2044,4,18,NA,15.4139130739062,22.08023289357
2044-04-19 12:00:00,2044,4,19,NA,11.4840824320654,16.8269168535215
2044-04-20 12:00:00,2044,4,20,NA,10.6768367274397,17.6042004263907
2044-04-21 12:00:00,2044,4,21,NA,9.1754982481401,16.5440812870516
2044-04-22 12:00:00,2044,4,22,NA,2.77503108607666,21.6751571762395
2044-04-23 12:00:00,2044,4,23,NA,8.28557756335793,19.6126765354133
2044-04-24 12:00:00,2044,4,24,NA,9.62683338845982,24.4248882685947
2044-04-25 12:00:00,2044,4,25,NA,9.26015761803733,26.2158865093996
2044-04-26 12:00:00,2044,4,26,NA,11.8840622348061,28.7835723203519
2044-04-27 12:00:00,2044,4,27,NA,11.3037614781794,25.1089037252038
2044-04-28 12:00:00,2044,4,28,NA,14.5462110194003,27.4380878243926
2044-04-29 12:00:00,2044,4,29,NA,14.0049642026789,26.7689910301669
2044-04-30 12:00:00,2044,4,30,NA,11.5420218099261,20.4241493019441
2044-05-01 12:00:00,2044,5,1,NA,7.93061654625879,15.8797668142206
2044-05-02 12:00:00,2044,5,2,NA,7.15225724422186,20.4002998717781
2044-05-03 12:00:00,2044,5,3,NA,9.277022143852,23.077985819318
2044-05-04 12:00:00,2044,5,4,NA,10.1809524755273,26.8248820949566
2044-05-05 12:00:00,2044,5,5,NA,14.9190532703213,29.6066243442927
2044-05-06 12:00:00,2044,5,6,NA,16.3792581304913,32.0747060459871
2044-05-07 12:00:00,2044,5,7,NA,20.7720787272612,25.7221054151221
2044-05-08 12:00:00,2044,5,8,NA,18.8189707041515,21.4267941187846
2044-05-09 12:00:00,2044,5,9,NA,21.0060989505424,22.5809945644946
2044-05-10 12:00:00,2044,5,10,NA,17.0370973053623,22.7438913565417
2044-05-11 12:00:00,2044,5,11,NA,14.6064686476876,27.4287322307724
2044-05-12 12:00:00,2044,5,12,NA,13.1955913998458,26.9983288677122
2044-05-13 12:00:00,2044,5,13,NA,13.8724685059556,26.3894965716082
2044-05-14 12:00:00,2044,5,14,NA,13.7109742672279,28.2651922796066
2044-05-15 12:00:00,2044,5,15,NA,15.5543214820349,27.9333246273529
2044-05-16 12:00:00,2044,5,16,NA,12.6751918057026,27.1121982765013
2044-05-17 12:00:00,2044,5,17,NA,15.6911762919326,28.5170412586324
2044-05-18 12:00:00,2044,5,18,NA,15.3406338091924,29.8455241480095
2044-05-19 12:00:00,2044,5,19,NA,17.3120059580738,28.1783221223057
2044-05-20 12:00:00,2044,5,20,NA,16.4887570835729,24.771544191641
2044-05-21 12:00:00,2044,5,21,NA,18.0784200462677,27.9042061961385
2044-05-22 12:00:00,2044,5,22,NA,19.2048085107747,30.0711246750066
2044-05-23 12:00:00,2044,5,23,NA,20.4823779933004,26.4553257148368
2044-05-24 12:00:00,2044,5,24,NA,17.6669552192685,21.3346131915088
2044-05-25 12:00:00,2044,5,25,NA,13.6164127221192,18.1760730200506
2044-05-26 12:00:00,2044,5,26,NA,11.1420810940383,22.7592333975585
2044-05-27 12:00:00,2044,5,27,NA,11.3884576141137,23.71360902929
2044-05-28 12:00:00,2044,5,28,NA,10.7075797059339,25.0045741343771
2044-05-29 12:00:00,2044,5,29,NA,12.8930738949106,28.8668887900879
2044-05-30 12:00:00,2044,5,30,NA,13.4417957089901,29.5877368019667
2044-05-31 12:00:00,2044,5,31,NA,15.5344451242687,25.1149896530098
2044-06-01 12:00:00,2044,6,1,NA,16.1570298694778,28.3976452704262
2044-06-02 12:00:00,2044,6,2,NA,14.3998797667249,29.0797771214314
2044-06-03 12:00:00,2044,6,3,NA,18.1281817704279,25.1672592104892
2044-06-04 12:00:00,2044,6,4,NA,19.7272890273536,29.3011915009387
2044-06-05 12:00:00,2044,6,5,NA,19.0394498382159,30.503158515515
2044-06-06 12:00:00,2044,6,6,NA,20.014161934789,29.4592965970193
2044-06-07 12:00:00,2044,6,7,NA,19.7545701043917,26.2657762008117
2044-06-08 12:00:00,2044,6,8,NA,18.7639450334082,27.2997107051493
2044-06-09 12:00:00,2044,6,9,NA,18.509901956796,24.0284586512032
2044-06-10 12:00:00,2044,6,10,NA,17.7950176386961,28.6000126446291
2044-06-11 12:00:00,2044,6,11,NA,19.5884429688159,24.2799661948847
2044-06-12 12:00:00,2044,6,12,NA,21.7279654112991,27.536916666603
2044-06-13 12:00:00,2044,6,13,NA,21.8233223332646,29.9425914882893
2044-06-14 12:00:00,2044,6,14,NA,21.3755168633205,28.8388203156168
2044-06-15 12:00:00,2044,6,15,NA,23.1563991648187,27.1560557763614
2044-06-16 12:00:00,2044,6,16,NA,22.5881944315342,27.4116383869729
2044-06-17 12:00:00,2044,6,17,NA,20.019202508001,28.1839579613038
2044-06-18 12:00:00,2044,6,18,NA,19.5304038727991,23.4476219857099
2044-06-19 12:00:00,2044,6,19,NA,19.3954803888929,31.4647136783596
2044-06-20 12:00:00,2044,6,20,NA,21.120642382228,28.8836710749255
2044-06-21 12:00:00,2044,6,21,NA,20.5315694934717,32.554462516327
2044-06-22 12:00:00,2044,6,22,NA,21.060581949351,28.8997456407619
2044-06-23 12:00:00,2044,6,23,NA,20.2869389938163,29.3627853131185
2044-06-24 12:00:00,2044,6,24,NA,19.2296053783924,31.8898190439427
2044-06-25 12:00:00,2044,6,25,NA,21.764492755775,26.5152611433233
2044-06-26 12:00:00,2044,6,26,NA,20.1838365253863,28.8773247802556
2044-06-27 12:00:00,2044,6,27,NA,22.1963672506999,27.6346136399069
2044-06-28 12:00:00,2044,6,28,NA,18.4297488012166,30.1033030637471
2044-06-29 12:00:00,2044,6,29,NA,17.7382584361627,34.3235261733386
2044-06-30 12:00:00,2044,6,30,NA,19.7543687928329,30.7535850681588
2044-07-01 12:00:00,2044,7,1,NA,19.3169123443363,29.0862434750047
2044-07-02 12:00:00,2044,7,2,NA,19.5771883528136,29.1049151021841
2044-07-03 12:00:00,2044,7,3,NA,21.4531111390266,30.2254273802782
2044-07-04 12:00:00,2044,7,4,NA,18.5884633055555,25.4022714808048
2044-07-05 12:00:00,2044,7,5,NA,18.9707883282825,25.9883846074887
2044-07-06 12:00:00,2044,7,6,NA,19.6999021659832,29.6090118243
2044-07-07 12:00:00,2044,7,7,NA,20.0657914043229,33.8157529716026
2044-07-08 12:00:00,2044,7,8,NA,21.3689282907709,31.2740138776822
2044-07-09 12:00:00,2044,7,9,NA,21.9838087890498,30.2183690899059
2044-07-10 12:00:00,2044,7,10,NA,22.5996074812384,32.5223104142008
2044-07-11 12:00:00,2044,7,11,NA,23.5867529796854,32.6830075751015
2044-07-12 12:00:00,2044,7,12,NA,22.1900329750718,27.0376927700037
2044-07-13 12:00:00,2044,7,13,NA,20.7640552329547,27.6680281213127
2044-07-14 12:00:00,2044,7,14,NA,20.9231963397525,31.6175265520515
2044-07-15 12:00:00,2044,7,15,NA,23.4382930551238,30.3207397847625
2044-07-16 12:00:00,2044,7,16,NA,26.3374645056105,29.0855226699439
2044-07-17 12:00:00,2044,7,17,NA,26.1192557728614,30.998890544492
2044-07-18 12:00:00,2044,7,18,NA,24.7047830162731,28.307142290372
2044-07-19 12:00:00,2044,7,19,NA,22.9485465542436,25.9364549020862
2044-07-20 12:00:00,2044,7,20,NA,21.8488244613322,29.5030573645992
2044-07-21 12:00:00,2044,7,21,NA,22.6724150090266,34.2863834552834
2044-07-22 12:00:00,2044,7,22,NA,23.1403490073904,35.0214252281319
2044-07-23 12:00:00,2044,7,23,NA,22.3067528606764,28.2203199798232
2044-07-24 12:00:00,2044,7,24,NA,20.8866904057857,30.976354334752
2044-07-25 12:00:00,2044,7,25,NA,21.2555140852891,30.2761517659397
2044-07-26 12:00:00,2044,7,26,NA,21.5604782071652,29.7961336771335
2044-07-27 12:00:00,2044,7,27,NA,20.6945739943139,30.5385548366604
2044-07-28 12:00:00,2044,7,28,NA,21.769877376665,31.8037526003374
2044-07-29 12:00:00,2044,7,29,NA,22.3760626379091,33.257030327595
2044-07-30 12:00:00,2044,7,30,NA,22.8514612348466,34.4359698367381
2044-07-31 12:00:00,2044,7,31,NA,24.7748906753881,34.8645546043544
2044-08-01 12:00:00,2044,8,1,NA,25.0672016869708,34.6847468856769
2044-08-02 12:00:00,2044,8,2,NA,27.7350256250772,35.7322166631669
2044-08-03 12:00:00,2044,8,3,NA,26.2152287284994,36.8944252119272
2044-08-04 12:00:00,2044,8,4,NA,27.1977586052486,35.4662201671531
2044-08-05 12:00:00,2044,8,5,NA,27.6195547333044,36.2627840089488
2044-08-06 12:00:00,2044,8,6,NA,26.6674206868803,35.3106499625246
2044-08-07 12:00:00,2044,8,7,NA,23.3693720885364,32.7862074193247
2044-08-08 12:00:00,2044,8,8,NA,24.3602946111564,32.3676083079177
2044-08-09 12:00:00,2044,8,9,NA,24.6480988775467,33.3205286911026
2044-08-10 12:00:00,2044,8,10,NA,24.2144275030754,34.3094502514509
2044-08-11 12:00:00,2044,8,11,NA,24.7696533528567,28.5099819940266
2044-08-12 12:00:00,2044,8,12,NA,23.6127336136598,28.3196300182637
2044-08-13 12:00:00,2044,8,13,NA,24.0447248130306,32.6806648373621
2044-08-14 12:00:00,2044,8,14,NA,24.0629900847822,31.2893202281452
2044-08-15 12:00:00,2044,8,15,NA,22.8247151932587,31.0051176867799
2044-08-16 12:00:00,2044,8,16,NA,22.8639292831766,29.5834984657284
2044-08-17 12:00:00,2044,8,17,NA,25.0870527591196,33.7318301874742
2044-08-18 12:00:00,2044,8,18,NA,26.2377073426921,32.6005541677831
2044-08-19 12:00:00,2044,8,19,NA,25.2329728714657,34.5047855487941
2044-08-20 12:00:00,2044,8,20,NA,25.719319740403,34.41723550235
2044-08-21 12:00:00,2044,8,21,NA,24.9518420263775,33.286499235196
2044-08-22 12:00:00,2044,8,22,NA,25.2627912747904,33.0646788134895
2044-08-23 12:00:00,2044,8,23,NA,23.9779714106812,32.83776620369
2044-08-24 12:00:00,2044,8,24,NA,23.5318823933341,32.4022310284873
2044-08-25 12:00:00,2044,8,25,NA,24.6618378457055,32.93029940761
2044-08-26 12:00:00,2044,8,26,NA,25.5926450512379,31.9529191887804
2044-08-27 12:00:00,2044,8,27,NA,24.2624109032287,33.7248934939773
2044-08-28 12:00:00,2044,8,28,NA,25.3341826298385,32.7803334368425
2044-08-29 12:00:00,2044,8,29,NA,25.0515243563446,33.9397770224608
2044-08-30 12:00:00,2044,8,30,NA,24.4284593468463,33.2988079819996
2044-08-31 12:00:00,2044,8,31,NA,25.9960777636468,30.3241995334908
2044-09-01 12:00:00,2044,9,1,NA,24.5184879572052,29.0050361929105
2044-09-02 12:00:00,2044,9,2,NA,23.7402807894569,29.5094051369433
2044-09-03 12:00:00,2044,9,3,NA,21.7095997505461,31.2943423861135
2044-09-04 12:00:00,2044,9,4,NA,19.0218342012628,29.5756787137927
2044-09-05 12:00:00,2044,9,5,NA,19.355728143845,31.8605166691951
2044-09-06 12:00:00,2044,9,6,NA,18.9403292742346,29.5231103172488
2044-09-07 12:00:00,2044,9,7,NA,18.3348715093943,27.9127423339428
2044-09-08 12:00:00,2044,9,8,NA,19.4446345487933,28.2047352717724
2044-09-09 12:00:00,2044,9,9,NA,18.3195230337242,28.3922585667258
2044-09-10 12:00:00,2044,9,10,NA,19.4043960339196,25.1654561872301
2044-09-11 12:00:00,2044,9,11,NA,16.3919826872093,26.3099768508402
2044-09-12 12:00:00,2044,9,12,NA,17.3812400221208,27.0061622871808
2044-09-13 12:00:00,2044,9,13,NA,13.8335858138417,30.1631956426754
2044-09-14 12:00:00,2044,9,14,NA,17.2348105151521,30.2050057165679
2044-09-15 12:00:00,2044,9,15,NA,18.9344408518599,30.74171137554
2044-09-16 12:00:00,2044,9,16,NA,16.9055332892626,28.4667641418183
2044-09-17 12:00:00,2044,9,17,NA,16.7951231146272,29.2653855423029
2044-09-18 12:00:00,2044,9,18,NA,16.7788124885625,27.4452808719987
2044-09-19 12:00:00,2044,9,19,NA,17.8464079017914,29.4663856575799
2044-09-20 12:00:00,2044,9,20,NA,18.9107853891321,27.0853087506293
2044-09-21 12:00:00,2044,9,21,NA,17.1531262841061,24.266025163913
2044-09-22 12:00:00,2044,9,22,NA,18.2872205680209,25.0208815853847
2044-09-23 12:00:00,2044,9,23,NA,15.473459871329,26.0525498413792
2044-09-24 12:00:00,2044,9,24,NA,16.3343294316052,24.7585802107188
2044-09-25 12:00:00,2044,9,25,NA,14.6053615921631,27.4021380409351
2044-09-26 12:00:00,2044,9,26,NA,13.7259671678367,22.6957443909218
2044-09-27 12:00:00,2044,9,27,NA,13.7145260289391,25.223426998
2044-09-28 12:00:00,2044,9,28,NA,8.25141140860162,23.5107849751433
2044-09-29 12:00:00,2044,9,29,NA,9.66583151145587,25.0216050194123
2044-09-30 12:00:00,2044,9,30,NA,11.000139122516,22.3243607083788
2044-10-01 12:00:00,2044,10,1,NA,13.6182924467392,19.747096191231
2044-10-02 12:00:00,2044,10,2,NA,12.6216989756178,23.2392073574668
2044-10-03 12:00:00,2044,10,3,NA,9.15440248033278,22.5785795728679
2044-10-04 12:00:00,2044,10,4,NA,11.6739630122185,25.3611070830654
2044-10-05 12:00:00,2044,10,5,NA,15.9897589588681,24.8932368237068
2044-10-06 12:00:00,2044,10,6,NA,12.0259333296334,24.9606603597466
2044-10-07 12:00:00,2044,10,7,NA,12.3675080273928,26.7785931135139
2044-10-08 12:00:00,2044,10,8,NA,12.6479333727085,26.3021772200489
2044-10-09 12:00:00,2044,10,9,NA,11.7754833783249,26.3601073735235
2044-10-10 12:00:00,2044,10,10,NA,11.407094978391,27.134071052093
2044-10-11 12:00:00,2044,10,11,NA,15.738561482622,23.2914800189784
2044-10-12 12:00:00,2044,10,12,NA,13.5825046064412,24.3937475018936
2044-10-13 12:00:00,2044,10,13,NA,13.2810140347621,25.1723017302652
2044-10-14 12:00:00,2044,10,14,NA,10.2937199645549,22.0951731365556
2044-10-15 12:00:00,2044,10,15,NA,8.46381438707095,21.9886072934058
2044-10-16 12:00:00,2044,10,16,NA,12.4756232432476,24.0326097296554
2044-10-17 12:00:00,2044,10,17,NA,10.467615020254,20.2825212127585
2044-10-18 12:00:00,2044,10,18,NA,10.559538593892,22.8837036507494
2044-10-19 12:00:00,2044,10,19,NA,14.2017970581095,20.8936415389241
2044-10-20 12:00:00,2044,10,20,NA,12.1400923992285,18.8224642600544
2044-10-21 12:00:00,2044,10,21,NA,12.8846308111924,17.1450607418814
2044-10-22 12:00:00,2044,10,22,NA,6.1070042401701,17.9539611697687
2044-10-23 12:00:00,2044,10,23,NA,5.42551596031474,21.2524220110554
2044-10-24 12:00:00,2044,10,24,NA,3.72269906342756,16.1940446162228
2044-10-25 12:00:00,2044,10,25,NA,7.6634863279917,12.8405288028768
2044-10-26 12:00:00,2044,10,26,NA,7.01904456237557,19.2561354996056
2044-10-27 12:00:00,2044,10,27,NA,7.25270680195667,19.9474693768218
2044-10-28 12:00:00,2044,10,28,NA,8.83797515069809,22.3375096790394
2044-10-29 12:00:00,2044,10,29,NA,9.66248038923464,19.644078891795
2044-10-30 12:00:00,2044,10,30,NA,10.4750158485732,20.7636179842352
2044-10-31 12:00:00,2044,10,31,NA,8.28510238004059,18.1688922772186
2044-11-01 12:00:00,2044,11,1,NA,8.6044852214371,14.5337370294517
2044-11-02 12:00:00,2044,11,2,NA,7.71520414006852,17.6594778783573
2044-11-03 12:00:00,2044,11,3,NA,2.796373087862,14.0614060918946
2044-11-04 12:00:00,2044,11,4,NA,6.59282787808741,17.7691817741844
2044-11-05 12:00:00,2044,11,5,NA,7.47089647108494,18.3954195953555
2044-11-06 12:00:00,2044,11,6,NA,8.7247661642104,17.504491193939
2044-11-07 12:00:00,2044,11,7,NA,5.94695794930713,14.5108929163355
2044-11-08 12:00:00,2044,11,8,NA,0.433799046855726,11.9219588441051
2044-11-09 12:00:00,2044,11,9,NA,0.188734114005069,12.8790525001407
2044-11-10 12:00:00,2044,11,10,NA,0.549444682762165,13.2672640864876
2044-11-11 12:00:00,2044,11,11,NA,-0.876902377269706,13.6364607575357
2044-11-12 12:00:00,2044,11,12,NA,0.0690435229491211,16.6256315451717
2044-11-13 12:00:00,2044,11,13,NA,2.69105749416088,15.9468705495951
2044-11-14 12:00:00,2044,11,14,NA,2.78895997604473,17.1755302027857
2044-11-15 12:00:00,2044,11,15,NA,6.64601794949924,17.0780879754912
2044-11-16 12:00:00,2044,11,16,NA,7.73390532118225,17.9051356529271
2044-11-17 12:00:00,2044,11,17,NA,2.70509121841128,16.0238283940112
2044-11-18 12:00:00,2044,11,18,NA,4.22320307746444,17.6895882247127
2044-11-19 12:00:00,2044,11,19,NA,4.44230004134194,15.4286464963149
2044-11-20 12:00:00,2044,11,20,NA,1.59712327590073,8.85513825306955
2044-11-21 12:00:00,2044,11,21,NA,0.86870191722131,13.127694321352
2044-11-22 12:00:00,2044,11,22,NA,1.58340733345547,15.0497924807037
2044-11-23 12:00:00,2044,11,23,NA,2.86659109040229,15.2115521118467
2044-11-24 12:00:00,2044,11,24,NA,3.75845176349632,15.3738911123764
2044-11-25 12:00:00,2044,11,25,NA,-0.607012654272836,13.1837031914755
2044-11-26 12:00:00,2044,11,26,NA,1.81492122215168,13.2073405702612
2044-11-27 12:00:00,2044,11,27,NA,0.0520403210083176,13.4963097261921
2044-11-28 12:00:00,2044,11,28,NA,1.9307735348853,13.943623044958
2044-11-29 12:00:00,2044,11,29,NA,5.17734585366589,14.6993912190464
2044-11-30 12:00:00,2044,11,30,NA,0.402637798009476,6.59280384228994
2044-12-01 12:00:00,2044,12,1,NA,-0.331542591297515,10.9486844218916
2044-12-02 12:00:00,2044,12,2,NA,2.34209755224824,12.5133278839931
2044-12-03 12:00:00,2044,12,3,NA,1.07465624131613,13.9309570379574
2044-12-04 12:00:00,2044,12,4,NA,2.07050413650374,15.2565271873378
2044-12-05 12:00:00,2044,12,5,NA,0.0438491628434878,13.7406500473693
2044-12-06 12:00:00,2044,12,6,NA,0.196798610655518,13.994667992619
2044-12-07 12:00:00,2044,12,7,NA,4.71210387048284,14.5660289297983
2044-12-08 12:00:00,2044,12,8,NA,9.65255207826657,15.7145057010568
2044-12-09 12:00:00,2044,12,9,NA,6.82782798981176,15.2951357113073
2044-12-10 12:00:00,2044,12,10,NA,2.34637900394437,15.516755669349
2044-12-11 12:00:00,2044,12,11,NA,2.97989661712484,12.6251758957508
2044-12-12 12:00:00,2044,12,12,NA,2.67814478148481,14.5951495966351
2044-12-13 12:00:00,2044,12,13,NA,1.76217395579647,17.0654570244468
2044-12-14 12:00:00,2044,12,14,NA,1.43370440564754,15.5850668367647
2044-12-15 12:00:00,2044,12,15,NA,-1.29602806730392,7.79206309292731
2044-12-16 12:00:00,2044,12,16,NA,-1.25266027250913,6.99422501548118
2044-12-17 12:00:00,2044,12,17,NA,-5.09647876709628,2.69950701967858
2044-12-18 12:00:00,2044,12,18,NA,-3.2652061053909,3.93064362794555
2044-12-19 12:00:00,2044,12,19,NA,-3.3206582333539,5.88591333358297
2044-12-20 12:00:00,2044,12,20,NA,-3.88547188452453,8.60704159534771
2044-12-21 12:00:00,2044,12,21,NA,-1.86630042985023,4.11906031573764
2044-12-22 12:00:00,2044,12,22,NA,-0.0700385611639938,10.0339258075286
2044-12-23 12:00:00,2044,12,23,NA,-5.53031624196998,7.33215349482944
2044-12-24 12:00:00,2044,12,24,NA,-2.25530328235162,7.19119389275654
2044-12-25 12:00:00,2044,12,25,NA,-2.09947064914528,4.24614148255723
2044-12-26 12:00:00,2044,12,26,NA,-2.03715723287198,10.0921669769522
2044-12-27 12:00:00,2044,12,27,NA,-2.05420984639268,10.2202548922145
2044-12-28 12:00:00,2044,12,28,NA,-0.627576700914323,9.10405417560069
2044-12-29 12:00:00,2044,12,29,NA,-1.89162707417288,7.1780373078891
2044-12-30 12:00:00,2044,12,30,NA,2.15351089766323,11.3361860195509
2044-12-31 12:00:00,2044,12,31,NA,0.41041580652074,11.6428678583065
2045-01-01 12:00:00,2045,1,1,NA,0.310478113217182,8.68704720353335
2045-01-02 12:00:00,2045,1,2,NA,1.3161770956139,9.11216288238876
2045-01-03 12:00:00,2045,1,3,NA,-2.34390667279107,11.2130904230452
2045-01-04 12:00:00,2045,1,4,NA,-2.97934669328567,8.12021699429382
2045-01-05 12:00:00,2045,1,5,NA,-3.62681271726702,3.55160166346505
2045-01-06 12:00:00,2045,1,6,NA,-3.40456557523582,4.03496194821598
2045-01-07 12:00:00,2045,1,7,NA,-4.61298653389709,4.47511821433132
2045-01-08 12:00:00,2045,1,8,NA,-4.04773786557384,3.38932712652175
2045-01-09 12:00:00,2045,1,9,NA,0.300133714985237,9.36882183779511
2045-01-10 12:00:00,2045,1,10,NA,-2.3676846239403,4.97729618087111
2045-01-11 12:00:00,2045,1,11,NA,-4.55741367591823,0.604560261042284
2045-01-12 12:00:00,2045,1,12,NA,-5.63580631129617,-0.766078625673183
2045-01-13 12:00:00,2045,1,13,NA,-6.7288660217411,4.83479887239042
2045-01-14 12:00:00,2045,1,14,NA,-5.02055749753963,9.2399432298076
2045-01-15 12:00:00,2045,1,15,NA,-2.16951804203352,9.59591135907654
2045-01-16 12:00:00,2045,1,16,NA,-2.671295673801,8.4326275170979
2045-01-17 12:00:00,2045,1,17,NA,-2.20864373176461,10.8779207431702
2045-01-18 12:00:00,2045,1,18,NA,0.263593132095155,11.0454798630442
2045-01-19 12:00:00,2045,1,19,NA,-2.55336051860699,9.96709185199163
2045-01-20 12:00:00,2045,1,20,NA,-2.01996939129159,6.04097391355813
2045-01-21 12:00:00,2045,1,21,NA,-2.74381463870302,6.48515414181569
2045-01-22 12:00:00,2045,1,22,NA,-3.1769891524914,4.27974155620819
2045-01-23 12:00:00,2045,1,23,NA,-2.57867354113093,8.3376983901883
2045-01-24 12:00:00,2045,1,24,NA,-0.66994350180989,10.4248059794837
2045-01-25 12:00:00,2045,1,25,NA,-3.24240044026152,5.73552274912072
2045-01-26 12:00:00,2045,1,26,NA,-1.30217187070345,6.62785946305364
2045-01-27 12:00:00,2045,1,27,NA,-2.96035112799127,5.68568427271567
2045-01-28 12:00:00,2045,1,28,NA,-2.24713362877468,5.67417741044836
2045-01-29 12:00:00,2045,1,29,NA,-0.816276380487047,4.27286777679694
2045-01-30 12:00:00,2045,1,30,NA,-1.01868416290735,4.65466276116047
2045-01-31 12:00:00,2045,1,31,NA,0.814464784479385,7.92564725368687
2045-02-01 12:00:00,2045,2,1,NA,-1.67166738598417,5.3906971598018
2045-02-02 12:00:00,2045,2,2,NA,-1.93903316189473,6.39870474699474
2045-02-03 12:00:00,2045,2,3,NA,-0.831727356329277,8.24073724770487
2045-02-04 12:00:00,2045,2,4,NA,-1.76756912722836,6.60584667104292
2045-02-05 12:00:00,2045,2,5,NA,-0.526183937004485,9.52749846381637
2045-02-06 12:00:00,2045,2,6,NA,-2.01484832864777,11.4759648746875
2045-02-07 12:00:00,2045,2,7,NA,-1.18189458518116,11.6912354235865
2045-02-08 12:00:00,2045,2,8,NA,1.18458892353464,11.5703070865358
2045-02-09 12:00:00,2045,2,9,NA,-0.109973153323929,12.4936090790251
2045-02-10 12:00:00,2045,2,10,NA,5.23971676633291,17.0420710257378
2045-02-11 12:00:00,2045,2,11,NA,3.57197704880764,17.0627902521429
2045-02-12 12:00:00,2045,2,12,NA,4.25369709720983,13.5856586925929
2045-02-13 12:00:00,2045,2,13,NA,1.96459570107698,15.2511316697529
2045-02-14 12:00:00,2045,2,14,NA,9.02018622504854,14.5433952534798
2045-02-15 12:00:00,2045,2,15,NA,2.89573852230161,7.05448540946551
2045-02-16 12:00:00,2045,2,16,NA,1.81451224411326,8.05553609828092
2045-02-17 12:00:00,2045,2,17,NA,-0.21725604081188,10.7956205658615
2045-02-18 12:00:00,2045,2,18,NA,-1.18603404934845,12.0732062705121
2045-02-19 12:00:00,2045,2,19,NA,-2.05870985460872,12.4230635936186
2045-02-20 12:00:00,2045,2,20,NA,-2.30571548647213,9.17722339950864
2045-02-21 12:00:00,2045,2,21,NA,2.10477674683018,9.60293789781531
2045-02-22 12:00:00,2045,2,22,NA,2.82836558898221,15.4636283739966
2045-02-23 12:00:00,2045,2,23,NA,0.23137200367213,16.6407427275459
2045-02-24 12:00:00,2045,2,24,NA,4.58486198185657,14.5326207346914
2045-02-25 12:00:00,2045,2,25,NA,-0.671596583588804,13.5782533068573
2045-02-26 12:00:00,2045,2,26,NA,6.76530805827753,16.706618822478
2045-02-27 12:00:00,2045,2,27,NA,2.95717111916067,12.3497656619887
2045-02-28 12:00:00,2045,2,28,NA,3.78545646523078,12.9118535210322
2045-03-01 12:00:00,2045,3,1,NA,4.66812289647011,8.62829240547635
2045-03-02 12:00:00,2045,3,2,NA,2.69903188949797,8.69796521889076
2045-03-03 12:00:00,2045,3,3,NA,-2.33070952209485,3.80892158596655
2045-03-04 12:00:00,2045,3,4,NA,-1.26796631693333,6.63427166350626
2045-03-05 12:00:00,2045,3,5,NA,-2.7802507517645,11.2745071065096
2045-03-06 12:00:00,2045,3,6,NA,0.936882139279768,15.9548253981611
2045-03-07 12:00:00,2045,3,7,NA,0.390171366806411,13.3172501472902
2045-03-08 12:00:00,2045,3,8,NA,-0.96446464371455,9.29859314872914
2045-03-09 12:00:00,2045,3,9,NA,-3.4883836168706,6.30272398976836
2045-03-10 12:00:00,2045,3,10,NA,-3.80953203962227,9.73880608037056
2045-03-11 12:00:00,2045,3,11,NA,-4.2058625782469,7.38801379436456
2045-03-12 12:00:00,2045,3,12,NA,-6.975568743078,5.02745676959996
2045-03-13 12:00:00,2045,3,13,NA,-2.0952178846321,6.65382470042906
2045-03-14 12:00:00,2045,3,14,NA,-0.461196499374959,9.89919009657226
2045-03-15 12:00:00,2045,3,15,NA,3.99066599737569,10.3767010572067
2045-03-16 12:00:00,2045,3,16,NA,-0.475142227340886,10.5929020228521
2045-03-17 12:00:00,2045,3,17,NA,-1.74872345089172,12.6294221114485
2045-03-18 12:00:00,2045,3,18,NA,0.328324326675602,11.4045612468498
2045-03-19 12:00:00,2045,3,19,NA,0.334276746032293,7.47690566353277
2045-03-20 12:00:00,2045,3,20,NA,1.17567358988719,13.1730953300404
2045-03-21 12:00:00,2045,3,21,NA,0.358282895365059,11.8086747293935
2045-03-22 12:00:00,2045,3,22,NA,4.09159850158221,13.5903881313968
2045-03-23 12:00:00,2045,3,23,NA,5.6878264758437,15.4005606439337
2045-03-24 12:00:00,2045,3,24,NA,4.1995270360258,14.4862453580706
2045-03-25 12:00:00,2045,3,25,NA,4.12437188600627,12.3705125773823
2045-03-26 12:00:00,2045,3,26,NA,4.67306470943169,16.60615051535
2045-03-27 12:00:00,2045,3,27,NA,6.91713689229295,20.9816701525448
2045-03-28 12:00:00,2045,3,28,NA,4.78024775895444,15.9567260211251
2045-03-29 12:00:00,2045,3,29,NA,4.19783593793165,14.9318119786717
2045-03-30 12:00:00,2045,3,30,NA,4.17637800838802,18.2409112686399
2045-03-31 12:00:00,2045,3,31,NA,5.70800532810997,19.9116429882638
2045-04-01 12:00:00,2045,4,1,NA,7.59418361916177,23.004492002716
2045-04-02 12:00:00,2045,4,2,NA,10.1287899796267,20.8490172476607
2045-04-03 12:00:00,2045,4,3,NA,10.5035064520434,20.5026555848111
2045-04-04 12:00:00,2045,4,4,NA,5.77267071420233,13.6756061186274
2045-04-05 12:00:00,2045,4,5,NA,7.51700667388563,19.6487188149879
2045-04-06 12:00:00,2045,4,6,NA,5.11345588567417,21.0210350849028
2045-04-07 12:00:00,2045,4,7,NA,5.04472155323927,21.881688315965
2045-04-08 12:00:00,2045,4,8,NA,7.26418548756262,25.1133752475871
2045-04-09 12:00:00,2045,4,9,NA,10.6803780751385,26.3265478862674
2045-04-10 12:00:00,2045,4,10,NA,11.6249657095954,20.5661613783763
2045-04-11 12:00:00,2045,4,11,NA,8.5619636818679,21.8260887274285
2045-04-12 12:00:00,2045,4,12,NA,6.90702592362186,23.680282732666
2045-04-13 12:00:00,2045,4,13,NA,11.4184462868132,22.5343759075224
2045-04-14 12:00:00,2045,4,14,NA,1.62102195208389,17.3431578615354
2045-04-15 12:00:00,2045,4,15,NA,2.96972670924096,20.9691370791969
2045-04-16 12:00:00,2045,4,16,NA,9.08978242366731,16.0452608534943
2045-04-17 12:00:00,2045,4,17,NA,9.97522965599212,14.124966274888
2045-04-18 12:00:00,2045,4,18,NA,9.23605365811502,16.116436309095
2045-04-19 12:00:00,2045,4,19,NA,5.00763604159039,19.6015578071487
2045-04-20 12:00:00,2045,4,20,NA,7.51306618862946,25.716635176946
2045-04-21 12:00:00,2045,4,21,NA,10.1813993362,29.8441064258728
2045-04-22 12:00:00,2045,4,22,NA,12.8002180602408,27.3941398257991
2045-04-23 12:00:00,2045,4,23,NA,11.174180936478,21.7893056100659
2045-04-24 12:00:00,2045,4,24,NA,10.0381778880226,15.8848934481411
2045-04-25 12:00:00,2045,4,25,NA,11.1306119931815,14.5029210316633
2045-04-26 12:00:00,2045,4,26,NA,9.76862664181756,18.2382172995544
2045-04-27 12:00:00,2045,4,27,NA,7.54241713070831,18.8303637107397
2045-04-28 12:00:00,2045,4,28,NA,9.7706167080327,18.9551184310586
2045-04-29 12:00:00,2045,4,29,NA,8.78920116735361,21.4169104459515
2045-04-30 12:00:00,2045,4,30,NA,9.09348852405117,23.6620147992452
2045-05-01 12:00:00,2045,5,1,NA,8.30791186153124,21.4490073151552
2045-05-02 12:00:00,2045,5,2,NA,10.8510691055183,23.7429459105106
2045-05-03 12:00:00,2045,5,3,NA,11.2014556528023,23.6746215225018
2045-05-04 12:00:00,2045,5,4,NA,9.56624051843195,23.0266065812754
2045-05-05 12:00:00,2045,5,5,NA,12.9560712148016,26.0612956772579
2045-05-06 12:00:00,2045,5,6,NA,13.9376260388218,24.1100427696004
2045-05-07 12:00:00,2045,5,7,NA,15.7086039828746,24.5040048955183
2045-05-08 12:00:00,2045,5,8,NA,11.6552332016752,22.5379226772908
2045-05-09 12:00:00,2045,5,9,NA,7.62825325260745,20.834798208662
2045-05-10 12:00:00,2045,5,10,NA,9.78566083370963,24.7981640076855
2045-05-11 12:00:00,2045,5,11,NA,10.1327160237955,25.2126757885934
2045-05-12 12:00:00,2045,5,12,NA,9.49250878183453,24.1787964299104
2045-05-13 12:00:00,2045,5,13,NA,12.8413580586576,23.8709694617209
2045-05-14 12:00:00,2045,5,14,NA,11.2564238009948,25.3028313397806
2045-05-15 12:00:00,2045,5,15,NA,10.9954821331844,25.7105686992913
2045-05-16 12:00:00,2045,5,16,NA,13.6025378446824,30.9290411240322
2045-05-17 12:00:00,2045,5,17,NA,12.9477986588271,30.6137287841199
2045-05-18 12:00:00,2045,5,18,NA,16.7625820332463,28.2671145662891
2045-05-19 12:00:00,2045,5,19,NA,18.4694981570327,30.2395179115744
2045-05-20 12:00:00,2045,5,20,NA,15.9495519990184,24.488299015934
2045-05-21 12:00:00,2045,5,21,NA,15.4398251884402,29.6029946101295
2045-05-22 12:00:00,2045,5,22,NA,15.7611712774359,30.5565383101816
2045-05-23 12:00:00,2045,5,23,NA,13.7762895613187,29.6948436913822
2045-05-24 12:00:00,2045,5,24,NA,16.9322062080677,33.1831741085238
2045-05-25 12:00:00,2045,5,25,NA,18.5915153365431,33.6256646022374
2045-05-26 12:00:00,2045,5,26,NA,20.850740140446,31.6950531282707
2045-05-27 12:00:00,2045,5,27,NA,22.0823816910349,25.9927964603683
2045-05-28 12:00:00,2045,5,28,NA,17.2893689554801,22.9961630066596
2045-05-29 12:00:00,2045,5,29,NA,14.3481662513255,27.9864325496662
2045-05-30 12:00:00,2045,5,30,NA,14.0605125691933,29.083959324657
2045-05-31 12:00:00,2045,5,31,NA,14.0573564559767,30.8923008180745
2045-06-01 12:00:00,2045,6,1,NA,14.6534557201434,28.9470013817686
2045-06-02 12:00:00,2045,6,2,NA,14.6882691486903,31.1111678733891
2045-06-03 12:00:00,2045,6,3,NA,17.8350156044072,27.4943825538908
2045-06-04 12:00:00,2045,6,4,NA,17.5392114216661,29.5216650819418
2045-06-05 12:00:00,2045,6,5,NA,19.0678331090993,30.6346712117499
2045-06-06 12:00:00,2045,6,6,NA,19.7325180059584,33.8507620294211
2045-06-07 12:00:00,2045,6,7,NA,20.7680614638935,33.7041585400012
2045-06-08 12:00:00,2045,6,8,NA,20.1359369996699,34.2601155800524
2045-06-09 12:00:00,2045,6,9,NA,19.8184326368769,34.9100220652258
2045-06-10 12:00:00,2045,6,10,NA,24.5023509755398,31.2521573901852
2045-06-11 12:00:00,2045,6,11,NA,23.434762325993,27.7906626710115
2045-06-12 12:00:00,2045,6,12,NA,21.7074250203734,30.8063684110813
2045-06-13 12:00:00,2045,6,13,NA,22.714702377316,30.3924770785665
2045-06-14 12:00:00,2045,6,14,NA,19.4982631836407,32.8435845166174
2045-06-15 12:00:00,2045,6,15,NA,19.9577058241958,31.6230447970403
2045-06-16 12:00:00,2045,6,16,NA,22.9630074027439,29.6737684879151
2045-06-17 12:00:00,2045,6,17,NA,20.7825614493452,30.6303823176493
2045-06-18 12:00:00,2045,6,18,NA,19.6973294710282,29.8460596423715
2045-06-19 12:00:00,2045,6,19,NA,21.5935259329866,32.170251804814
2045-06-20 12:00:00,2045,6,20,NA,20.1479650827681,28.3980482278305
2045-06-21 12:00:00,2045,6,21,NA,21.282673214411,28.5356926078595
2045-06-22 12:00:00,2045,6,22,NA,20.8406376358152,29.6269269335729
2045-06-23 12:00:00,2045,6,23,NA,19.3943215047726,31.8943788799268
2045-06-24 12:00:00,2045,6,24,NA,25.7320017320014,32.7740058190615
2045-06-25 12:00:00,2045,6,25,NA,26.4118354582167,28.3075422437144
2045-06-26 12:00:00,2045,6,26,NA,19.0144121961745,27.0920611085309
2045-06-27 12:00:00,2045,6,27,NA,17.12847662157,23.4384731613652
2045-06-28 12:00:00,2045,6,28,NA,19.4247766403196,26.1995778343647
2045-06-29 12:00:00,2045,6,29,NA,21.0881184557469,26.6182950874131
2045-06-30 12:00:00,2045,6,30,NA,21.5420427055648,26.6217912933205
2045-07-01 12:00:00,2045,7,1,NA,19.2092622412609,32.0211808109621
2045-07-02 12:00:00,2045,7,2,NA,21.356716387923,32.0638784021575
2045-07-03 12:00:00,2045,7,3,NA,20.8874880368177,26.2815849973687
2045-07-04 12:00:00,2045,7,4,NA,20.2631937146895,28.8710299203563
2045-07-05 12:00:00,2045,7,5,NA,21.7298060351382,26.5603263601245
2045-07-06 12:00:00,2045,7,6,NA,20.7556211838168,27.5719603233828
2045-07-07 12:00:00,2045,7,7,NA,22.5766282420054,32.8249702376308
2045-07-08 12:00:00,2045,7,8,NA,27.2757246552652,31.4241520890029
2045-07-09 12:00:00,2045,7,9,NA,24.9511732041225,32.7639827216486
2045-07-10 12:00:00,2045,7,10,NA,21.0813412305072,27.9929912848328
2045-07-11 12:00:00,2045,7,11,NA,21.8313270796372,30.4040678797651
2045-07-12 12:00:00,2045,7,12,NA,23.0083909330022,33.3529309314114
2045-07-13 12:00:00,2045,7,13,NA,23.3632552482191,34.0598482273147
2045-07-14 12:00:00,2045,7,14,NA,22.0550282369386,30.2906837069068
2045-07-15 12:00:00,2045,7,15,NA,23.8297651988853,28.5718966900368
2045-07-16 12:00:00,2045,7,16,NA,22.9447011857747,31.3349178175656
2045-07-17 12:00:00,2045,7,17,NA,24.8504653169753,33.2381924579127
2045-07-18 12:00:00,2045,7,18,NA,25.6576597882714,31.3641594323002
2045-07-19 12:00:00,2045,7,19,NA,25.6533166488381,34.0651901569087
2045-07-20 12:00:00,2045,7,20,NA,26.3982257437026,32.9213016741197
2045-07-21 12:00:00,2045,7,21,NA,22.3999814443303,30.5707825752916
2045-07-22 12:00:00,2045,7,22,NA,23.3189997826765,32.9974837031436
2045-07-23 12:00:00,2045,7,23,NA,26.3840666283123,31.6060774280459
2045-07-24 12:00:00,2045,7,24,NA,25.357353109728,33.1706742288089
2045-07-25 12:00:00,2045,7,25,NA,24.9894820946846,35.7265512099467
2045-07-26 12:00:00,2045,7,26,NA,27.4939201901929,34.0215261069723
2045-07-27 12:00:00,2045,7,27,NA,26.5000944648603,34.2699365264793
2045-07-28 12:00:00,2045,7,28,NA,24.5422706147447,30.4891773217034
2045-07-29 12:00:00,2045,7,29,NA,24.3240698861289,31.659036477852
2045-07-30 12:00:00,2045,7,30,NA,24.5155860783161,28.4676819897423
2045-07-31 12:00:00,2045,7,31,NA,22.0745514101489,24.3909867944177
2045-08-01 12:00:00,2045,8,1,NA,21.1152891471681,27.7416761046525
2045-08-02 12:00:00,2045,8,2,NA,24.3809481571199,34.0468577724063
2045-08-03 12:00:00,2045,8,3,NA,25.2449240355603,34.2241794895825
2045-08-04 12:00:00,2045,8,4,NA,27.77296444723,31.0344416411509
2045-08-05 12:00:00,2045,8,5,NA,25.2197520307646,32.9011686124463
2045-08-06 12:00:00,2045,8,6,NA,23.4981018391378,32.2484748285812
2045-08-07 12:00:00,2045,8,7,NA,24.8303485958186,31.9478746706355
2045-08-08 12:00:00,2045,8,8,NA,24.1015835068461,34.6583573470638
2045-08-09 12:00:00,2045,8,9,NA,23.761300944849,26.4343838237525
2045-08-10 12:00:00,2045,8,10,NA,24.8161208494427,33.0032089390074
2045-08-11 12:00:00,2045,8,11,NA,23.9504878979536,34.5192237580031
2045-08-12 12:00:00,2045,8,12,NA,22.228124773479,32.4249659797745
2045-08-13 12:00:00,2045,8,13,NA,23.3738908116653,29.8306833870134
2045-08-14 12:00:00,2045,8,14,NA,25.0995067781181,32.1131388826041
2045-08-15 12:00:00,2045,8,15,NA,24.5025700815797,33.1379384608803
2045-08-16 12:00:00,2045,8,16,NA,23.304283555199,32.385620585201
2045-08-17 12:00:00,2045,8,17,NA,23.9077631250131,30.9213952294992
2045-08-18 12:00:00,2045,8,18,NA,24.0599776778434,32.2292603162936
2045-08-19 12:00:00,2045,8,19,NA,26.1846146468815,30.7775917202236
2045-08-20 12:00:00,2045,8,20,NA,26.3933740171176,28.3132093831509
2045-08-21 12:00:00,2045,8,21,NA,23.0943624127233,30.3609878721637
2045-08-22 12:00:00,2045,8,22,NA,23.1313488837323,30.8340016641928
2045-08-23 12:00:00,2045,8,23,NA,24.2616855216904,31.939234657346
2045-08-24 12:00:00,2045,8,24,NA,23.7489654423803,30.7931332114648
2045-08-25 12:00:00,2045,8,25,NA,24.1047205786375,33.6997885292571
2045-08-26 12:00:00,2045,8,26,NA,24.0320711150473,33.6665347184216
2045-08-27 12:00:00,2045,8,27,NA,24.6544444573387,30.1506405151605
2045-08-28 12:00:00,2045,8,28,NA,23.997725594412,32.6463520211808
2045-08-29 12:00:00,2045,8,29,NA,23.4993229604828,32.1377052058489
2045-08-30 12:00:00,2045,8,30,NA,21.4000765024428,31.9580467050821
2045-08-31 12:00:00,2045,8,31,NA,23.0732989085784,32.0882993795896
2045-09-01 12:00:00,2045,9,1,NA,22.1245836111389,33.1506204368238
2045-09-02 12:00:00,2045,9,2,NA,24.4125608161164,29.0216242406885
2045-09-03 12:00:00,2045,9,3,NA,23.1496251834734,29.3965912784421
2045-09-04 12:00:00,2045,9,4,NA,22.2192884100031,32.7690767708062
2045-09-05 12:00:00,2045,9,5,NA,20.7927247915999,30.9810399389743
2045-09-06 12:00:00,2045,9,6,NA,20.4594502211277,31.6344005740353
2045-09-07 12:00:00,2045,9,7,NA,21.5402420652223,32.9556632162201
2045-09-08 12:00:00,2045,9,8,NA,21.2086084472341,31.5553524113487
2045-09-09 12:00:00,2045,9,9,NA,20.8209720049881,28.4876712976439
2045-09-10 12:00:00,2045,9,10,NA,21.2259292487182,26.0198651237218
2045-09-11 12:00:00,2045,9,11,NA,20.2646375385991,30.6362763886678
2045-09-12 12:00:00,2045,9,12,NA,17.9009732736685,30.1056822778116
2045-09-13 12:00:00,2045,9,13,NA,17.0246165776495,26.7352443054255
2045-09-14 12:00:00,2045,9,14,NA,17.6373243763099,26.397425099289
2045-09-15 12:00:00,2045,9,15,NA,18.7073590641607,27.5688285289011
2045-09-16 12:00:00,2045,9,16,NA,18.0291732780159,28.5904412678197
2045-09-17 12:00:00,2045,9,17,NA,16.6419067892671,30.0541054933008
2045-09-18 12:00:00,2045,9,18,NA,18.4440114815559,29.9460769246009
2045-09-19 12:00:00,2045,9,19,NA,19.3152114021863,29.2402667081973
2045-09-20 12:00:00,2045,9,20,NA,18.385774642769,26.6563305311337
2045-09-21 12:00:00,2045,9,21,NA,14.687860104453,27.1346383797355
2045-09-22 12:00:00,2045,9,22,NA,18.4578986837445,24.2070799445673
2045-09-23 12:00:00,2045,9,23,NA,17.7455015285997,25.6896821602468
2045-09-24 12:00:00,2045,9,24,NA,18.7385012583785,28.6553611274362
2045-09-25 12:00:00,2045,9,25,NA,18.2697546452954,22.5961829744974
2045-09-26 12:00:00,2045,9,26,NA,15.7410206223556,24.5593407562991
2045-09-27 12:00:00,2045,9,27,NA,15.3924449360044,21.8075882221739
2045-09-28 12:00:00,2045,9,28,NA,12.1231112811287,19.7936906758002
2045-09-29 12:00:00,2045,9,29,NA,16.8119925078863,33.2927501783149
2045-09-30 12:00:00,2045,9,30,NA,18.3558034176229,24.6138971408466
2045-10-01 12:00:00,2045,10,1,NA,14.8445425912803,25.8731235043263
2045-10-02 12:00:00,2045,10,2,NA,15.433294458445,25.480775360855
2045-10-03 12:00:00,2045,10,3,NA,15.1262042711705,28.0001575385781
2045-10-04 12:00:00,2045,10,4,NA,15.4193887694736,29.1472167672391
2045-10-05 12:00:00,2045,10,5,NA,15.771517746581,27.8819485193868
2045-10-06 12:00:00,2045,10,6,NA,15.1157891589282,28.3909466126143
2045-10-07 12:00:00,2045,10,7,NA,16.0654750840723,29.2043322883311
2045-10-08 12:00:00,2045,10,8,NA,15.5492449048152,28.9275162720898
2045-10-09 12:00:00,2045,10,9,NA,15.0724832076722,30.539929994174
2045-10-10 12:00:00,2045,10,10,NA,16.1880491607412,31.6327175216307
2045-10-11 12:00:00,2045,10,11,NA,17.2764592833122,28.8334457697201
2045-10-12 12:00:00,2045,10,12,NA,15.8073512895962,28.391678725678
2045-10-13 12:00:00,2045,10,13,NA,14.7096748409938,27.4855310274676
2045-10-14 12:00:00,2045,10,14,NA,13.0012270135063,24.6241229656696
2045-10-15 12:00:00,2045,10,15,NA,13.5036134987147,26.7550760797172
2045-10-16 12:00:00,2045,10,16,NA,15.2801852406246,25.1055888232783
2045-10-17 12:00:00,2045,10,17,NA,17.425476799262,20.3816650847171
2045-10-18 12:00:00,2045,10,18,NA,12.4524970246168,24.9397509237238
2045-10-19 12:00:00,2045,10,19,NA,14.1527576724608,25.8334612513622
2045-10-20 12:00:00,2045,10,20,NA,13.4454333890316,24.3790830160689
2045-10-21 12:00:00,2045,10,21,NA,12.3040417426822,25.6266911431718
2045-10-22 12:00:00,2045,10,22,NA,14.8330111387745,21.7593710994075
2045-10-23 12:00:00,2045,10,23,NA,12.1954568590945,21.140347681299
2045-10-24 12:00:00,2045,10,24,NA,12.5771624566631,23.8739217167762
2045-10-25 12:00:00,2045,10,25,NA,13.8025518505306,24.7053506460861
2045-10-26 12:00:00,2045,10,26,NA,12.8258014678801,23.9503484424483
2045-10-27 12:00:00,2045,10,27,NA,10.9496868322934,19.7401770364131
2045-10-28 12:00:00,2045,10,28,NA,11.2336336223573,16.8638491944581
2045-10-29 12:00:00,2045,10,29,NA,8.14228726236552,14.7292056010613
2045-10-30 12:00:00,2045,10,30,NA,9.92083943025633,12.0555433188577
2045-10-31 12:00:00,2045,10,31,NA,7.9308287538464,13.5971453823809
2045-11-01 12:00:00,2045,11,1,NA,3.36880436012553,11.0501943835652
2045-11-02 12:00:00,2045,11,2,NA,3.13472303177264,13.0776085494201
2045-11-03 12:00:00,2045,11,3,NA,2.91064371298942,10.215589709105
2045-11-04 12:00:00,2045,11,4,NA,2.10511735483922,10.8848423845679
2045-11-05 12:00:00,2045,11,5,NA,1.16188116651927,12.1145868862051
2045-11-06 12:00:00,2045,11,6,NA,-0.46676194865266,12.9996231985956
2045-11-07 12:00:00,2045,11,7,NA,1.88635305924088,15.3438822233079
2045-11-08 12:00:00,2045,11,8,NA,1.68550886379103,14.5162934375522
2045-11-09 12:00:00,2045,11,9,NA,2.39623790916627,12.2210616582445
2045-11-10 12:00:00,2045,11,10,NA,1.31764072421514,16.8474582324132
2045-11-11 12:00:00,2045,11,11,NA,5.89227015712738,18.594489561951
2045-11-12 12:00:00,2045,11,12,NA,0.63499742502938,14.1457478278827
2045-11-13 12:00:00,2045,11,13,NA,3.92400152565426,13.4460468910348
2045-11-14 12:00:00,2045,11,14,NA,4.13144123977328,15.3033356364226
2045-11-15 12:00:00,2045,11,15,NA,5.75405872653752,18.0713951853125
2045-11-16 12:00:00,2045,11,16,NA,3.40396079983617,16.4176758842959
2045-11-17 12:00:00,2045,11,17,NA,-0.148647703192481,8.14385587475157
2045-11-18 12:00:00,2045,11,18,NA,-4.43810326680204,4.76718375406339
2045-11-19 12:00:00,2045,11,19,NA,-0.715165754148882,10.649873908647
2045-11-20 12:00:00,2045,11,20,NA,-0.0363221178106778,13.1913551517711
2045-11-21 12:00:00,2045,11,21,NA,1.92061444510195,13.0272168453569
2045-11-22 12:00:00,2045,11,22,NA,1.40793946678461,15.2488019583886
2045-11-23 12:00:00,2045,11,23,NA,1.81652557824663,16.783536028112
2045-11-24 12:00:00,2045,11,24,NA,-4.34000851548554,5.25321456295878
2045-11-25 12:00:00,2045,11,25,NA,-1.72123062330237,6.1593329800713
2045-11-26 12:00:00,2045,11,26,NA,-2.5814032021938,8.52519919806117
2045-11-27 12:00:00,2045,11,27,NA,-1.83275257546177,13.4013520918285
2045-11-28 12:00:00,2045,11,28,NA,-3.07330037159066,11.8937100782748
2045-11-29 12:00:00,2045,11,29,NA,-2.88253301719867,9.37654944721336
2045-11-30 12:00:00,2045,11,30,NA,-1.12086414470458,13.0590416184746
2045-12-01 12:00:00,2045,12,1,NA,-3.06011864138817,9.35418778877132
2045-12-02 12:00:00,2045,12,2,NA,-3.4425779262197,12.0960003968806
2045-12-03 12:00:00,2045,12,3,NA,-2.88904630728719,9.96154065844016
2045-12-04 12:00:00,2045,12,4,NA,0.161841816471478,7.95633169792424
2045-12-05 12:00:00,2045,12,5,NA,0.00499634081011724,7.41518952767774
2045-12-06 12:00:00,2045,12,6,NA,-1.08290900147625,5.56080452312841
2045-12-07 12:00:00,2045,12,7,NA,-0.385541796585591,12.2938528711864
2045-12-08 12:00:00,2045,12,8,NA,0.792715549805602,12.352297333621
2045-12-09 12:00:00,2045,12,9,NA,-1.45851798250394,12.1409219161105
2045-12-10 12:00:00,2045,12,10,NA,-1.97959988126245,8.28969282794198
2045-12-11 12:00:00,2045,12,11,NA,-3.65166773575009,10.5014388438985
2045-12-12 12:00:00,2045,12,12,NA,2.37282648239067,10.1319554531043
2045-12-13 12:00:00,2045,12,13,NA,0.99956726868529,11.0376299800794
2045-12-14 12:00:00,2045,12,14,NA,-1.57574572627896,10.2649837029917
2045-12-15 12:00:00,2045,12,15,NA,-0.124048089702312,12.0548326714682
2045-12-16 12:00:00,2045,12,16,NA,1.22166752531827,7.71013609467437
2045-12-17 12:00:00,2045,12,17,NA,-0.0752651575045191,8.07270824417732
2045-12-18 12:00:00,2045,12,18,NA,3.99557038863284,9.6219143606929
2045-12-19 12:00:00,2045,12,19,NA,2.2467756769549,8.7064297480462
2045-12-20 12:00:00,2045,12,20,NA,1.4111819220931,5.81853987201056
2045-12-21 12:00:00,2045,12,21,NA,0.261818000810417,8.35824461759898
2045-12-22 12:00:00,2045,12,22,NA,-2.73845477772729,7.6719404184934
2045-12-23 12:00:00,2045,12,23,NA,-1.13669552381494,6.27418505680782
2045-12-24 12:00:00,2045,12,24,NA,0.181403183240468,6.33490147252027
2045-12-25 12:00:00,2045,12,25,NA,-0.88577076073837,7.94841799444706
2045-12-26 12:00:00,2045,12,26,NA,-1.06210934297392,6.60761811226209
2045-12-27 12:00:00,2045,12,27,NA,-0.930901333393593,3.91789967591029
2045-12-28 12:00:00,2045,12,28,NA,-3.37946871456161,8.85166129806001
2045-12-29 12:00:00,2045,12,29,NA,-5.10853736909564,3.49198892594883
2045-12-30 12:00:00,2045,12,30,NA,-2.49482248461047,9.14935650771196
2045-12-31 12:00:00,2045,12,31,NA,-3.40092524210976,7.71189390342207
2046-01-01 12:00:00,2046,1,1,NA,-2.10691219941859,7.22050633789281
2046-01-02 12:00:00,2046,1,2,NA,-1.41447982025413,8.03201735485403
2046-01-03 12:00:00,2046,1,3,NA,-1.98199127367505,5.21574935016699
2046-01-04 12:00:00,2046,1,4,NA,1.61925740972962,10.2268178043517
2046-01-05 12:00:00,2046,1,5,NA,-0.273224045839298,11.0426299531715
2046-01-06 12:00:00,2046,1,6,NA,2.76836353986135,8.77722068088641
2046-01-07 12:00:00,2046,1,7,NA,-5.13181297045662,1.4405710197164
2046-01-08 12:00:00,2046,1,8,NA,-7.04529794552202,0.571931942062041
2046-01-09 12:00:00,2046,1,9,NA,-6.93531603381174,0.550743677475698
2046-01-10 12:00:00,2046,1,10,NA,-6.03056799785616,4.4195404161244
2046-01-11 12:00:00,2046,1,11,NA,-5.48317955391234,3.29394907497619
2046-01-12 12:00:00,2046,1,12,NA,-5.859356095656,5.40985871337438
2046-01-13 12:00:00,2046,1,13,NA,-4.08129583030344,8.09997719604628
2046-01-14 12:00:00,2046,1,14,NA,-2.45672467356829,7.24017575260831
2046-01-15 12:00:00,2046,1,15,NA,-2.54197206936069,2.69232147713263
2046-01-16 12:00:00,2046,1,16,NA,-2.0173081745187,0.706454689918934
2046-01-17 12:00:00,2046,1,17,NA,-2.82148068869275,2.24444831700155
2046-01-18 12:00:00,2046,1,18,NA,-5.46761351939822,2.38058908318633
2046-01-19 12:00:00,2046,1,19,NA,-7.5374676152008,-1.11407004399391
2046-01-20 12:00:00,2046,1,20,NA,-10.2132315164538,-4.13424626366924
2046-01-21 12:00:00,2046,1,21,NA,-10.1883014631353,-1.0574661879987
2046-01-22 12:00:00,2046,1,22,NA,-8.80777102460329,5.03853853172333
2046-01-23 12:00:00,2046,1,23,NA,-7.3669399765399,-0.268741180749831
2046-01-24 12:00:00,2046,1,24,NA,-7.3092149532406,-4.38373138847915
2046-01-25 12:00:00,2046,1,25,NA,-5.75527885305246,0.303629634676479
2046-01-26 12:00:00,2046,1,26,NA,-4.65565586368217,4.41546044120643
2046-01-27 12:00:00,2046,1,27,NA,-2.67881219097003,5.82975642675199
2046-01-28 12:00:00,2046,1,28,NA,-5.84865572697557,4.57282633111464
2046-01-29 12:00:00,2046,1,29,NA,-3.19878510070886,9.56360319851461
2046-01-30 12:00:00,2046,1,30,NA,-3.98160556198337,6.06968008087789
2046-01-31 12:00:00,2046,1,31,NA,-2.96155748543407,7.21215912739888
2046-02-01 12:00:00,2046,2,1,NA,-1.87720413114876,11.2203978288861
2046-02-02 12:00:00,2046,2,2,NA,-0.0154913654797078,8.0321913338461
2046-02-03 12:00:00,2046,2,3,NA,-0.100095718320938,10.3300730945756
2046-02-04 12:00:00,2046,2,4,NA,4.41912326065984,13.3022534721058
2046-02-05 12:00:00,2046,2,5,NA,6.65289973015005,17.528494098339
2046-02-06 12:00:00,2046,2,6,NA,4.60174051309377,14.8552714039794
2046-02-07 12:00:00,2046,2,7,NA,-0.0474771459806729,3.37704897946443
2046-02-08 12:00:00,2046,2,8,NA,-1.92848200948049,1.03094299172262
2046-02-09 12:00:00,2046,2,9,NA,0.623830641592744,4.04835676703785
2046-02-10 12:00:00,2046,2,10,NA,-2.89846698862077,6.76717458099928
2046-02-11 12:00:00,2046,2,11,NA,-1.14031409755804,9.54547154269602
2046-02-12 12:00:00,2046,2,12,NA,-1.04988521397666,6.10065740172926
2046-02-13 12:00:00,2046,2,13,NA,-2.458239111131,4.63406683559103
2046-02-14 12:00:00,2046,2,14,NA,-2.53643308673704,8.87116753738457
2046-02-15 12:00:00,2046,2,15,NA,-1.3447175770542,7.40864287807518
2046-02-16 12:00:00,2046,2,16,NA,-3.0936671605962,2.78529252630287
2046-02-17 12:00:00,2046,2,17,NA,-1.1932004455548,5.18750376174965
2046-02-18 12:00:00,2046,2,18,NA,-3.60272547255891,6.10590418576914
2046-02-19 12:00:00,2046,2,19,NA,-3.09747529817009,10.8864539218445
2046-02-20 12:00:00,2046,2,20,NA,4.35484768691329,13.4812447427147
2046-02-21 12:00:00,2046,2,21,NA,6.3809191660556,17.136972513031
2046-02-22 12:00:00,2046,2,22,NA,1.87121094411953,13.4515052791972
2046-02-23 12:00:00,2046,2,23,NA,-2.15462830267069,10.505728168879
2046-02-24 12:00:00,2046,2,24,NA,-0.092535958336776,13.3982772449985
2046-02-25 12:00:00,2046,2,25,NA,0.99336619734343,12.4066892900746
2046-02-26 12:00:00,2046,2,26,NA,1.76257206255999,16.282962986044
2046-02-27 12:00:00,2046,2,27,NA,2.27983630494111,13.7408723510046
2046-02-28 12:00:00,2046,2,28,NA,2.95223644565619,13.2526864051548
2046-03-01 12:00:00,2046,3,1,NA,5.61222944623891,16.5161240375015
2046-03-02 12:00:00,2046,3,2,NA,5.67271812808086,17.0803187522025
2046-03-03 12:00:00,2046,3,3,NA,4.80480936909055,11.9401787549255
2046-03-04 12:00:00,2046,3,4,NA,9.63966370795286,15.6423001436787
2046-03-05 12:00:00,2046,3,5,NA,8.58995930737714,16.665229736077
2046-03-06 12:00:00,2046,3,6,NA,6.07633922303383,14.2510874733588
2046-03-07 12:00:00,2046,3,7,NA,1.84210104541588,14.7094703349328
2046-03-08 12:00:00,2046,3,8,NA,6.67887559726027,16.5988132058022
2046-03-09 12:00:00,2046,3,9,NA,11.1267777366417,15.8546894403223
2046-03-10 12:00:00,2046,3,10,NA,6.63587391235809,13.5022943574699
2046-03-11 12:00:00,2046,3,11,NA,4.86595581586153,15.9494506199969
2046-03-12 12:00:00,2046,3,12,NA,-1.31237235534522,9.86612291948524
2046-03-13 12:00:00,2046,3,13,NA,-0.919789860370433,13.0697812694136
2046-03-14 12:00:00,2046,3,14,NA,3.60549572698525,19.9753253054845
2046-03-15 12:00:00,2046,3,15,NA,4.7551188775669,15.7279482796065
2046-03-16 12:00:00,2046,3,16,NA,5.42334064123195,15.5270254534916
2046-03-17 12:00:00,2046,3,17,NA,6.4331809910092,18.2293422560625
2046-03-18 12:00:00,2046,3,18,NA,2.76477310737754,13.8948341826318
2046-03-19 12:00:00,2046,3,19,NA,1.23871579429562,7.30894897440729
2046-03-20 12:00:00,2046,3,20,NA,-0.384252808489978,8.81488234706294
2046-03-21 12:00:00,2046,3,21,NA,-0.357111745375099,16.1678985493808
2046-03-22 12:00:00,2046,3,22,NA,2.26396814859758,13.5536199341321
2046-03-23 12:00:00,2046,3,23,NA,2.13215526009141,16.5796109333674
2046-03-24 12:00:00,2046,3,24,NA,4.62919980002182,16.6322253126998
2046-03-25 12:00:00,2046,3,25,NA,5.77145358083172,15.1976666356592
2046-03-26 12:00:00,2046,3,26,NA,5.1081002204827,16.7902524645673
2046-03-27 12:00:00,2046,3,27,NA,4.86995577092129,21.1227944434643
2046-03-28 12:00:00,2046,3,28,NA,4.47044848956206,21.2523965032075
2046-03-29 12:00:00,2046,3,29,NA,7.64512384857618,17.4259134453532
2046-03-30 12:00:00,2046,3,30,NA,6.07678927858721,17.8729505436405
2046-03-31 12:00:00,2046,3,31,NA,5.3291768655146,18.4843680245425
2046-04-01 12:00:00,2046,4,1,NA,8.05946417391773,18.3225219663614
2046-04-02 12:00:00,2046,4,2,NA,8.23441143681377,23.2552933669859
2046-04-03 12:00:00,2046,4,3,NA,9.34639797639496,22.735332456212
2046-04-04 12:00:00,2046,4,4,NA,13.9806636841485,17.2383074354397
2046-04-05 12:00:00,2046,4,5,NA,5.72699120170538,10.416789251452
2046-04-06 12:00:00,2046,4,6,NA,5.65571304691336,17.1902315725586
2046-04-07 12:00:00,2046,4,7,NA,4.23704878979197,21.9925576351731
2046-04-08 12:00:00,2046,4,8,NA,3.34900371398455,19.1307988675866
2046-04-09 12:00:00,2046,4,9,NA,7.18723852433881,25.5101636027515
2046-04-10 12:00:00,2046,4,10,NA,9.74750551159125,26.8257003924116
2046-04-11 12:00:00,2046,4,11,NA,12.1536208084142,18.0828517464889
2046-04-12 12:00:00,2046,4,12,NA,16.4871026627998,19.4403011882382
2046-04-13 12:00:00,2046,4,13,NA,15.7271054045267,23.6947338600154
2046-04-14 12:00:00,2046,4,14,NA,13.2144289456173,23.6007744993773
2046-04-15 12:00:00,2046,4,15,NA,17.093138504138,22.9398540642565
2046-04-16 12:00:00,2046,4,16,NA,13.1711033500296,25.0765300776256
2046-04-17 12:00:00,2046,4,17,NA,12.6514832529621,26.5500503366419
2046-04-18 12:00:00,2046,4,18,NA,15.3315290443663,21.7087466970003
2046-04-19 12:00:00,2046,4,19,NA,13.5043702509983,20.4253518295143
2046-04-20 12:00:00,2046,4,20,NA,11.3780202549202,24.1635085912986
2046-04-21 12:00:00,2046,4,21,NA,11.3644211116175,23.2877240783736
2046-04-22 12:00:00,2046,4,22,NA,11.329500647012,24.333279835523
2046-04-23 12:00:00,2046,4,23,NA,10.8632295947732,28.3228830299714
2046-04-24 12:00:00,2046,4,24,NA,13.2005952472379,29.8672606580927
2046-04-25 12:00:00,2046,4,25,NA,11.8799788138618,27.5122689495217
2046-04-26 12:00:00,2046,4,26,NA,11.6705280427691,27.3354492793239
2046-04-27 12:00:00,2046,4,27,NA,14.6890488757016,27.5708554676386
2046-04-28 12:00:00,2046,4,28,NA,12.1809268458718,25.6927355495436
2046-04-29 12:00:00,2046,4,29,NA,6.51264530777307,23.2405405954824
2046-04-30 12:00:00,2046,4,30,NA,8.69003846476471,18.5855007459347
2046-05-01 12:00:00,2046,5,1,NA,7.66851244400911,19.4585372009541
2046-05-02 12:00:00,2046,5,2,NA,9.05928205012938,23.4951810724261
2046-05-03 12:00:00,2046,5,3,NA,13.0698455393612,18.951346190912
2046-05-04 12:00:00,2046,5,4,NA,8.8807545315564,21.0017044333004
2046-05-05 12:00:00,2046,5,5,NA,10.5679467855783,20.6647268457522
2046-05-06 12:00:00,2046,5,6,NA,6.21040148150902,22.4573691631832
2046-05-07 12:00:00,2046,5,7,NA,9.01687072500717,15.970917317713
2046-05-08 12:00:00,2046,5,8,NA,9.69831075882199,21.3839262922019
2046-05-09 12:00:00,2046,5,9,NA,9.68009968622763,24.07001377427
2046-05-10 12:00:00,2046,5,10,NA,12.0729607282138,28.3190274103099
2046-05-11 12:00:00,2046,5,11,NA,13.323996519418,28.6387069562302
2046-05-12 12:00:00,2046,5,12,NA,14.4262061823916,23.9927274326623
2046-05-13 12:00:00,2046,5,13,NA,13.5636141662128,26.0269311815475
2046-05-14 12:00:00,2046,5,14,NA,11.1648878344247,27.8027777315982
2046-05-15 12:00:00,2046,5,15,NA,14.0447011477227,27.8456648231887
2046-05-16 12:00:00,2046,5,16,NA,14.0067535705569,28.3045587327882
2046-05-17 12:00:00,2046,5,17,NA,13.3016065294992,29.0593960571192
2046-05-18 12:00:00,2046,5,18,NA,15.4937158492536,27.3300173233058
2046-05-19 12:00:00,2046,5,19,NA,14.169955352794,29.652367722579
2046-05-20 12:00:00,2046,5,20,NA,16.9679637914711,26.5065509983828
2046-05-21 12:00:00,2046,5,21,NA,15.7123226798486,26.8162838920145
2046-05-22 12:00:00,2046,5,22,NA,14.049880684464,26.0514322390568
2046-05-23 12:00:00,2046,5,23,NA,15.2312434672543,24.4636859174606
2046-05-24 12:00:00,2046,5,24,NA,12.0844805133722,30.0874263960151
2046-05-25 12:00:00,2046,5,25,NA,14.7742991783627,28.0583809249566
2046-05-26 12:00:00,2046,5,26,NA,21.0441926602856,24.1919005771665
2046-05-27 12:00:00,2046,5,27,NA,16.7612563928806,22.2786855591413
2046-05-28 12:00:00,2046,5,28,NA,16.3239113758401,24.1776364078936
2046-05-29 12:00:00,2046,5,29,NA,20.1279376834913,29.6956365832263
2046-05-30 12:00:00,2046,5,30,NA,21.6584654606455,28.50740244101
2046-05-31 12:00:00,2046,5,31,NA,19.7156026631032,32.6155669145702
2046-06-01 12:00:00,2046,6,1,NA,18.3693282419707,32.7167285419981
2046-06-02 12:00:00,2046,6,2,NA,19.9757857172708,32.9054803330483
2046-06-03 12:00:00,2046,6,3,NA,20.0492790355227,31.7228332980532
2046-06-04 12:00:00,2046,6,4,NA,23.6466452020277,29.689374841664
2046-06-05 12:00:00,2046,6,5,NA,20.5652507065939,30.5550694474691
2046-06-06 12:00:00,2046,6,6,NA,18.4831682689823,27.9930586443816
2046-06-07 12:00:00,2046,6,7,NA,18.5677001218589,32.722032526002
2046-06-08 12:00:00,2046,6,8,NA,21.0972686833189,26.4947385768774
2046-06-09 12:00:00,2046,6,9,NA,21.2025422984673,28.6501829943204
2046-06-10 12:00:00,2046,6,10,NA,19.7766323320724,24.1325326770908
2046-06-11 12:00:00,2046,6,11,NA,20.852571704784,26.8904760914941
2046-06-12 12:00:00,2046,6,12,NA,17.8256923263587,27.974422497702
2046-06-13 12:00:00,2046,6,13,NA,18.9735229458699,28.6184552798998
2046-06-14 12:00:00,2046,6,14,NA,20.2810863698949,32.3889217252505
2046-06-15 12:00:00,2046,6,15,NA,21.2650139704344,32.8312555295868
2046-06-16 12:00:00,2046,6,16,NA,23.2212577205438,28.2726947953562
2046-06-17 12:00:00,2046,6,17,NA,22.6383552980017,29.3881617126471
2046-06-18 12:00:00,2046,6,18,NA,20.7821303828088,34.1967730300718
2046-06-19 12:00:00,2046,6,19,NA,21.2913050914979,32.9566440643425
2046-06-20 12:00:00,2046,6,20,NA,20.9836504866881,33.4287246125208
2046-06-21 12:00:00,2046,6,21,NA,23.1926652781638,30.5272198155396
2046-06-22 12:00:00,2046,6,22,NA,20.5719480284175,34.6971906237801
2046-06-23 12:00:00,2046,6,23,NA,21.2483327406714,34.5299575345282
2046-06-24 12:00:00,2046,6,24,NA,18.2431040128789,32.3974364170221
2046-06-25 12:00:00,2046,6,25,NA,19.961505093197,32.4717353013852
2046-06-26 12:00:00,2046,6,26,NA,21.9003579350668,33.7995128610282
2046-06-27 12:00:00,2046,6,27,NA,21.2872053094427,30.3385573404213
2046-06-28 12:00:00,2046,6,28,NA,19.0749456183388,29.8608444303388
2046-06-29 12:00:00,2046,6,29,NA,20.2712526689778,29.1402247607808
2046-06-30 12:00:00,2046,6,30,NA,18.0044086677668,24.4907003297945
2046-07-01 12:00:00,2046,7,1,NA,17.5606659100157,29.3103945601354
2046-07-02 12:00:00,2046,7,2,NA,17.3530222068409,31.4258617821969
2046-07-03 12:00:00,2046,7,3,NA,18.9370309798444,30.7883344501387
2046-07-04 12:00:00,2046,7,4,NA,22.1013914145852,31.4517446631702
2046-07-05 12:00:00,2046,7,5,NA,21.6846876994102,32.4556817521809
2046-07-06 12:00:00,2046,7,6,NA,21.84402309852,32.420442281519
2046-07-07 12:00:00,2046,7,7,NA,23.5313119608891,32.3084924765999
2046-07-08 12:00:00,2046,7,8,NA,23.3540698449361,31.8651169305745
2046-07-09 12:00:00,2046,7,9,NA,23.9040963272066,33.9937602561729
2046-07-10 12:00:00,2046,7,10,NA,24.8202089733085,33.6852597732992
2046-07-11 12:00:00,2046,7,11,NA,25.861098106005,33.7109932430724
2046-07-12 12:00:00,2046,7,12,NA,27.2389668935512,30.7958354758167
2046-07-13 12:00:00,2046,7,13,NA,25.8698647327176,32.7472686583177
2046-07-14 12:00:00,2046,7,14,NA,24.8251503526722,29.1257103385416
2046-07-15 12:00:00,2046,7,15,NA,24.553536879022,31.5232296799118
2046-07-16 12:00:00,2046,7,16,NA,24.0499834080009,34.4961098383822
2046-07-17 12:00:00,2046,7,17,NA,22.3732394132139,32.4629033421801
2046-07-18 12:00:00,2046,7,18,NA,22.7044995379502,30.3308432667804
2046-07-19 12:00:00,2046,7,19,NA,23.244869477073,33.7249300858413
2046-07-20 12:00:00,2046,7,20,NA,24.2608147955662,31.7794710462947
2046-07-21 12:00:00,2046,7,21,NA,22.7647043551542,28.5716812020502
2046-07-22 12:00:00,2046,7,22,NA,24.5995983915966,28.7551881435184
2046-07-23 12:00:00,2046,7,23,NA,26.2418871289863,32.5843874635138
2046-07-24 12:00:00,2046,7,24,NA,25.4981920780867,30.7344342243601
2046-07-25 12:00:00,2046,7,25,NA,25.5755772842138,29.2492344938763
2046-07-26 12:00:00,2046,7,26,NA,23.8948143730828,31.9486102544471
2046-07-27 12:00:00,2046,7,27,NA,24.5974014668277,33.1200169305119
2046-07-28 12:00:00,2046,7,28,NA,25.176175869032,36.9288282215888
2046-07-29 12:00:00,2046,7,29,NA,26.0226539725808,35.5829690512911
2046-07-30 12:00:00,2046,7,30,NA,26.8544189673533,36.082229905295
2046-07-31 12:00:00,2046,7,31,NA,27.4813823368918,32.535160202905
2046-08-01 12:00:00,2046,8,1,NA,28.1224034734401,32.0166094028012
2046-08-02 12:00:00,2046,8,2,NA,25.7594481166249,32.7291409175148
2046-08-03 12:00:00,2046,8,3,NA,24.080283113121,28.7295181768555
2046-08-04 12:00:00,2046,8,4,NA,22.0175173226538,28.2621581360983
2046-08-05 12:00:00,2046,8,5,NA,21.5835570993665,28.900037092299
2046-08-06 12:00:00,2046,8,6,NA,21.7783286096543,31.316033383691
2046-08-07 12:00:00,2046,8,7,NA,24.1370926234227,31.0410249816524
2046-08-08 12:00:00,2046,8,8,NA,22.4835844123706,28.3635638987431
2046-08-09 12:00:00,2046,8,9,NA,21.7378529277319,25.8056451130375
2046-08-10 12:00:00,2046,8,10,NA,22.0448346790933,29.5489606320371
2046-08-11 12:00:00,2046,8,11,NA,22.6567733200954,28.4275745973753
2046-08-12 12:00:00,2046,8,12,NA,23.8259459342427,31.8564581737019
2046-08-13 12:00:00,2046,8,13,NA,24.0529178649145,33.0784141119013
2046-08-14 12:00:00,2046,8,14,NA,20.3907656393858,26.9785635768904
2046-08-15 12:00:00,2046,8,15,NA,22.5601006039982,25.8186704107898
2046-08-16 12:00:00,2046,8,16,NA,21.4350424039357,28.6613725472987
2046-08-17 12:00:00,2046,8,17,NA,21.9544731909426,27.8344526773151
2046-08-18 12:00:00,2046,8,18,NA,22.0144259152516,32.1093349030619
2046-08-19 12:00:00,2046,8,19,NA,23.2805251521955,33.8450723834305
2046-08-20 12:00:00,2046,8,20,NA,22.0473078590325,34.909802367158
2046-08-21 12:00:00,2046,8,21,NA,24.0282434743012,35.4189191677671
2046-08-22 12:00:00,2046,8,22,NA,25.9524028198055,32.0479483235442
2046-08-23 12:00:00,2046,8,23,NA,24.876598415475,34.4069710993172
2046-08-24 12:00:00,2046,8,24,NA,24.5068793256651,33.4201085736072
2046-08-25 12:00:00,2046,8,25,NA,23.0170148470523,33.5787504021396
2046-08-26 12:00:00,2046,8,26,NA,24.2841786126815,29.4173465890504
2046-08-27 12:00:00,2046,8,27,NA,23.5068073954709,32.7547928243087
2046-08-28 12:00:00,2046,8,28,NA,23.8048649068273,30.757428821982
2046-08-29 12:00:00,2046,8,29,NA,23.6883838826223,31.3643409665387
2046-08-30 12:00:00,2046,8,30,NA,24.25554460092,31.9605633611991
2046-08-31 12:00:00,2046,8,31,NA,22.3228428518525,29.6500971086693
2046-09-01 12:00:00,2046,9,1,NA,17.2421380556958,31.633273451571
2046-09-02 12:00:00,2046,9,2,NA,19.6791837197622,32.265669788124
2046-09-03 12:00:00,2046,9,3,NA,19.8748162240441,32.3371961824748
2046-09-04 12:00:00,2046,9,4,NA,21.0252667723098,30.959162687662
2046-09-05 12:00:00,2046,9,5,NA,18.9984932573986,27.3810151221086
2046-09-06 12:00:00,2046,9,6,NA,19.4826423831775,26.6309114343816
2046-09-07 12:00:00,2046,9,7,NA,20.5706278963496,29.5923390431864
2046-09-08 12:00:00,2046,9,8,NA,17.2494017552664,28.4155730610872
2046-09-09 12:00:00,2046,9,9,NA,17.4098256015969,27.3266854706546
2046-09-10 12:00:00,2046,9,10,NA,17.1203681290221,25.7495368907275
2046-09-11 12:00:00,2046,9,11,NA,16.7767801985794,30.6925910342937
2046-09-12 12:00:00,2046,9,12,NA,16.6248219678115,31.494808326041
2046-09-13 12:00:00,2046,9,13,NA,17.9099308707505,30.7669914214637
2046-09-14 12:00:00,2046,9,14,NA,20.002000676663,33.420522004424
2046-09-15 12:00:00,2046,9,15,NA,19.0563702443895,31.2131450589348
2046-09-16 12:00:00,2046,9,16,NA,19.9626463262052,31.5014941252435
2046-09-17 12:00:00,2046,9,17,NA,17.5536956006508,31.9400479452717
2046-09-18 12:00:00,2046,9,18,NA,19.3669514359149,29.358877672359
2046-09-19 12:00:00,2046,9,19,NA,18.4218388903868,32.8131859312111
2046-09-20 12:00:00,2046,9,20,NA,20.5884917711021,26.7172955155939
2046-09-21 12:00:00,2046,9,21,NA,17.6995491528672,27.4101768806432
2046-09-22 12:00:00,2046,9,22,NA,20.2850206760052,23.7619350529699
2046-09-23 12:00:00,2046,9,23,NA,16.9170649547833,26.1023517705085
2046-09-24 12:00:00,2046,9,24,NA,18.725045463811,28.7188696914178
2046-09-25 12:00:00,2046,9,25,NA,18.9486844731267,30.2084397701878
2046-09-26 12:00:00,2046,9,26,NA,16.9255276945311,29.5189625446849
2046-09-27 12:00:00,2046,9,27,NA,16.1059140298432,29.2237477310816
2046-09-28 12:00:00,2046,9,28,NA,17.8732866125752,26.625558840418
2046-09-29 12:00:00,2046,9,29,NA,19.5862996503156,23.430008946383
2046-09-30 12:00:00,2046,9,30,NA,15.6919666234376,28.809800324676
2046-10-01 12:00:00,2046,10,1,NA,15.1389870077721,29.063686565815
2046-10-02 12:00:00,2046,10,2,NA,15.699410395369,29.1110309388594
2046-10-03 12:00:00,2046,10,3,NA,15.3733821348952,28.4860698337448
2046-10-04 12:00:00,2046,10,4,NA,16.1271091724039,28.9363296628704
2046-10-05 12:00:00,2046,10,5,NA,15.3224079152494,31.7768483323902
2046-10-06 12:00:00,2046,10,6,NA,13.201582298473,29.9720132133036
2046-10-07 12:00:00,2046,10,7,NA,14.2177914158321,29.26538662509
2046-10-08 12:00:00,2046,10,8,NA,15.7814235905505,27.835432280381
2046-10-09 12:00:00,2046,10,9,NA,19.4832895734378,21.6179934620392
2046-10-10 12:00:00,2046,10,10,NA,13.2566501587943,24.4573324767057
2046-10-11 12:00:00,2046,10,11,NA,12.2931510145662,20.0725158373486
2046-10-12 12:00:00,2046,10,12,NA,12.4785071002035,24.2323451597417
2046-10-13 12:00:00,2046,10,13,NA,11.5256522621373,23.7542445239179
2046-10-14 12:00:00,2046,10,14,NA,12.3851218520757,25.1609780385495
2046-10-15 12:00:00,2046,10,15,NA,11.6781208169806,27.6942579126096
2046-10-16 12:00:00,2046,10,16,NA,12.9340998039353,26.1047065935239
2046-10-17 12:00:00,2046,10,17,NA,11.4718920467166,29.3797610836511
2046-10-18 12:00:00,2046,10,18,NA,12.1794870780148,27.5139774328129
2046-10-19 12:00:00,2046,10,19,NA,11.719474654744,26.8801164892416
2046-10-20 12:00:00,2046,10,20,NA,15.79546633889,26.4767577313189
2046-10-21 12:00:00,2046,10,21,NA,12.166727193918,23.110527990738
2046-10-22 12:00:00,2046,10,22,NA,12.0833226145219,24.5787050912412
2046-10-23 12:00:00,2046,10,23,NA,10.4675594197695,25.2035782639994
2046-10-24 12:00:00,2046,10,24,NA,11.5684950192095,20.8786976191064
2046-10-25 12:00:00,2046,10,25,NA,5.90531923988864,15.8181301245042
2046-10-26 12:00:00,2046,10,26,NA,9.03702983096244,20.7842041617696
2046-10-27 12:00:00,2046,10,27,NA,9.78308918764924,20.3732315708549
2046-10-28 12:00:00,2046,10,28,NA,9.16856114205359,20.0349175940811
2046-10-29 12:00:00,2046,10,29,NA,9.07626437422478,21.1279733756701
2046-10-30 12:00:00,2046,10,30,NA,10.4147207794466,24.3738985828871
2046-10-31 12:00:00,2046,10,31,NA,9.56221059911368,24.0992064759892
2046-11-01 12:00:00,2046,11,1,NA,7.7747015482139,23.8540349957153
2046-11-02 12:00:00,2046,11,2,NA,5.56076459181314,17.4215987060954
2046-11-03 12:00:00,2046,11,3,NA,5.16004873743824,20.9245948457845
2046-11-04 12:00:00,2046,11,4,NA,7.81839702035623,19.232340862413
2046-11-05 12:00:00,2046,11,5,NA,8.53096672254528,14.1054268527792
2046-11-06 12:00:00,2046,11,6,NA,5.3138377762188,17.4350299102857
2046-11-07 12:00:00,2046,11,7,NA,5.22490250428705,20.73160263495
2046-11-08 12:00:00,2046,11,8,NA,3.40532086519673,15.3790175014936
2046-11-09 12:00:00,2046,11,9,NA,4.51916996173653,11.7587456170964
2046-11-10 12:00:00,2046,11,10,NA,5.25789930550867,12.7267944812635
2046-11-11 12:00:00,2046,11,11,NA,3.31111089021761,17.6367710780363
2046-11-12 12:00:00,2046,11,12,NA,8.19299914154255,15.8488674328789
2046-11-13 12:00:00,2046,11,13,NA,4.83637567319815,17.8122145227183
2046-11-14 12:00:00,2046,11,14,NA,4.0432004747257,14.8567258794134
2046-11-15 12:00:00,2046,11,15,NA,4.48170564059271,11.3190089546569
2046-11-16 12:00:00,2046,11,16,NA,3.4128467267752,15.2396764811905
2046-11-17 12:00:00,2046,11,17,NA,0.957831635724277,7.28984140971238
2046-11-18 12:00:00,2046,11,18,NA,0.701836058867356,14.3445028590606
2046-11-19 12:00:00,2046,11,19,NA,4.93613244374134,19.2615798572027
2046-11-20 12:00:00,2046,11,20,NA,6.50097869197342,15.7194866774428
2046-11-21 12:00:00,2046,11,21,NA,5.1828392052094,17.1956887152821
2046-11-22 12:00:00,2046,11,22,NA,3.0545294351853,16.098222488437
2046-11-23 12:00:00,2046,11,23,NA,0.498142101835187,6.71777323538164
2046-11-24 12:00:00,2046,11,24,NA,-0.869160938301724,10.239486660254
2046-11-25 12:00:00,2046,11,25,NA,1.181970796273,15.3618765594522
2046-11-26 12:00:00,2046,11,26,NA,1.36378460855328,18.0775278529948
2046-11-27 12:00:00,2046,11,27,NA,2.95762227394792,17.2987242118598
2046-11-28 12:00:00,2046,11,28,NA,2.88970072430694,17.025938279198
2046-11-29 12:00:00,2046,11,29,NA,7.59996090412853,15.1311549871974
2046-11-30 12:00:00,2046,11,30,NA,1.40568517447952,11.1182204927486
2046-12-01 12:00:00,2046,12,1,NA,4.32881436167435,10.4858615193487
2046-12-02 12:00:00,2046,12,2,NA,2.32214966105966,13.0176190945739
2046-12-03 12:00:00,2046,12,3,NA,2.69585637953339,12.0645244869605
2046-12-04 12:00:00,2046,12,4,NA,4.2017723181047,16.2456661137138
2046-12-05 12:00:00,2046,12,5,NA,2.02974725687434,9.54987557172762
2046-12-06 12:00:00,2046,12,6,NA,2.26082780864048,8.7445448902071
2046-12-07 12:00:00,2046,12,7,NA,5.18696290885793,13.4366581805285
2046-12-08 12:00:00,2046,12,8,NA,4.13797381785085,13.3420683185468
2046-12-09 12:00:00,2046,12,9,NA,6.66748713981413,14.6159701553678
2046-12-10 12:00:00,2046,12,10,NA,3.43373223771986,16.8012609059325
2046-12-11 12:00:00,2046,12,11,NA,2.36580573387474,12.348483670643
2046-12-12 12:00:00,2046,12,12,NA,2.74030832487058,12.4153875213356
2046-12-13 12:00:00,2046,12,13,NA,-0.26645824339551,11.0220317731582
2046-12-14 12:00:00,2046,12,14,NA,-6.33021397735114,-2.05596549561245
2046-12-15 12:00:00,2046,12,15,NA,-6.39663317716592,0.562820799277196
2046-12-16 12:00:00,2046,12,16,NA,-7.12217755736719,5.01799222233923
2046-12-17 12:00:00,2046,12,17,NA,-5.21627815016351,8.65208488161927
2046-12-18 12:00:00,2046,12,18,NA,-4.02153181610637,4.68211775422262
2046-12-19 12:00:00,2046,12,19,NA,-2.35525168351814,6.80164450512417
2046-12-20 12:00:00,2046,12,20,NA,4.37490279891429,12.2365599028725
2046-12-21 12:00:00,2046,12,21,NA,1.54759049004913,7.94048275925693
2046-12-22 12:00:00,2046,12,22,NA,-2.46551159529276,5.89362499105334
2046-12-23 12:00:00,2046,12,23,NA,-0.0170717809605403,5.96828896462733
2046-12-24 12:00:00,2046,12,24,NA,2.28109729058707,4.30462799387371
2046-12-25 12:00:00,2046,12,25,NA,-4.3787865790606,1.34711178036406
2046-12-26 12:00:00,2046,12,26,NA,-4.86988372927121,4.18855715389148
2046-12-27 12:00:00,2046,12,27,NA,-2.35102049566827,9.56598431948202
2046-12-28 12:00:00,2046,12,28,NA,-3.29025205958271,11.5649735252312
2046-12-29 12:00:00,2046,12,29,NA,-1.41234905067175,13.7386885287727
2046-12-30 12:00:00,2046,12,30,NA,0.0647789939303953,8.39093485279573
2046-12-31 12:00:00,2046,12,31,NA,-0.150034546500924,9.99402500415859
2047-01-01 12:00:00,2047,1,1,NA,5.76178069617382,12.3330899343413
2047-01-02 12:00:00,2047,1,2,NA,4.79621710700503,7.85099002544727
2047-01-03 12:00:00,2047,1,3,NA,2.77125769860513,7.53374987140949
2047-01-04 12:00:00,2047,1,4,NA,7.32293237981164,13.890410738602
2047-01-05 12:00:00,2047,1,5,NA,1.30886985442499,10.5179672141683
2047-01-06 12:00:00,2047,1,6,NA,-3.26719567369707,4.40444320235359
2047-01-07 12:00:00,2047,1,7,NA,-4.29339601702448,4.07460950852227
2047-01-08 12:00:00,2047,1,8,NA,-2.84900270040879,6.29861906898403
2047-01-09 12:00:00,2047,1,9,NA,-1.48937230740094,10.3525642213387
2047-01-10 12:00:00,2047,1,10,NA,0.297687444437188,7.86561374994104
2047-01-11 12:00:00,2047,1,11,NA,-2.99396797488952,1.37760124733006
2047-01-12 12:00:00,2047,1,12,NA,-3.32362716676641,5.9053416137523
2047-01-13 12:00:00,2047,1,13,NA,-5.18869102273076,3.51956095798838
2047-01-14 12:00:00,2047,1,14,NA,-8.5546563353725,-3.53277731102959
2047-01-15 12:00:00,2047,1,15,NA,-6.78348914657606,1.32797982779536
2047-01-16 12:00:00,2047,1,16,NA,-5.55463856471837,0.978640361158631
2047-01-17 12:00:00,2047,1,17,NA,-5.59123607836149,3.25147929286965
2047-01-18 12:00:00,2047,1,18,NA,-2.83312245948201,7.62898370437737
2047-01-19 12:00:00,2047,1,19,NA,-0.981058060942321,7.58805046307398
2047-01-20 12:00:00,2047,1,20,NA,-2.11078355676646,8.54182554448435
2047-01-21 12:00:00,2047,1,21,NA,1.68723095988508,15.3994228164137
2047-01-22 12:00:00,2047,1,22,NA,-0.629320675722624,9.58277509430483
2047-01-23 12:00:00,2047,1,23,NA,-3.21579298166845,3.55179924898164
2047-01-24 12:00:00,2047,1,24,NA,-3.98477253202718,5.61086571235239
2047-01-25 12:00:00,2047,1,25,NA,-2.76662399195222,6.91360332395599
2047-01-26 12:00:00,2047,1,26,NA,-3.03340749328948,9.30331263237751
2047-01-27 12:00:00,2047,1,27,NA,-2.76760549041917,8.54824850859168
2047-01-28 12:00:00,2047,1,28,NA,-1.77154367702738,10.0523537997203
2047-01-29 12:00:00,2047,1,29,NA,0.250704556191307,9.52591629566574
2047-01-30 12:00:00,2047,1,30,NA,1.03882097483877,7.25090326964573
2047-01-31 12:00:00,2047,1,31,NA,-0.670885575429224,6.4665315799837
2047-02-01 12:00:00,2047,2,1,NA,-4.33219289819292,4.94301884128152
2047-02-02 12:00:00,2047,2,2,NA,-2.0765276490422,7.91014532966306
2047-02-03 12:00:00,2047,2,3,NA,-1.21163157160593,11.8025409618079
2047-02-04 12:00:00,2047,2,4,NA,-2.01979952660748,7.36041899298969
2047-02-05 12:00:00,2047,2,5,NA,-2.21989838644108,3.00641396563201
2047-02-06 12:00:00,2047,2,6,NA,5.0151891121201,15.7763075681972
2047-02-07 12:00:00,2047,2,7,NA,1.77363426736901,17.5953876170237
2047-02-08 12:00:00,2047,2,8,NA,4.87614828752285,17.8903208209367
2047-02-09 12:00:00,2047,2,9,NA,3.61027107119754,14.5141656624601
2047-02-10 12:00:00,2047,2,10,NA,2.80546138120372,10.0120203981556
2047-02-11 12:00:00,2047,2,11,NA,0.680020614038493,7.35721465334436
2047-02-12 12:00:00,2047,2,12,NA,-1.3490901984254,4.41260115550996
2047-02-13 12:00:00,2047,2,13,NA,-3.56966443318821,2.54562875879507
2047-02-14 12:00:00,2047,2,14,NA,-7.23641936629988,3.93988181317292
2047-02-15 12:00:00,2047,2,15,NA,-5.82497593193535,1.49579085160211
2047-02-16 12:00:00,2047,2,16,NA,-4.57514672989355,2.52062522847485
2047-02-17 12:00:00,2047,2,17,NA,-1.35485679322549,2.79900640569643
2047-02-18 12:00:00,2047,2,18,NA,-1.77711542530531,7.81773722943963
2047-02-19 12:00:00,2047,2,19,NA,1.90332472536839,14.5252058167881
2047-02-20 12:00:00,2047,2,20,NA,0.798336299097917,13.3239798225954
2047-02-21 12:00:00,2047,2,21,NA,1.70121750581368,14.5354884605146
2047-02-22 12:00:00,2047,2,22,NA,1.15352994712253,18.2958419906315
2047-02-23 12:00:00,2047,2,23,NA,5.43612947513663,14.5085940791708
2047-02-24 12:00:00,2047,2,24,NA,3.12870088655605,12.5652657596419
2047-02-25 12:00:00,2047,2,25,NA,1.13278331612365,6.21103641811231
2047-02-26 12:00:00,2047,2,26,NA,-1.77149229356348,8.29762349643917
2047-02-27 12:00:00,2047,2,27,NA,-2.61574841456112,9.37426719541694
2047-02-28 12:00:00,2047,2,28,NA,-1.24870841784177,10.1591574797241
2047-03-01 12:00:00,2047,3,1,NA,-0.554455591410057,14.9217446509385
2047-03-02 12:00:00,2047,3,2,NA,1.18141398699756,14.7687329898458
2047-03-03 12:00:00,2047,3,3,NA,0.99190148920177,10.9419449409223
2047-03-04 12:00:00,2047,3,4,NA,0.316968590459523,13.6978296950412
2047-03-05 12:00:00,2047,3,5,NA,-1.41080023158388,6.01089185500326
2047-03-06 12:00:00,2047,3,6,NA,0.686156298763136,8.7749057866
2047-03-07 12:00:00,2047,3,7,NA,-2.53661102753564,2.44613850258135
2047-03-08 12:00:00,2047,3,8,NA,-1.87703308532542,8.50559258914611
2047-03-09 12:00:00,2047,3,9,NA,-4.46202868433234,4.46287820682526
2047-03-10 12:00:00,2047,3,10,NA,-2.96936017353709,11.2691292223782
2047-03-11 12:00:00,2047,3,11,NA,-2.31711885524465,10.9677786110501
2047-03-12 12:00:00,2047,3,12,NA,0.313467212810724,14.3814465996827
2047-03-13 12:00:00,2047,3,13,NA,0.831764716952699,14.2997764644805
2047-03-14 12:00:00,2047,3,14,NA,3.60365460114341,17.8426023312998
2047-03-15 12:00:00,2047,3,15,NA,3.8537176914296,21.2640921954555
2047-03-16 12:00:00,2047,3,16,NA,3.10692895337271,18.323214792586
2047-03-17 12:00:00,2047,3,17,NA,2.28525855841697,18.8323223807949
2047-03-18 12:00:00,2047,3,18,NA,3.26456124793058,16.4848275825851
2047-03-19 12:00:00,2047,3,19,NA,-0.379002955520241,12.9577559942868
2047-03-20 12:00:00,2047,3,20,NA,-0.070228053958802,16.2067669496653
2047-03-21 12:00:00,2047,3,21,NA,1.14161465446751,15.0683216890874
2047-03-22 12:00:00,2047,3,22,NA,4.5418922544317,6.92911893941486
2047-03-23 12:00:00,2047,3,23,NA,3.03138512093513,11.6488808659696
2047-03-24 12:00:00,2047,3,24,NA,1.3207232482054,10.4225443565541
2047-03-25 12:00:00,2047,3,25,NA,2.03046692493451,15.5745857374969
2047-03-26 12:00:00,2047,3,26,NA,0.583378750317898,15.2953802395707
2047-03-27 12:00:00,2047,3,27,NA,3.48762857026203,17.684018622145
2047-03-28 12:00:00,2047,3,28,NA,4.04082091660462,13.3356340951052
2047-03-29 12:00:00,2047,3,29,NA,4.41405174553835,15.7037035310729
2047-03-30 12:00:00,2047,3,30,NA,3.66576309895043,22.0837721867267
2047-03-31 12:00:00,2047,3,31,NA,4.87431494697106,24.8136236874486
2047-04-01 12:00:00,2047,4,1,NA,6.05361827064623,23.6476190062843
2047-04-02 12:00:00,2047,4,2,NA,8.94349216299656,20.4111483469395
2047-04-03 12:00:00,2047,4,3,NA,9.55721989282769,20.2826150341494
2047-04-04 12:00:00,2047,4,4,NA,8.57704041586591,20.4954692948631
2047-04-05 12:00:00,2047,4,5,NA,8.72498249457658,21.9891075401372
2047-04-06 12:00:00,2047,4,6,NA,7.93905554342102,20.032660723595
2047-04-07 12:00:00,2047,4,7,NA,5.85275359662991,20.9031865090567
2047-04-08 12:00:00,2047,4,8,NA,3.97887122625819,20.6006701574814
2047-04-09 12:00:00,2047,4,9,NA,5.42885079460921,25.8272947550067
2047-04-10 12:00:00,2047,4,10,NA,7.47006370801676,24.6705005040569
2047-04-11 12:00:00,2047,4,11,NA,9.42127758987001,26.608141662329
2047-04-12 12:00:00,2047,4,12,NA,9.80782912002339,25.2570538314118
2047-04-13 12:00:00,2047,4,13,NA,8.806723809238,20.2088983001342
2047-04-14 12:00:00,2047,4,14,NA,7.13369000266232,22.5829147140508
2047-04-15 12:00:00,2047,4,15,NA,1.66249808991601,20.6858664262628
2047-04-16 12:00:00,2047,4,16,NA,3.80113511670305,18.800586148749
2047-04-17 12:00:00,2047,4,17,NA,13.609581725517,15.6829751110954
2047-04-18 12:00:00,2047,4,18,NA,11.4637669167479,22.3863080994825
2047-04-19 12:00:00,2047,4,19,NA,14.0831514497452,20.8631674799708
2047-04-20 12:00:00,2047,4,20,NA,8.56129505514314,22.1929113047336
2047-04-21 12:00:00,2047,4,21,NA,7.724573695528,16.6657693643088
2047-04-22 12:00:00,2047,4,22,NA,5.71549354780149,17.0329084204719
2047-04-23 12:00:00,2047,4,23,NA,7.38341682292877,16.1213358250366
2047-04-24 12:00:00,2047,4,24,NA,8.24298402111847,21.1348608261108
2047-04-25 12:00:00,2047,4,25,NA,8.93682060209608,23.9493486779902
2047-04-26 12:00:00,2047,4,26,NA,12.3342130185749,23.4417438744613
2047-04-27 12:00:00,2047,4,27,NA,12.6498022264526,19.1051024523246
2047-04-28 12:00:00,2047,4,28,NA,12.5992396786079,21.34646654514
2047-04-29 12:00:00,2047,4,29,NA,12.1201986333261,23.4567375925848
2047-04-30 12:00:00,2047,4,30,NA,14.4507515645878,26.4960229750023
2047-05-01 12:00:00,2047,5,1,NA,15.2971569473501,23.2965459950649
2047-05-02 12:00:00,2047,5,2,NA,13.5557851805007,25.4790881472568
2047-05-03 12:00:00,2047,5,3,NA,12.5970486715944,25.3598243334517
2047-05-04 12:00:00,2047,5,4,NA,18.7927480705097,22.8811221206214
2047-05-05 12:00:00,2047,5,5,NA,17.8624185419385,21.1053174793841
2047-05-06 12:00:00,2047,5,6,NA,12.4341615610682,23.8033940768444
2047-05-07 12:00:00,2047,5,7,NA,12.2359677944749,25.0654853816195
2047-05-08 12:00:00,2047,5,8,NA,13.1470549177777,19.6848151139646
2047-05-09 12:00:00,2047,5,9,NA,12.5459901628612,21.9403632942882
2047-05-10 12:00:00,2047,5,10,NA,9.72000741568118,22.7118835319217
2047-05-11 12:00:00,2047,5,11,NA,8.44347145828378,21.4894401463596
2047-05-12 12:00:00,2047,5,12,NA,10.7884618642042,20.2939321133639
2047-05-13 12:00:00,2047,5,13,NA,14.5108781530781,22.1054267091816
2047-05-14 12:00:00,2047,5,14,NA,12.9000216192989,25.5095953459862
2047-05-15 12:00:00,2047,5,15,NA,13.6331092004166,26.2527469557867
2047-05-16 12:00:00,2047,5,16,NA,16.6423296171196,30.34118374605
2047-05-17 12:00:00,2047,5,17,NA,13.4050429641582,30.4129962126117
2047-05-18 12:00:00,2047,5,18,NA,14.496364822716,29.1831027439561
2047-05-19 12:00:00,2047,5,19,NA,15.2772804166214,30.1308160728826
2047-05-20 12:00:00,2047,5,20,NA,16.5705314669658,25.8416620574194
2047-05-21 12:00:00,2047,5,21,NA,15.676929613886,23.0636419540998
2047-05-22 12:00:00,2047,5,22,NA,12.5804585951566,26.0697936781377
2047-05-23 12:00:00,2047,5,23,NA,13.9388015707645,31.655604272255
2047-05-24 12:00:00,2047,5,24,NA,17.0508669855206,31.7376049067607
2047-05-25 12:00:00,2047,5,25,NA,17.6723093562256,31.9658550178508
2047-05-26 12:00:00,2047,5,26,NA,17.6972972568966,31.3968109452752
2047-05-27 12:00:00,2047,5,27,NA,18.5783754472263,28.3755179239927
2047-05-28 12:00:00,2047,5,28,NA,16.9927906078144,28.511530688767
2047-05-29 12:00:00,2047,5,29,NA,15.5583080606498,30.2263534917402
2047-05-30 12:00:00,2047,5,30,NA,15.9673437870098,30.9013668398917
2047-05-31 12:00:00,2047,5,31,NA,19.3017400186287,30.1342859710361
2047-06-01 12:00:00,2047,6,1,NA,14.7324277506052,28.9555970263446
2047-06-02 12:00:00,2047,6,2,NA,14.735325107165,28.9657084902903
2047-06-03 12:00:00,2047,6,3,NA,17.176846779338,27.0479768197118
2047-06-04 12:00:00,2047,6,4,NA,18.0876620415582,21.3812815203086
2047-06-05 12:00:00,2047,6,5,NA,16.1942552852797,22.0032065405836
2047-06-06 12:00:00,2047,6,6,NA,17.7685478436514,24.8476236528954
2047-06-07 12:00:00,2047,6,7,NA,18.1911393910895,29.1756049479497
2047-06-08 12:00:00,2047,6,8,NA,18.8634742731407,29.9502458094617
2047-06-09 12:00:00,2047,6,9,NA,19.1443494082659,31.2981294487963
2047-06-10 12:00:00,2047,6,10,NA,17.7989466070157,32.3005664129887
2047-06-11 12:00:00,2047,6,11,NA,19.9297159947552,31.6032702572857
2047-06-12 12:00:00,2047,6,12,NA,21.2470542958223,32.3624127467685
2047-06-13 12:00:00,2047,6,13,NA,21.1294162104945,30.5883385021121
2047-06-14 12:00:00,2047,6,14,NA,20.625989772379,30.604385250217
2047-06-15 12:00:00,2047,6,15,NA,19.9963214145195,31.0972556278488
2047-06-16 12:00:00,2047,6,16,NA,20.0818301442402,29.0239603302971
2047-06-17 12:00:00,2047,6,17,NA,20.5457283981995,25.5880448543031
2047-06-18 12:00:00,2047,6,18,NA,18.3530995039544,28.2012212077329
2047-06-19 12:00:00,2047,6,19,NA,18.3701314988074,32.7306790750454
2047-06-20 12:00:00,2047,6,20,NA,20.6877291130822,26.8472137200752
2047-06-21 12:00:00,2047,6,21,NA,18.6855968887778,29.8579550903446
2047-06-22 12:00:00,2047,6,22,NA,16.875726541323,31.4030373790569
2047-06-23 12:00:00,2047,6,23,NA,19.3951175688595,29.5579505776066
2047-06-24 12:00:00,2047,6,24,NA,20.6151889282737,33.3353364627271
2047-06-25 12:00:00,2047,6,25,NA,21.754830625286,36.7309949328591
2047-06-26 12:00:00,2047,6,26,NA,22.1378164407431,36.2478003606263
2047-06-27 12:00:00,2047,6,27,NA,24.2861839389139,31.3531922624852
2047-06-28 12:00:00,2047,6,28,NA,24.0753250574941,32.1608493007002
2047-06-29 12:00:00,2047,6,29,NA,21.7331464022312,30.7509232867819
2047-06-30 12:00:00,2047,6,30,NA,19.4569604567322,33.0166553559702
2047-07-01 12:00:00,2047,7,1,NA,19.671114599161,32.622135006954
2047-07-02 12:00:00,2047,7,2,NA,21.5318246903487,32.6059745465338
2047-07-03 12:00:00,2047,7,3,NA,23.983303505762,33.5709809662943
2047-07-04 12:00:00,2047,7,4,NA,24.7722058598874,31.5860140351368
2047-07-05 12:00:00,2047,7,5,NA,23.1393429612761,32.6711879691834
2047-07-06 12:00:00,2047,7,6,NA,24.7082201193094,34.3395611691862
2047-07-07 12:00:00,2047,7,7,NA,24.1538732359967,33.4849016954449
2047-07-08 12:00:00,2047,7,8,NA,26.2224065987646,29.1288589610778
2047-07-09 12:00:00,2047,7,9,NA,23.8172379100209,27.7484905625336
2047-07-10 12:00:00,2047,7,10,NA,22.9577845101285,31.7093239606365
2047-07-11 12:00:00,2047,7,11,NA,23.2557314422234,32.0095538437758
2047-07-12 12:00:00,2047,7,12,NA,22.8438071819331,31.6936231205338
2047-07-13 12:00:00,2047,7,13,NA,24.0419546201446,33.960117986272
2047-07-14 12:00:00,2047,7,14,NA,25.0516448599447,30.9652119790915
2047-07-15 12:00:00,2047,7,15,NA,24.2684172598591,32.7034190552758
2047-07-16 12:00:00,2047,7,16,NA,25.1500207818173,33.2163064771698
2047-07-17 12:00:00,2047,7,17,NA,22.04901052578,27.8559393050247
2047-07-18 12:00:00,2047,7,18,NA,21.3423903939236,30.9426506479505
2047-07-19 12:00:00,2047,7,19,NA,21.987044438501,30.9047296271543
2047-07-20 12:00:00,2047,7,20,NA,23.5969911143081,35.5310087805622
2047-07-21 12:00:00,2047,7,21,NA,20.6523805223683,29.3769873274969
2047-07-22 12:00:00,2047,7,22,NA,22.362061123639,27.5956217794547
2047-07-23 12:00:00,2047,7,23,NA,22.9576416031775,31.838080640103
2047-07-24 12:00:00,2047,7,24,NA,22.5204552479325,32.7903253746835
2047-07-25 12:00:00,2047,7,25,NA,22.8712034481583,33.6371118591011
2047-07-26 12:00:00,2047,7,26,NA,23.9562114580614,34.652804437157
2047-07-27 12:00:00,2047,7,27,NA,24.7341663581099,32.128555558907
2047-07-28 12:00:00,2047,7,28,NA,25.8454443290824,33.5456544742175
2047-07-29 12:00:00,2047,7,29,NA,23.4703419377513,31.5898930192443
2047-07-30 12:00:00,2047,7,30,NA,24.6791783955255,28.2562059265122
2047-07-31 12:00:00,2047,7,31,NA,24.8730652236696,29.9377214056857
2047-08-01 12:00:00,2047,8,1,NA,25.2369978442717,34.6541862562863
2047-08-02 12:00:00,2047,8,2,NA,25.7971962987128,33.5440656641512
2047-08-03 12:00:00,2047,8,3,NA,23.6987522625342,32.6327666677114
2047-08-04 12:00:00,2047,8,4,NA,24.7959197496289,33.4368326629828
2047-08-05 12:00:00,2047,8,5,NA,24.4436194430654,32.4642739029191
2047-08-06 12:00:00,2047,8,6,NA,25.2092499570212,35.7845815074866
2047-08-07 12:00:00,2047,8,7,NA,29.0206958785954,33.6713317402718
2047-08-08 12:00:00,2047,8,8,NA,28.5292806341447,31.3092078777932
2047-08-09 12:00:00,2047,8,9,NA,27.763066171438,33.6342234306673
2047-08-10 12:00:00,2047,8,10,NA,25.7879389083881,35.2009430292353
2047-08-11 12:00:00,2047,8,11,NA,26.2203877731313,31.8806111092788
2047-08-12 12:00:00,2047,8,12,NA,25.6176358477555,30.8484403053629
2047-08-13 12:00:00,2047,8,13,NA,25.3264836965226,34.3035501715675
2047-08-14 12:00:00,2047,8,14,NA,26.500836129248,36.0973304655642
2047-08-15 12:00:00,2047,8,15,NA,25.8490427335844,38.3308953208583
2047-08-16 12:00:00,2047,8,16,NA,27.7075157579008,36.3799455714567
2047-08-17 12:00:00,2047,8,17,NA,27.9262012945172,35.2499180558812
2047-08-18 12:00:00,2047,8,18,NA,27.7401904414813,35.3477377864452
2047-08-19 12:00:00,2047,8,19,NA,25.963840999976,36.0590303556498
2047-08-20 12:00:00,2047,8,20,NA,24.8686470698624,35.4278083667959
2047-08-21 12:00:00,2047,8,21,NA,25.2668019481075,35.3491253607139
2047-08-22 12:00:00,2047,8,22,NA,25.0906159184519,30.8614752340868
2047-08-23 12:00:00,2047,8,23,NA,25.9127942869152,34.0998823764799
2047-08-24 12:00:00,2047,8,24,NA,25.6651874728778,33.8581598911873
2047-08-25 12:00:00,2047,8,25,NA,25.8681998467142,34.305734098658
2047-08-26 12:00:00,2047,8,26,NA,22.2134253237088,26.1195324574303
2047-08-27 12:00:00,2047,8,27,NA,20.319556265561,30.9929059211027
2047-08-28 12:00:00,2047,8,28,NA,18.1674567422021,27.1434842647168
2047-08-29 12:00:00,2047,8,29,NA,20.1132217039662,29.2158468898414
2047-08-30 12:00:00,2047,8,30,NA,20.3970157949272,30.9615630261621
2047-08-31 12:00:00,2047,8,31,NA,22.2338906745981,29.7654102832726
2047-09-01 12:00:00,2047,9,1,NA,23.2585725767847,31.9320352033409
2047-09-02 12:00:00,2047,9,2,NA,21.856345688206,27.425369403
2047-09-03 12:00:00,2047,9,3,NA,17.9588114636059,26.5039094608399
2047-09-04 12:00:00,2047,9,4,NA,19.5876025577677,27.2554876831151
2047-09-05 12:00:00,2047,9,5,NA,18.157329961758,29.9706540501333
2047-09-06 12:00:00,2047,9,6,NA,19.2010731211865,30.1356505602304
2047-09-07 12:00:00,2047,9,7,NA,20.1949885819659,32.3517633965112
2047-09-08 12:00:00,2047,9,8,NA,20.2376817850445,34.0254247494637
2047-09-09 12:00:00,2047,9,9,NA,20.6734497658509,34.0900055367581
2047-09-10 12:00:00,2047,9,10,NA,19.493289435369,33.6868812442811
2047-09-11 12:00:00,2047,9,11,NA,20.940442356862,31.3394479350203
2047-09-12 12:00:00,2047,9,12,NA,21.6520136338647,29.8264985648171
2047-09-13 12:00:00,2047,9,13,NA,20.0991989744185,29.7241212394785
2047-09-14 12:00:00,2047,9,14,NA,13.7717875668294,23.3925560536157
2047-09-15 12:00:00,2047,9,15,NA,12.3425164017127,23.9704813404681
2047-09-16 12:00:00,2047,9,16,NA,16.5081626454953,22.103373689282
2047-09-17 12:00:00,2047,9,17,NA,16.389302342613,25.9859051593843
2047-09-18 12:00:00,2047,9,18,NA,16.6875406003893,25.3109469079516
2047-09-19 12:00:00,2047,9,19,NA,16.129169167787,25.7116102106706
2047-09-20 12:00:00,2047,9,20,NA,18.9363897753124,22.6748517821811
2047-09-21 12:00:00,2047,9,21,NA,22.9682440749595,23.9290419670268
2047-09-22 12:00:00,2047,9,22,NA,20.1030413325383,21.9699705460578
2047-09-23 12:00:00,2047,9,23,NA,14.6648373460239,25.5118730144217
2047-09-24 12:00:00,2047,9,24,NA,14.0749591255854,27.0328232858823
2047-09-25 12:00:00,2047,9,25,NA,16.6739564791613,26.2599353730505
2047-09-26 12:00:00,2047,9,26,NA,16.9957249549278,28.5569558074835
2047-09-27 12:00:00,2047,9,27,NA,17.4046709539096,27.9874519969238
2047-09-28 12:00:00,2047,9,28,NA,18.5703362055551,27.5372642833712
2047-09-29 12:00:00,2047,9,29,NA,17.7499729667746,25.4171214312993
2047-09-30 12:00:00,2047,9,30,NA,17.662014759981,24.2911502139014
2047-10-01 12:00:00,2047,10,1,NA,12.907848684098,19.9509164721736
2047-10-02 12:00:00,2047,10,2,NA,9.30836093638822,22.7283788166987
2047-10-03 12:00:00,2047,10,3,NA,9.70238750888665,24.1793653654447
2047-10-04 12:00:00,2047,10,4,NA,10.6018998997105,25.1388957765861
2047-10-05 12:00:00,2047,10,5,NA,7.1619554278124,21.8751872262641
2047-10-06 12:00:00,2047,10,6,NA,8.18898365254643,20.4260745897765
2047-10-07 12:00:00,2047,10,7,NA,11.3879425509756,28.123327354387
2047-10-08 12:00:00,2047,10,8,NA,9.43295791625521,20.7252205656872
2047-10-09 12:00:00,2047,10,9,NA,9.87694747651488,22.7548589266135
2047-10-10 12:00:00,2047,10,10,NA,13.8098866220263,27.150723818327
2047-10-11 12:00:00,2047,10,11,NA,12.555686040938,26.0801215506118
2047-10-12 12:00:00,2047,10,12,NA,12.292779779825,27.8706249790939
2047-10-13 12:00:00,2047,10,13,NA,10.0933463949186,24.83875360231
2047-10-14 12:00:00,2047,10,14,NA,12.5089358573997,24.5094565092973
2047-10-15 12:00:00,2047,10,15,NA,13.9677324122504,26.1184622934563
2047-10-16 12:00:00,2047,10,16,NA,13.9143759484642,29.0106429189925
2047-10-17 12:00:00,2047,10,17,NA,16.3283734967533,26.246041171678
2047-10-18 12:00:00,2047,10,18,NA,13.6923213710088,23.9529074666784
2047-10-19 12:00:00,2047,10,19,NA,12.1397974748445,23.9918030033214
2047-10-20 12:00:00,2047,10,20,NA,14.2598480530687,25.851695844163
2047-10-21 12:00:00,2047,10,21,NA,13.7120539577985,26.1234834221535
2047-10-22 12:00:00,2047,10,22,NA,14.5984891910197,25.2899435515142
2047-10-23 12:00:00,2047,10,23,NA,12.3699188996243,26.8468967561823
2047-10-24 12:00:00,2047,10,24,NA,11.9025856147266,25.9373290685615
2047-10-25 12:00:00,2047,10,25,NA,11.5606488122097,21.4319558605094
2047-10-26 12:00:00,2047,10,26,NA,9.81239507345443,21.9315939999845
2047-10-27 12:00:00,2047,10,27,NA,7.53254493985872,21.1578063772391
2047-10-28 12:00:00,2047,10,28,NA,6.91074645091171,25.3160263550355
2047-10-29 12:00:00,2047,10,29,NA,8.28325441466483,23.4438962491624
2047-10-30 12:00:00,2047,10,30,NA,9.60072592729149,23.4366202265808
2047-10-31 12:00:00,2047,10,31,NA,8.60724676999892,21.5538352358517
2047-11-01 12:00:00,2047,11,1,NA,8.27839631060399,22.0062243083695
2047-11-02 12:00:00,2047,11,2,NA,10.7211529847768,19.6001417161939
2047-11-03 12:00:00,2047,11,3,NA,9.2453686320259,17.2227369667829
2047-11-04 12:00:00,2047,11,4,NA,6.7229798267144,20.453098723727
2047-11-05 12:00:00,2047,11,5,NA,12.5429165310544,24.2614888433819
2047-11-06 12:00:00,2047,11,6,NA,10.3828562143077,16.6038461826751
2047-11-07 12:00:00,2047,11,7,NA,5.52647959595189,15.8909992328781
2047-11-08 12:00:00,2047,11,8,NA,10.5523053043307,15.2686100242244
2047-11-09 12:00:00,2047,11,9,NA,6.13041811688142,19.3209939345299
2047-11-10 12:00:00,2047,11,10,NA,6.12250690000157,21.3076046245377
2047-11-11 12:00:00,2047,11,11,NA,9.11403418276674,18.0895533998786
2047-11-12 12:00:00,2047,11,12,NA,7.72143857300065,15.377306864337
2047-11-13 12:00:00,2047,11,13,NA,4.62264026006407,16.7088077474972
2047-11-14 12:00:00,2047,11,14,NA,7.36009376079503,10.4217243677171
2047-11-15 12:00:00,2047,11,15,NA,4.0465275353133,7.14409473993275
2047-11-16 12:00:00,2047,11,16,NA,2.73247773370246,14.0960544649621
2047-11-17 12:00:00,2047,11,17,NA,2.56165552112093,17.0326683031099
2047-11-18 12:00:00,2047,11,18,NA,3.30450666054047,18.8344138562168
2047-11-19 12:00:00,2047,11,19,NA,6.66126860414569,19.1032831575854
2047-11-20 12:00:00,2047,11,20,NA,5.73196707455179,21.1659550390886
2047-11-21 12:00:00,2047,11,21,NA,8.5195575283744,24.4191072287091
2047-11-22 12:00:00,2047,11,22,NA,9.54260206242856,19.8121941928488
2047-11-23 12:00:00,2047,11,23,NA,8.02716457034289,20.8504380969963
2047-11-24 12:00:00,2047,11,24,NA,6.630987076772,20.088516240839
2047-11-25 12:00:00,2047,11,25,NA,11.6616228334129,17.850407019002
2047-11-26 12:00:00,2047,11,26,NA,6.48944185392786,13.7440574761782
2047-11-27 12:00:00,2047,11,27,NA,0.77964296542427,6.95945335712215
2047-11-28 12:00:00,2047,11,28,NA,-0.527672689586019,8.99735163283683
2047-11-29 12:00:00,2047,11,29,NA,-1.70724767726667,12.5358891338271
2047-11-30 12:00:00,2047,11,30,NA,0.901504023847094,9.9312244495193
2047-12-01 12:00:00,2047,12,1,NA,-1.07494663851857,9.35712338747338
2047-12-02 12:00:00,2047,12,2,NA,-0.457039224600835,5.17929404442759
2047-12-03 12:00:00,2047,12,3,NA,-2.74246298211014,7.40159656854937
2047-12-04 12:00:00,2047,12,4,NA,-2.08121797415097,8.40223543495402
2047-12-05 12:00:00,2047,12,5,NA,-0.636533219494449,12.6092021440765
2047-12-06 12:00:00,2047,12,6,NA,0.364713920285694,9.52974527141196
2047-12-07 12:00:00,2047,12,7,NA,1.79540894646742,8.36671818463485
2047-12-08 12:00:00,2047,12,8,NA,-0.538828735495814,8.90766843961234
2047-12-09 12:00:00,2047,12,9,NA,-3.04293428533466,12.5020895965798
2047-12-10 12:00:00,2047,12,10,NA,-4.08099645173374,11.3134062191145
2047-12-11 12:00:00,2047,12,11,NA,0.151224842530307,9.35974338951001
2047-12-12 12:00:00,2047,12,12,NA,-0.857283543312367,10.9834458859583
2047-12-13 12:00:00,2047,12,13,NA,0.0295086250874137,11.6451882609375
2047-12-14 12:00:00,2047,12,14,NA,-0.9246070674746,10.3894703712153
2047-12-15 12:00:00,2047,12,15,NA,-2.30732437571212,4.98376727635753
2047-12-16 12:00:00,2047,12,16,NA,-5.42855111983465,1.10612845074832
2047-12-17 12:00:00,2047,12,17,NA,-2.28231003073994,8.55086308746575
2047-12-18 12:00:00,2047,12,18,NA,-6.78945533692484,-2.34036918113984
2047-12-19 12:00:00,2047,12,19,NA,-6.60150927715841,4.6530334327069
2047-12-20 12:00:00,2047,12,20,NA,-18.8039138201497,0.782437440198112
2047-12-21 12:00:00,2047,12,21,NA,-1.89123792984161,10.2251863476638
2047-12-22 12:00:00,2047,12,22,NA,-3.34355410822163,7.5477137379025
2047-12-23 12:00:00,2047,12,23,NA,-5.05913216932399,2.02398647141951
2047-12-24 12:00:00,2047,12,24,NA,-2.28392189429432,5.26648388871865
2047-12-25 12:00:00,2047,12,25,NA,-1.12170517312737,9.81407227639463
2047-12-26 12:00:00,2047,12,26,NA,1.90837387642066,14.0393175327505
2047-12-27 12:00:00,2047,12,27,NA,-0.546770387090154,12.7486403759529
2047-12-28 12:00:00,2047,12,28,NA,1.56435542552744,14.3989834654761
2047-12-29 12:00:00,2047,12,29,NA,2.05752183258246,12.2910080501632
2047-12-30 12:00:00,2047,12,30,NA,-0.300440982402003,6.77621483118625
2047-12-31 12:00:00,2047,12,31,NA,-1.84258067331527,3.7215868687008
2048-01-01 12:00:00,2048,1,1,NA,-2.55029079504595,7.18134008146907
2048-01-02 12:00:00,2048,1,2,NA,-0.686502124555113,5.80293988223868
2048-01-03 12:00:00,2048,1,3,NA,4.06315081047702,7.50726748050224
2048-01-04 12:00:00,2048,1,4,NA,-1.70853526374774,0.809788204309628
2048-01-05 12:00:00,2048,1,5,NA,-0.723624338427098,6.48086626726513
2048-01-06 12:00:00,2048,1,6,NA,-2.02928624400594,9.31361619995029
2048-01-07 12:00:00,2048,1,7,NA,-2.22229916463625,9.66409054534287
2048-01-08 12:00:00,2048,1,8,NA,-2.72547096182193,8.70020483008723
2048-01-09 12:00:00,2048,1,9,NA,-1.1180157995078,10.9292582641694
2048-01-10 12:00:00,2048,1,10,NA,1.21663137098292,12.2500646752139
2048-01-11 12:00:00,2048,1,11,NA,1.5963550112222,12.6297883154532
2048-01-12 12:00:00,2048,1,12,NA,3.69080913758568,4.88974489158424
2048-01-13 12:00:00,2048,1,13,NA,0.0888438216992032,1.28777957569776
2048-01-14 12:00:00,2048,1,14,NA,-2.29031527268465,0.690421014679302
2048-01-15 12:00:00,2048,1,15,NA,-0.624984482786425,8.63930239084586
2048-01-16 12:00:00,2048,1,16,NA,-0.0590909137529283,6.71721606629542
2048-01-17 12:00:00,2048,1,17,NA,0.857811717471187,3.41577761883061
2048-01-18 12:00:00,2048,1,18,NA,-2.78011197348569,1.82113781877976
2048-01-19 12:00:00,2048,1,19,NA,-5.83897315927539,0.131702483733781
2048-01-20 12:00:00,2048,1,20,NA,-5.28147761351899,4.86544597298188
2048-01-21 12:00:00,2048,1,21,NA,-2.91594534621017,6.91416920534819
2048-01-22 12:00:00,2048,1,22,NA,-2.44336235882112,4.63268051601995
2048-01-23 12:00:00,2048,1,23,NA,-2.89599924875465,7.48107227796438
2048-01-24 12:00:00,2048,1,24,NA,-4.97850002402092,9.1022258872513
2048-01-25 12:00:00,2048,1,25,NA,-4.52574659482235,3.71826925719917
2048-01-26 12:00:00,2048,1,26,NA,-4.0211695320617,3.18231055274803
2048-01-27 12:00:00,2048,1,27,NA,-6.59643111649042,7.87259761463336
2048-01-28 12:00:00,2048,1,28,NA,-1.01199222328133,6.55011696040608
2048-01-29 12:00:00,2048,1,29,NA,2.53188663957069,10.0179463508581
2048-01-30 12:00:00,2048,1,30,NA,-2.46161096650501,2.56905745369327
2048-01-31 12:00:00,2048,1,31,NA,-5.71091626434669,1.67431357241059
2048-02-01 12:00:00,2048,2,1,NA,-2.06339757883293,10.8984896678847
2048-02-02 12:00:00,2048,2,2,NA,-1.9068391742573,9.92278731850339
2048-02-03 12:00:00,2048,2,3,NA,2.41251079519912,16.6243545551299
2048-02-04 12:00:00,2048,2,4,NA,3.81804409174244,18.8056939466602
2048-02-05 12:00:00,2048,2,5,NA,4.38406318367312,15.8902848742101
2048-02-06 12:00:00,2048,2,6,NA,5.02931697233497,11.5913423878325
2048-02-07 12:00:00,2048,2,7,NA,3.33412692265832,7.52632549019901
2048-02-08 12:00:00,2048,2,8,NA,5.72626143867882,14.0063747967744
2048-02-09 12:00:00,2048,2,9,NA,7.8525794955108,16.4326639576
2048-02-10 12:00:00,2048,2,10,NA,4.79319585561985,8.94466724857444
2048-02-11 12:00:00,2048,2,11,NA,3.38394567635776,8.24945743353197
2048-02-12 12:00:00,2048,2,12,NA,-0.57144938295013,8.08667437729194
2048-02-13 12:00:00,2048,2,13,NA,-1.31796496868625,6.72660221167351
2048-02-14 12:00:00,2048,2,14,NA,-2.60820119427674,7.96419073862493
2048-02-15 12:00:00,2048,2,15,NA,-5.79865167087538,5.64937119125754
2048-02-16 12:00:00,2048,2,16,NA,-6.18158680410527,11.5751945785603
2048-02-17 12:00:00,2048,2,17,NA,-2.12859260870198,10.705678345999
2048-02-18 12:00:00,2048,2,18,NA,-1.96888849050765,2.57516503715379
2048-02-19 12:00:00,2048,2,19,NA,-2.17892661891852,9.98324931019609
2048-02-20 12:00:00,2048,2,20,NA,2.7347829567269,13.9715901963003
2048-02-21 12:00:00,2048,2,21,NA,0.158938404361717,11.9571338354753
2048-02-22 12:00:00,2048,2,22,NA,-2.5714595125632,12.5754436385907
2048-02-23 12:00:00,2048,2,23,NA,1.50058280165418,16.9767830440028
2048-02-24 12:00:00,2048,2,24,NA,3.82917071083229,14.5852240578077
2048-02-25 12:00:00,2048,2,25,NA,0.96327828102314,11.4121307049787
2048-02-26 12:00:00,2048,2,26,NA,0.673256744665845,14.4230197881607
2048-02-27 12:00:00,2048,2,27,NA,2.94542960236096,13.6432191525296
2048-02-28 12:00:00,2048,2,28,NA,4.48739254421792,11.7697978619247
2048-02-29 12:00:00,2048,2,29,NA,2.33946121875721,13.1005796748343
2048-03-01 12:00:00,2048,3,1,NA,2.39356282702292,12.0623375064725
2048-03-02 12:00:00,2048,3,2,NA,3.18328167345511,11.095681757021
2048-03-03 12:00:00,2048,3,3,NA,2.70489567995965,14.8900820554488
2048-03-04 12:00:00,2048,3,4,NA,-2.54769868423666,6.84219096499002
2048-03-05 12:00:00,2048,3,5,NA,-0.395600491755899,13.8050869549476
2048-03-06 12:00:00,2048,3,6,NA,-0.0645021634017713,17.2535034428513
2048-03-07 12:00:00,2048,3,7,NA,0.427048880887854,16.6172825872231
2048-03-08 12:00:00,2048,3,8,NA,1.19440306854353,19.2323893764843
2048-03-09 12:00:00,2048,3,9,NA,0.244782479612939,17.3218442571567
2048-03-10 12:00:00,2048,3,10,NA,1.45948253715537,16.7876215608221
2048-03-11 12:00:00,2048,3,11,NA,2.38563577422261,18.0154658681151
2048-03-12 12:00:00,2048,3,12,NA,2.34458890472908,9.14487587812929
2048-03-13 12:00:00,2048,3,13,NA,2.51578871598098,8.51385584818737
2048-03-14 12:00:00,2048,3,14,NA,1.38327968099128,17.3005954902691
2048-03-15 12:00:00,2048,3,15,NA,3.80227311708015,18.7619403067274
2048-03-16 12:00:00,2048,3,16,NA,6.23797941705673,13.3123384317358
2048-03-17 12:00:00,2048,3,17,NA,6.18457664372978,17.4780434247823
2048-03-18 12:00:00,2048,3,18,NA,2.64544876466039,18.086793112547
2048-03-19 12:00:00,2048,3,19,NA,1.21026719986945,10.5628043157757
2048-03-20 12:00:00,2048,3,20,NA,0.405631950818753,16.6826269544428
2048-03-21 12:00:00,2048,3,21,NA,0.945338308602585,18.2215101167715
2048-03-22 12:00:00,2048,3,22,NA,-1.81075919591309,12.3225571628503
2048-03-23 12:00:00,2048,3,23,NA,2.90418533238849,14.8116324821229
2048-03-24 12:00:00,2048,3,24,NA,4.09380032126994,18.1057228180449
2048-03-25 12:00:00,2048,3,25,NA,3.05624487467222,15.995214456768
2048-03-26 12:00:00,2048,3,26,NA,6.98423487649904,20.2599150367657
2048-03-27 12:00:00,2048,3,27,NA,8.07579844740053,18.4014018274994
2048-03-28 12:00:00,2048,3,28,NA,8.38004305729936,21.172929076735
2048-03-29 12:00:00,2048,3,29,NA,5.31908822623253,12.0997651581376
2048-03-30 12:00:00,2048,3,30,NA,4.25748765623401,10.362358713499
2048-03-31 12:00:00,2048,3,31,NA,3.115969478407,7.22372292880522
2048-04-01 12:00:00,2048,4,1,NA,3.89992395502814,11.3216160416153
2048-04-02 12:00:00,2048,4,2,NA,4.57550676351392,17.9952396915912
2048-04-03 12:00:00,2048,4,3,NA,3.62773817845429,20.1401336599777
2048-04-04 12:00:00,2048,4,4,NA,7.65242390799602,18.456576433162
2048-04-05 12:00:00,2048,4,5,NA,4.77903564429691,18.2795989207881
2048-04-06 12:00:00,2048,4,6,NA,8.44266360063474,22.8402538615204
2048-04-07 12:00:00,2048,4,7,NA,6.21280446514202,18.669244930422
2048-04-08 12:00:00,2048,4,8,NA,8.51321616637005,16.3712858322014
2048-04-09 12:00:00,2048,4,9,NA,8.81119803524815,23.342431223161
2048-04-10 12:00:00,2048,4,10,NA,7.41682326340442,16.7343023181897
2048-04-11 12:00:00,2048,4,11,NA,5.28567325540557,12.8548869892299
2048-04-12 12:00:00,2048,4,12,NA,2.36702354211923,21.0981166383359
2048-04-13 12:00:00,2048,4,13,NA,7.14079441850453,22.404085181685
2048-04-14 12:00:00,2048,4,14,NA,5.59837326417479,20.8454348499778
2048-04-15 12:00:00,2048,4,15,NA,4.79483044346499,18.7759215913624
2048-04-16 12:00:00,2048,4,16,NA,3.61314830907939,18.3494369198212
2048-04-17 12:00:00,2048,4,17,NA,6.12957733328476,13.800481290227
2048-04-18 12:00:00,2048,4,18,NA,8.00237239307586,15.2075016674504
2048-04-19 12:00:00,2048,4,19,NA,4.72165938881737,15.0291667617364
2048-04-20 12:00:00,2048,4,20,NA,5.34461268309063,16.1741689311482
2048-04-21 12:00:00,2048,4,21,NA,5.33817386378418,23.176008346488
2048-04-22 12:00:00,2048,4,22,NA,7.72323146487631,26.7465998012231
2048-04-23 12:00:00,2048,4,23,NA,7.54206099241129,25.864986070824
2048-04-24 12:00:00,2048,4,24,NA,7.49473935420584,20.2802276905842
2048-04-25 12:00:00,2048,4,25,NA,5.45048303873332,23.1341732687217
2048-04-26 12:00:00,2048,4,26,NA,7.01393970803988,19.9058165130322
2048-04-27 12:00:00,2048,4,27,NA,3.76616158996728,16.2518349680961
2048-04-28 12:00:00,2048,4,28,NA,5.51914935399272,18.9080838338098
2048-04-29 12:00:00,2048,4,29,NA,8.10353899997544,18.9608657227885
2048-04-30 12:00:00,2048,4,30,NA,2.95835773021237,21.7775583117572
2048-05-01 12:00:00,2048,5,1,NA,5.70682128067588,23.5560110407004
2048-05-02 12:00:00,2048,5,2,NA,9.09535208804289,25.8686088970871
2048-05-03 12:00:00,2048,5,3,NA,8.18382975158362,24.324576820765
2048-05-04 12:00:00,2048,5,4,NA,9.85895843844077,27.303051159431
2048-05-05 12:00:00,2048,5,5,NA,10.878111631515,26.4543201863532
2048-05-06 12:00:00,2048,5,6,NA,11.0490252423793,26.744473157875
2048-05-07 12:00:00,2048,5,7,NA,12.3619087438128,27.7553354112557
2048-05-08 12:00:00,2048,5,8,NA,12.090129331813,27.276076795942
2048-05-09 12:00:00,2048,5,9,NA,13.4461555445304,30.1140802400034
2048-05-10 12:00:00,2048,5,10,NA,14.6792810847361,29.3591784394426
2048-05-11 12:00:00,2048,5,11,NA,17.3256902753052,26.0080197437636
2048-05-12 12:00:00,2048,5,12,NA,13.7721507216904,26.4254008966036
2048-05-13 12:00:00,2048,5,13,NA,13.3323510709583,28.0864357419621
2048-05-14 12:00:00,2048,5,14,NA,16.0291818903214,29.4155680126411
2048-05-15 12:00:00,2048,5,15,NA,21.8982086130539,27.4156377793146
2048-05-16 12:00:00,2048,5,16,NA,20.1641977815898,25.5505164198695
2048-05-17 12:00:00,2048,5,17,NA,18.2810273733768,29.4139282803409
2048-05-18 12:00:00,2048,5,18,NA,14.1716049555302,26.2245772203621
2048-05-19 12:00:00,2048,5,19,NA,12.8295062391379,26.103319191357
2048-05-20 12:00:00,2048,5,20,NA,15.6952448788603,28.8517459903577
2048-05-21 12:00:00,2048,5,21,NA,15.6666808851805,30.4661634996558
2048-05-22 12:00:00,2048,5,22,NA,17.4404751619963,28.2730211144037
2048-05-23 12:00:00,2048,5,23,NA,14.089436369332,21.6839849254355
2048-05-24 12:00:00,2048,5,24,NA,13.1191882915475,25.6649992325397
2048-05-25 12:00:00,2048,5,25,NA,12.074160227955,24.7274104028682
2048-05-26 12:00:00,2048,5,26,NA,12.9469622554163,24.4657023363689
2048-05-27 12:00:00,2048,5,27,NA,15.3836375188137,22.2365574073709
2048-05-28 12:00:00,2048,5,28,NA,13.6213888425352,23.0974266764209
2048-05-29 12:00:00,2048,5,29,NA,15.3368322381777,22.0015799684889
2048-05-30 12:00:00,2048,5,30,NA,12.6110028979337,26.1604327044896
2048-05-31 12:00:00,2048,5,31,NA,12.5059657693176,28.4245198993811
2048-06-01 12:00:00,2048,6,1,NA,14.339981355466,33.161818154182
2048-06-02 12:00:00,2048,6,2,NA,14.809376797361,31.1190981442667
2048-06-03 12:00:00,2048,6,3,NA,16.0229827224225,30.5822299374369
2048-06-04 12:00:00,2048,6,4,NA,16.3967248236554,29.372968497314
2048-06-05 12:00:00,2048,6,5,NA,18.6674699624281,28.4184176578504
2048-06-06 12:00:00,2048,6,6,NA,18.907182887919,31.592453520936
2048-06-07 12:00:00,2048,6,7,NA,20.5658723881262,29.6047415495394
2048-06-08 12:00:00,2048,6,8,NA,19.4809310856009,30.6041383968278
2048-06-09 12:00:00,2048,6,9,NA,19.2008661866206,34.3078308099113
2048-06-10 12:00:00,2048,6,10,NA,21.4368983470885,30.168573024764
2048-06-11 12:00:00,2048,6,11,NA,24.4068341544998,26.6403062798479
2048-06-12 12:00:00,2048,6,12,NA,22.350998175519,29.3958580160962
2048-06-13 12:00:00,2048,6,13,NA,24.0499257877225,28.1056920206923
2048-06-14 12:00:00,2048,6,14,NA,20.7184732455742,32.8077632907504
2048-06-15 12:00:00,2048,6,15,NA,22.8211127336425,31.0773755382506
2048-06-16 12:00:00,2048,6,16,NA,21.5799339272921,32.0347304960993
2048-06-17 12:00:00,2048,6,17,NA,22.62453383373,32.3115049782601
2048-06-18 12:00:00,2048,6,18,NA,22.8761174475924,32.8091480723115
2048-06-19 12:00:00,2048,6,19,NA,22.7185871550668,31.7214553094968
2048-06-20 12:00:00,2048,6,20,NA,22.1947583094395,29.87253301069
2048-06-21 12:00:00,2048,6,21,NA,20.0323973068922,29.1352395756764
2048-06-22 12:00:00,2048,6,22,NA,19.7395152267468,30.8620225129299
2048-06-23 12:00:00,2048,6,23,NA,19.3390910514187,29.876821506316
2048-06-24 12:00:00,2048,6,24,NA,19.8028419995764,27.974560162508
2048-06-25 12:00:00,2048,6,25,NA,19.2204646992554,30.9733751161847
2048-06-26 12:00:00,2048,6,26,NA,19.0502643301305,31.9106908496415
2048-06-27 12:00:00,2048,6,27,NA,19.8842382871917,33.2988809344547
2048-06-28 12:00:00,2048,6,28,NA,19.6731370795196,34.5847701089066
2048-06-29 12:00:00,2048,6,29,NA,21.6167512177835,31.4645720860876
2048-06-30 12:00:00,2048,6,30,NA,20.3920650381111,32.5113647412078
2048-07-01 12:00:00,2048,7,1,NA,20.1124707781828,34.4238408760484
2048-07-02 12:00:00,2048,7,2,NA,19.6542469537519,26.699106794329
2048-07-03 12:00:00,2048,7,3,NA,20.1896299780356,26.0415940218026
2048-07-04 12:00:00,2048,7,4,NA,18.5560091977389,28.007766565227
2048-07-05 12:00:00,2048,7,5,NA,19.4299503566025,28.9874758345338
2048-07-06 12:00:00,2048,7,6,NA,19.7295691919736,22.8010955002647
2048-07-07 12:00:00,2048,7,7,NA,19.2208911130035,21.6496102331227
2048-07-08 12:00:00,2048,7,8,NA,13.9191951674111,26.2943230435706
2048-07-09 12:00:00,2048,7,9,NA,15.6823010047279,27.5223056685717
2048-07-10 12:00:00,2048,7,10,NA,16.6780859322531,30.6131469572115
2048-07-11 12:00:00,2048,7,11,NA,19.7361905521944,30.1260238258218
2048-07-12 12:00:00,2048,7,12,NA,12.9970534756253,27.8577309337639
2048-07-13 12:00:00,2048,7,13,NA,19.1031021537088,30.9544056240031
2048-07-14 12:00:00,2048,7,14,NA,18.6355253453431,32.9126840545146
2048-07-15 12:00:00,2048,7,15,NA,22.893916820029,33.0381062058833
2048-07-16 12:00:00,2048,7,16,NA,23.4076890134776,31.9193562811604
2048-07-17 12:00:00,2048,7,17,NA,24.0743843243527,34.2142417820452
2048-07-18 12:00:00,2048,7,18,NA,26.0718409563247,35.6477620815443
2048-07-19 12:00:00,2048,7,19,NA,26.0872412385816,35.6595102207781
2048-07-20 12:00:00,2048,7,20,NA,26.9321534782632,33.1322039490163
2048-07-21 12:00:00,2048,7,21,NA,25.2421267165262,35.0823794293564
2048-07-22 12:00:00,2048,7,22,NA,25.4613971501678,35.4867551771239
2048-07-23 12:00:00,2048,7,23,NA,25.3694033295616,34.9570807900939
2048-07-24 12:00:00,2048,7,24,NA,26.1856263489091,33.9172519712878
2048-07-25 12:00:00,2048,7,25,NA,25.7285346697774,32.2561405865568
2048-07-26 12:00:00,2048,7,26,NA,24.2577060513296,33.7898212928834
2048-07-27 12:00:00,2048,7,27,NA,25.0577918221693,35.2790649685151
2048-07-28 12:00:00,2048,7,28,NA,25.4367616220618,36.8644380031152
2048-07-29 12:00:00,2048,7,29,NA,26.2216609141774,36.8907362302709
2048-07-30 12:00:00,2048,7,30,NA,26.36295404117,37.3769340696838
2048-07-31 12:00:00,2048,7,31,NA,27.1049758420258,34.1584865681072
2048-08-01 12:00:00,2048,8,1,NA,26.0505696962799,32.872419716766
2048-08-02 12:00:00,2048,8,2,NA,22.9773702313052,32.9945300792952
2048-08-03 12:00:00,2048,8,3,NA,23.5609430750255,32.1988490913397
2048-08-04 12:00:00,2048,8,4,NA,24.2162901925287,31.9141240506241
2048-08-05 12:00:00,2048,8,5,NA,22.5583448912223,31.4465975573386
2048-08-06 12:00:00,2048,8,6,NA,24.2438848801493,33.6067395069313
2048-08-07 12:00:00,2048,8,7,NA,23.4091611079682,34.8397234779913
2048-08-08 12:00:00,2048,8,8,NA,23.4171327903416,32.0768019213053
2048-08-09 12:00:00,2048,8,9,NA,21.7803889222664,29.483041702727
2048-08-10 12:00:00,2048,8,10,NA,22.6844775109427,31.1311172150875
2048-08-11 12:00:00,2048,8,11,NA,20.2650193061385,26.3016459903445
2048-08-12 12:00:00,2048,8,12,NA,21.3402066810985,30.2489603354249
2048-08-13 12:00:00,2048,8,13,NA,21.3816006410076,32.7722763344735
2048-08-14 12:00:00,2048,8,14,NA,22.8547981496262,32.8305384225047
2048-08-15 12:00:00,2048,8,15,NA,23.3669267500593,34.7576024435252
2048-08-16 12:00:00,2048,8,16,NA,25.2726980200484,31.9959043116086
2048-08-17 12:00:00,2048,8,17,NA,23.4694768097045,30.9678655105716
2048-08-18 12:00:00,2048,8,18,NA,23.1983340023335,31.2682634631217
2048-08-19 12:00:00,2048,8,19,NA,25.6511344112845,32.3707035938363
2048-08-20 12:00:00,2048,8,20,NA,27.4302798156947,32.3481520669597
2048-08-21 12:00:00,2048,8,21,NA,26.8784350563041,29.5529946181542
2048-08-22 12:00:00,2048,8,22,NA,23.2898040679855,30.5998526980347
2048-08-23 12:00:00,2048,8,23,NA,25.4253970422988,28.0469818457527
2048-08-24 12:00:00,2048,8,24,NA,23.5998829951957,27.9319248244663
2048-08-25 12:00:00,2048,8,25,NA,17.3646810711904,26.9023858452271
2048-08-26 12:00:00,2048,8,26,NA,19.427378382132,25.790225207223
2048-08-27 12:00:00,2048,8,27,NA,20.6113668430359,28.3074614263111
2048-08-28 12:00:00,2048,8,28,NA,21.4808608478814,30.4601163019036
2048-08-29 12:00:00,2048,8,29,NA,17.2765181647486,26.40800908402
2048-08-30 12:00:00,2048,8,30,NA,19.3142089560146,29.2179975678398
2048-08-31 12:00:00,2048,8,31,NA,21.8839111430591,29.4901837944503
2048-09-01 12:00:00,2048,9,1,NA,21.0964488202104,25.8933641442033
2048-09-02 12:00:00,2048,9,2,NA,21.6355389625518,29.9383571372661
2048-09-03 12:00:00,2048,9,3,NA,18.3659579024568,29.7248082581682
2048-09-04 12:00:00,2048,9,4,NA,18.8508860137078,32.638628978127
2048-09-05 12:00:00,2048,9,5,NA,23.7770357572288,34.8261910746619
2048-09-06 12:00:00,2048,9,6,NA,22.9397991650065,25.9251562547204
2048-09-07 12:00:00,2048,9,7,NA,21.2489004960302,29.7924156644525
2048-09-08 12:00:00,2048,9,8,NA,22.0703278315103,29.5865500679477
2048-09-09 12:00:00,2048,9,9,NA,20.0222493055312,29.1604136298675
2048-09-10 12:00:00,2048,9,10,NA,19.5992167635167,22.8509241601687
2048-09-11 12:00:00,2048,9,11,NA,16.6447383395714,22.9981834762506
2048-09-12 12:00:00,2048,9,12,NA,17.9506052923726,24.2976584837433
2048-09-13 12:00:00,2048,9,13,NA,16.5839284972411,26.5178244125933
2048-09-14 12:00:00,2048,9,14,NA,17.9452284474155,26.5734176075381
2048-09-15 12:00:00,2048,9,15,NA,21.475490795945,30.1068656643065
2048-09-16 12:00:00,2048,9,16,NA,18.8720728757501,28.49699514081
2048-09-17 12:00:00,2048,9,17,NA,18.2138913592433,29.6529553035474
2048-09-18 12:00:00,2048,9,18,NA,17.3072083400222,28.8158775936881
2048-09-19 12:00:00,2048,9,19,NA,14.5015213157773,29.838164932778
2048-09-20 12:00:00,2048,9,20,NA,15.8634010249592,28.9417835018757
2048-09-21 12:00:00,2048,9,21,NA,17.1086129733182,28.6059855212886
2048-09-22 12:00:00,2048,9,22,NA,17.0053018175816,30.4209364445902
2048-09-23 12:00:00,2048,9,23,NA,18.2739739267905,27.6748335055794
2048-09-24 12:00:00,2048,9,24,NA,16.6903741237166,24.6011066793256
2048-09-25 12:00:00,2048,9,25,NA,17.083141453095,25.7145163214564
2048-09-26 12:00:00,2048,9,26,NA,16.0687598987852,28.1902654082584
2048-09-27 12:00:00,2048,9,27,NA,17.4876924391494,28.3392051267935
2048-09-28 12:00:00,2048,9,28,NA,17.6999039133592,29.2000285328177
2048-09-29 12:00:00,2048,9,29,NA,17.0151389654783,28.1643306761038
2048-09-30 12:00:00,2048,9,30,NA,17.121855195907,22.6789729938361
2048-10-01 12:00:00,2048,10,1,NA,15.6827236947436,26.7139940561596
2048-10-02 12:00:00,2048,10,2,NA,16.6398411782581,30.0303788800802
2048-10-03 12:00:00,2048,10,3,NA,18.1216974952129,28.9329403906652
2048-10-04 12:00:00,2048,10,4,NA,19.6034435402965,26.6700334685054
2048-10-05 12:00:00,2048,10,5,NA,17.1698168551917,28.9169911859989
2048-10-06 12:00:00,2048,10,6,NA,20.3695553223404,27.6244155405974
2048-10-07 12:00:00,2048,10,7,NA,18.3271073545697,23.9982186915862
2048-10-08 12:00:00,2048,10,8,NA,14.7692065565875,22.8205762252339
2048-10-09 12:00:00,2048,10,9,NA,11.7575292303012,25.516949448392
2048-10-10 12:00:00,2048,10,10,NA,14.2280302822711,28.7050081388291
2048-10-11 12:00:00,2048,10,11,NA,15.8583735486875,26.7948379948578
2048-10-12 12:00:00,2048,10,12,NA,12.775584869072,23.3657272522777
2048-10-13 12:00:00,2048,10,13,NA,10.9660589737584,21.4186546727892
2048-10-14 12:00:00,2048,10,14,NA,15.8199847903938,17.9546886789952
2048-10-15 12:00:00,2048,10,15,NA,13.0749678968548,19.4287638278505
2048-10-16 12:00:00,2048,10,16,NA,12.6417067890488,23.4355923276114
2048-10-17 12:00:00,2048,10,17,NA,12.3108430226682,25.578901146061
2048-10-18 12:00:00,2048,10,18,NA,11.0424694292548,23.3666344861122
2048-10-19 12:00:00,2048,10,19,NA,9.78859528647142,24.6699833171878
2048-10-20 12:00:00,2048,10,20,NA,9.48472955137908,24.8391256805782
2048-10-21 12:00:00,2048,10,21,NA,9.93702231241515,24.6209116482638
2048-10-22 12:00:00,2048,10,22,NA,14.8741819992741,16.5892941331522
2048-10-23 12:00:00,2048,10,23,NA,14.0623130410694,18.0676812676152
2048-10-24 12:00:00,2048,10,24,NA,10.4081337996214,22.1553081304286
2048-10-25 12:00:00,2048,10,25,NA,14.0068469409386,23.1310835557275
2048-10-26 12:00:00,2048,10,26,NA,16.9814304852717,22.4542992006939
2048-10-27 12:00:00,2048,10,27,NA,12.1318678523166,24.6272503290359
2048-10-28 12:00:00,2048,10,28,NA,12.388887458012,24.1335896705465
2048-10-29 12:00:00,2048,10,29,NA,10.451380957055,22.0158895714834
2048-10-30 12:00:00,2048,10,30,NA,9.40284552123164,20.3466463180517
2048-10-31 12:00:00,2048,10,31,NA,8.6103206709323,15.6769105991412
2048-11-01 12:00:00,2048,11,1,NA,5.92915586332847,14.5876071712245
2048-11-02 12:00:00,2048,11,2,NA,5.70681626210278,18.8195039609524
2048-11-03 12:00:00,2048,11,3,NA,6.3395925887418,19.4798161090988
2048-11-04 12:00:00,2048,11,4,NA,6.45019919146534,22.803758303679
2048-11-05 12:00:00,2048,11,5,NA,8.18575588055561,20.6277704339953
2048-11-06 12:00:00,2048,11,6,NA,9.88167780863864,21.5335564036822
2048-11-07 12:00:00,2048,11,7,NA,9.60566481052362,18.5147371675127
2048-11-08 12:00:00,2048,11,8,NA,8.94987202550218,17.1131444015984
2048-11-09 12:00:00,2048,11,9,NA,4.86358332917167,7.21639014378752
2048-11-10 12:00:00,2048,11,10,NA,6.57979650376169,13.6862795703319
2048-11-11 12:00:00,2048,11,11,NA,6.52959838851161,13.6360814550818
2048-11-12 12:00:00,2048,11,12,NA,5.83592942428595,16.1991096383712
2048-11-13 12:00:00,2048,11,13,NA,3.44664244561753,13.6178727773623
2048-11-14 12:00:00,2048,11,14,NA,0.221412085807561,9.19693130291945
2048-11-15 12:00:00,2048,11,15,NA,0.399848666721802,12.6589311311338
2048-11-16 12:00:00,2048,11,16,NA,4.72978489293725,18.1463530134737
2048-11-17 12:00:00,2048,11,17,NA,0.40819684138866,16.6851007182848
2048-11-18 12:00:00,2048,11,18,NA,-0.452331697946382,9.97973832804556
2048-11-19 12:00:00,2048,11,19,NA,-1.98728913009367,9.06116094202822
2048-11-20 12:00:00,2048,11,20,NA,-0.521246399077266,10.8862609157728
2048-11-21 12:00:00,2048,11,21,NA,0.282559285416169,10.3968971957564
2048-11-22 12:00:00,2048,11,22,NA,-0.579988459504644,12.6377561262282
2048-11-23 12:00:00,2048,11,23,NA,0.706152475785039,11.6867116831396
2048-11-24 12:00:00,2048,11,24,NA,0.967986325611372,14.6994769063755
2048-11-25 12:00:00,2048,11,25,NA,1.31104383860295,12.1977870066505
2048-11-26 12:00:00,2048,11,26,NA,3.62955096180472,16.4185254539762
2048-11-27 12:00:00,2048,11,27,NA,2.98199533565814,11.7836480995831
2048-11-28 12:00:00,2048,11,28,NA,-1.08972878904162,16.1141935068985
2048-11-29 12:00:00,2048,11,29,NA,5.30067631099438,16.5607727717276
2048-11-30 12:00:00,2048,11,30,NA,4.96265468268815,12.493848765757
2048-12-01 12:00:00,2048,12,1,NA,3.24223821542115,15.8076427584844
2048-12-02 12:00:00,2048,12,2,NA,2.59940127383451,14.6122544087406
2048-12-03 12:00:00,2048,12,3,NA,3.24210162189103,14.0159517226854
2048-12-04 12:00:00,2048,12,4,NA,4.95215148141932,18.0367837330544
2048-12-05 12:00:00,2048,12,5,NA,3.8957904543653,15.8127952695156
2048-12-06 12:00:00,2048,12,6,NA,3.38591009609864,13.7963052923193
2048-12-07 12:00:00,2048,12,7,NA,1.97794000865944,12.0846585979537
2048-12-08 12:00:00,2048,12,8,NA,0.15794633275842,5.52666379436352
2048-12-09 12:00:00,2048,12,9,NA,-0.550916944969769,9.30729833979715
2048-12-10 12:00:00,2048,12,10,NA,2.20018626123548,12.3083770895879
2048-12-11 12:00:00,2048,12,11,NA,-0.122092061178076,11.1022768650923
2048-12-12 12:00:00,2048,12,12,NA,-1.86312973317827,8.27928729309552
2048-12-13 12:00:00,2048,12,13,NA,0.992333059042043,9.47061816334257
2048-12-14 12:00:00,2048,12,14,NA,-0.567943896009371,10.5446760962798
2048-12-15 12:00:00,2048,12,15,NA,-0.535609611647475,10.5770103806417
2048-12-16 12:00:00,2048,12,16,NA,2.58887680691572,8.69635405094494
2048-12-17 12:00:00,2048,12,17,NA,0.279416591812899,7.34995488399172
2048-12-18 12:00:00,2048,12,18,NA,5.0333803300589,10.993161599664
2048-12-19 12:00:00,2048,12,19,NA,-0.34348506235019,9.83983441670482
2048-12-20 12:00:00,2048,12,20,NA,-0.284409174264704,10.1057815710047
2048-12-21 12:00:00,2048,12,21,NA,2.10678012907527,10.816526193552
2048-12-22 12:00:00,2048,12,22,NA,3.20443961024479,14.3230976692304
2048-12-23 12:00:00,2048,12,23,NA,3.02274345231019,13.2290707353287
2048-12-24 12:00:00,2048,12,24,NA,-3.28094978708754,8.86194890803014
2048-12-25 12:00:00,2048,12,25,NA,-5.12601772688904,5.58637752517411
2048-12-26 12:00:00,2048,12,26,NA,-2.87836626872928,4.91002607534726
2048-12-27 12:00:00,2048,12,27,NA,-1.05562682748043,5.35515658076767
2048-12-28 12:00:00,2048,12,28,NA,-1.31612310960806,5.14106443278254
2048-12-29 12:00:00,2048,12,29,NA,-5.57397142850002,0.105370152715468
2048-12-30 12:00:00,2048,12,30,NA,-4.84829795380013,7.92361263442417
2048-12-31 12:00:00,2048,12,31,NA,-2.54476658926875,9.72969814933844
2049-01-01 12:00:00,2049,1,1,NA,-2.70764775065138,8.68859664021778
2049-01-02 12:00:00,2049,1,2,NA,-1.59108308040609,5.49274366718932
2049-01-03 12:00:00,2049,1,3,NA,-2.70851342718929,6.33023512079865
2049-01-04 12:00:00,2049,1,4,NA,-3.79349694661921,7.02029678309831
2049-01-05 12:00:00,2049,1,5,NA,-2.83355939115515,7.3140277826826
2049-01-06 12:00:00,2049,1,6,NA,-5.15577483305836,1.29083504940143
2049-01-07 12:00:00,2049,1,7,NA,-5.92949752846977,2.07511886790459
2049-01-08 12:00:00,2049,1,8,NA,-7.62175635650975,1.6274022678052
2049-01-09 12:00:00,2049,1,9,NA,-7.04390019426429,7.84105527370074
2049-01-10 12:00:00,2049,1,10,NA,-2.73929513657416,10.9793409733113
2049-01-11 12:00:00,2049,1,11,NA,-2.78706820921745,9.66832815010542
2049-01-12 12:00:00,2049,1,12,NA,-0.606738733467561,10.2025542404764
2049-01-13 12:00:00,2049,1,13,NA,-6.24213430101627,-3.17748682305778
2049-01-14 12:00:00,2049,1,14,NA,-7.40969606658708,-1.25062288492185
2049-01-15 12:00:00,2049,1,15,NA,-8.82909529975344,1.34462131307951
2049-01-16 12:00:00,2049,1,16,NA,-7.3975355256419,5.54071715874134
2049-01-17 12:00:00,2049,1,17,NA,-3.96173449213219,1.87187763238121
2049-01-18 12:00:00,2049,1,18,NA,-3.94527371227915,8.31105783429636
2049-01-19 12:00:00,2049,1,19,NA,-4.26239140607187,1.51060293095649
2049-01-20 12:00:00,2049,1,20,NA,-2.74762146820282,7.55516734523624
2049-01-21 12:00:00,2049,1,21,NA,0.0415363112650748,8.73505337476684
2049-01-22 12:00:00,2049,1,22,NA,-3.03004509159315,7.14104018237625
2049-01-23 12:00:00,2049,1,23,NA,-1.28715022029574,8.33148317802498
2049-01-24 12:00:00,2049,1,24,NA,-1.41916942522788,9.00539455740454
2049-01-25 12:00:00,2049,1,25,NA,-0.234141988217011,8.21821016144896
2049-01-26 12:00:00,2049,1,26,NA,-1.05610823639838,10.5075566577331
2049-01-27 12:00:00,2049,1,27,NA,-0.745494923352293,13.0834327626807
2049-01-28 12:00:00,2049,1,28,NA,1.90647698731192,11.4801869816768
2049-01-29 12:00:00,2049,1,29,NA,4.03005196382973,6.31342868409383
2049-01-30 12:00:00,2049,1,30,NA,0.476261522997611,7.63453292308571
2049-01-31 12:00:00,2049,1,31,NA,-2.06107772380168,10.2223884567235
2049-02-01 12:00:00,2049,2,1,NA,-1.32412182379112,9.12598659018945
2049-02-02 12:00:00,2049,2,2,NA,-0.132996684912329,11.2926791069968
2049-02-03 12:00:00,2049,2,3,NA,-1.47141481470185,15.8288224993046
2049-02-04 12:00:00,2049,2,4,NA,0.989621369793636,14.8216036618471
2049-02-05 12:00:00,2049,2,5,NA,-1.33644874265222,12.6474804773623
2049-02-06 12:00:00,2049,2,6,NA,4.87936092383861,9.71466588764849
2049-02-07 12:00:00,2049,2,7,NA,3.02459048640292,13.4799527831287
2049-02-08 12:00:00,2049,2,8,NA,0.181491816209014,9.21106003332452
2049-02-09 12:00:00,2049,2,9,NA,0.0216054373732946,4.18035232453719
2049-02-10 12:00:00,2049,2,10,NA,-2.17924794081483,7.25879834688462
2049-02-11 12:00:00,2049,2,11,NA,-1.3711965556365,7.96316698000062
2049-02-12 12:00:00,2049,2,12,NA,-1.48408768019464,9.12289123728476
2049-02-13 12:00:00,2049,2,13,NA,-0.691580962639532,13.9269280095515
2049-02-14 12:00:00,2049,2,14,NA,-1.53862795155441,11.0071321532681
2049-02-15 12:00:00,2049,2,15,NA,-4.26927253871841,4.39535443648484
2049-02-16 12:00:00,2049,2,16,NA,-5.12020787443444,-1.1600383654282
2049-02-17 12:00:00,2049,2,17,NA,-6.45872602930652,-0.949503342125113
2049-02-18 12:00:00,2049,2,18,NA,-6.7772219878786,-0.793450695309176
2049-02-19 12:00:00,2049,2,19,NA,-12.9758960667936,-4.9542624442238
2049-02-20 12:00:00,2049,2,20,NA,-9.1222283352342,-1.80803677568734
2049-02-21 12:00:00,2049,2,21,NA,-8.10305542995387,6.52825452013919
2049-02-22 12:00:00,2049,2,22,NA,-7.89205108500263,8.78680887928882
2049-02-23 12:00:00,2049,2,23,NA,-4.53902750012201,8.4751450332918
2049-02-24 12:00:00,2049,2,24,NA,-2.34194953671824,9.88594982996861
2049-02-25 12:00:00,2049,2,25,NA,-4.04947949453393,7.11153621101888
2049-02-26 12:00:00,2049,2,26,NA,-7.45566369135847,-0.121284491851124
2049-02-27 12:00:00,2049,2,27,NA,-6.27556071694764,4.75662937246205
2049-02-28 12:00:00,2049,2,28,NA,-5.36576144762664,11.351510823276
2049-03-01 12:00:00,2049,3,1,NA,-3.43990629368918,8.77468656784615
2049-03-02 12:00:00,2049,3,2,NA,-3.48247023778417,12.1344308889588
2049-03-03 12:00:00,2049,3,3,NA,-1.74538163248094,11.035459535224
2049-03-04 12:00:00,2049,3,4,NA,-4.30802378130031,6.63987988427818
2049-03-05 12:00:00,2049,3,5,NA,-0.278684256611573,3.99794658493212
2049-03-06 12:00:00,2049,3,6,NA,-1.13474968659993,9.34157997665602
2049-03-07 12:00:00,2049,3,7,NA,-1.09739230868073,14.1996985352063
2049-03-08 12:00:00,2049,3,8,NA,-1.95675736907541,12.4906983042006
2049-03-09 12:00:00,2049,3,9,NA,3.24700423712217,6.2021100827729
2049-03-10 12:00:00,2049,3,10,NA,2.32393444982169,6.92127818623949
2049-03-11 12:00:00,2049,3,11,NA,0.355230351276115,11.8228865352191
2049-03-12 12:00:00,2049,3,12,NA,1.4220511565386,10.4761181189533
2049-03-13 12:00:00,2049,3,13,NA,-0.265581353414651,15.0625576702521
2049-03-14 12:00:00,2049,3,14,NA,0.607459428975249,17.0254328470024
2049-03-15 12:00:00,2049,3,15,NA,3.80421544439551,15.9677628490981
2049-03-16 12:00:00,2049,3,16,NA,0.22313776997042,11.1584620303587
2049-03-17 12:00:00,2049,3,17,NA,3.18431722051015,12.5742068697368
2049-03-18 12:00:00,2049,3,18,NA,2.28069166938928,9.34802517050838
2049-03-19 12:00:00,2049,3,19,NA,0.0328737190915627,9.50721713095379
2049-03-20 12:00:00,2049,3,20,NA,0.775461711553978,13.8194684661683
2049-03-21 12:00:00,2049,3,21,NA,0.89708227797919,12.6547942099828
2049-03-22 12:00:00,2049,3,22,NA,5.79068750993629,18.3078918197539
2049-03-23 12:00:00,2049,3,23,NA,1.95324135675437,12.8290472300674
2049-03-24 12:00:00,2049,3,24,NA,4.01892571053658,10.8184920959508
2049-03-25 12:00:00,2049,3,25,NA,4.36644845248331,12.2753840813413
2049-03-26 12:00:00,2049,3,26,NA,3.06977479162956,17.257107584882
2049-03-27 12:00:00,2049,3,27,NA,4.74951046373553,11.8178895704843
2049-03-28 12:00:00,2049,3,28,NA,2.4309050002944,14.4519730901377
2049-03-29 12:00:00,2049,3,29,NA,3.81964298487439,15.5970812212695
2049-03-30 12:00:00,2049,3,30,NA,4.48200286434614,16.5970188260407
2049-03-31 12:00:00,2049,3,31,NA,4.99109697093129,14.9823723388374
2049-04-01 12:00:00,2049,4,1,NA,4.91697820291318,13.3528063786226
2049-04-02 12:00:00,2049,4,2,NA,6.71490924226171,17.0752958382089
2049-04-03 12:00:00,2049,4,3,NA,8.28873384473162,11.8812982478554
2049-04-04 12:00:00,2049,4,4,NA,7.3678139191239,14.2711039496468
2049-04-05 12:00:00,2049,4,5,NA,4.60485985126064,16.6295024465859
2049-04-06 12:00:00,2049,4,6,NA,8.59164962621937,19.1698198435277
2049-04-07 12:00:00,2049,4,7,NA,9.86952168572851,16.6915490200706
2049-04-08 12:00:00,2049,4,8,NA,7.43210218301704,19.8600275913732
2049-04-09 12:00:00,2049,4,9,NA,6.50830098059154,13.3952109031101
2049-04-10 12:00:00,2049,4,10,NA,4.26805493730346,18.552941057755
2049-04-11 12:00:00,2049,4,11,NA,3.77974120381341,21.6289309638379
2049-04-12 12:00:00,2049,4,12,NA,5.43097914283777,20.2439984791629
2049-04-13 12:00:00,2049,4,13,NA,5.25393724844325,22.6196754187217
2049-04-14 12:00:00,2049,4,14,NA,4.15294383032514,15.335213372332
2049-04-15 12:00:00,2049,4,15,NA,4.22430158638704,15.1342141753817
2049-04-16 12:00:00,2049,4,16,NA,7.92063676781975,21.0617322214438
2049-04-17 12:00:00,2049,4,17,NA,8.25172172078235,25.7486041979386
2049-04-18 12:00:00,2049,4,18,NA,7.31652463054657,25.0855963886319
2049-04-19 12:00:00,2049,4,19,NA,8.2623339118852,24.1626336764082
2049-04-20 12:00:00,2049,4,20,NA,9.44809848270863,28.3973367304201
2049-04-21 12:00:00,2049,4,21,NA,15.3595038821051,22.0258237017689
2049-04-22 12:00:00,2049,4,22,NA,17.0758559726978,22.8624307684306
2049-04-23 12:00:00,2049,4,23,NA,17.8015295792206,21.0591733305118
2049-04-24 12:00:00,2049,4,24,NA,12.5412340614103,18.4995173642129
2049-04-25 12:00:00,2049,4,25,NA,7.83655082200543,25.3868771396295
2049-04-26 12:00:00,2049,4,26,NA,8.30743188361635,26.1566216436408
2049-04-27 12:00:00,2049,4,27,NA,12.7587079243273,25.7624871128382
2049-04-28 12:00:00,2049,4,28,NA,11.0375135380625,22.8900166674207
2049-04-29 12:00:00,2049,4,29,NA,9.59235773614803,17.1316608236961
2049-04-30 12:00:00,2049,4,30,NA,6.13148466623157,20.0784526937706
2049-05-01 12:00:00,2049,5,1,NA,7.59702286254991,22.7274713905785
2049-05-02 12:00:00,2049,5,2,NA,9.35320819006327,21.7855728418615
2049-05-03 12:00:00,2049,5,3,NA,13.1973814342874,20.1514280269932
2049-05-04 12:00:00,2049,5,4,NA,10.0021076968804,26.673948688537
2049-05-05 12:00:00,2049,5,5,NA,13.1605941555929,24.4960931065771
2049-05-06 12:00:00,2049,5,6,NA,9.49995450216156,24.9091873936741
2049-05-07 12:00:00,2049,5,7,NA,11.6280490286462,24.3510162011553
2049-05-08 12:00:00,2049,5,8,NA,12.2684530409402,27.9275155723503
2049-05-09 12:00:00,2049,5,9,NA,13.176797425767,25.7796858369107
2049-05-10 12:00:00,2049,5,10,NA,14.5133524919022,23.7457949421084
2049-05-11 12:00:00,2049,5,11,NA,14.0578083423824,27.4235528619543
2049-05-12 12:00:00,2049,5,12,NA,18.7097710311034,27.5916428975318
2049-05-13 12:00:00,2049,5,13,NA,19.6695216527218,28.1746031084395
2049-05-14 12:00:00,2049,5,14,NA,12.7557451859177,27.0728595214499
2049-05-15 12:00:00,2049,5,15,NA,12.088960290033,29.7179609281162
2049-05-16 12:00:00,2049,5,16,NA,15.7228423658359,31.968909047932
2049-05-17 12:00:00,2049,5,17,NA,15.7020696694735,28.8172475389641
2049-05-18 12:00:00,2049,5,18,NA,13.9271275124097,26.536701239097
2049-05-19 12:00:00,2049,5,19,NA,15.6545781097182,27.3733378477594
2049-05-20 12:00:00,2049,5,20,NA,14.9822565440628,24.856373597866
2049-05-21 12:00:00,2049,5,21,NA,14.6135897373363,27.999975859656
2049-05-22 12:00:00,2049,5,22,NA,15.8678009489895,29.576689579449
2049-05-23 12:00:00,2049,5,23,NA,15.2002108051089,28.3054352675652
2049-05-24 12:00:00,2049,5,24,NA,14.4922633537909,27.3922276052579
2049-05-25 12:00:00,2049,5,25,NA,14.1929539665674,28.4864996281926
2049-05-26 12:00:00,2049,5,26,NA,13.899119184973,28.7591668673768
2049-05-27 12:00:00,2049,5,27,NA,18.3736322470781,27.8740151590414
2049-05-28 12:00:00,2049,5,28,NA,16.46199143844,29.5468371729255
2049-05-29 12:00:00,2049,5,29,NA,17.6712572473064,30.9623613649906
2049-05-30 12:00:00,2049,5,30,NA,19.3249864428235,24.2302588467895
2049-05-31 12:00:00,2049,5,31,NA,15.4989771950603,29.6672951686352
2049-06-01 12:00:00,2049,6,1,NA,12.6460305401117,29.3014567714628
2049-06-02 12:00:00,2049,6,2,NA,14.089999118284,29.7854470337797
2049-06-03 12:00:00,2049,6,3,NA,15.8236213982749,28.9275888135345
2049-06-04 12:00:00,2049,6,4,NA,14.5099142686424,28.654750747197
2049-06-05 12:00:00,2049,6,5,NA,16.7260103337104,31.9490397070419
2049-06-06 12:00:00,2049,6,6,NA,18.4542196271629,31.2217549792277
2049-06-07 12:00:00,2049,6,7,NA,22.1305118256488,24.6438108141626
2049-06-08 12:00:00,2049,6,8,NA,18.712437580106,23.8511644808913
2049-06-09 12:00:00,2049,6,9,NA,17.7219369728988,24.1427900144423
2049-06-10 12:00:00,2049,6,10,NA,16.8976352492376,26.5994721047743
2049-06-11 12:00:00,2049,6,11,NA,16.0579241158981,30.2122565200412
2049-06-12 12:00:00,2049,6,12,NA,18.1096488231204,28.8955476351204
2049-06-13 12:00:00,2049,6,13,NA,19.1399062611703,30.050104326497
2049-06-14 12:00:00,2049,6,14,NA,19.5290153504992,27.3617724435136
2049-06-15 12:00:00,2049,6,15,NA,18.0024705576018,26.0464498385256
2049-06-16 12:00:00,2049,6,16,NA,18.6051575601732,26.9043125332939
2049-06-17 12:00:00,2049,6,17,NA,18.5829206577703,29.6396265387659
2049-06-18 12:00:00,2049,6,18,NA,21.1254516388014,31.5463092767594
2049-06-19 12:00:00,2049,6,19,NA,22.8712280174744,28.8173060582564
2049-06-20 12:00:00,2049,6,20,NA,21.2092786410936,28.9723073337911
2049-06-21 12:00:00,2049,6,21,NA,21.1278872678391,28.3561945026359
2049-06-22 12:00:00,2049,6,22,NA,21.7114569148444,32.8682292474981
2049-06-23 12:00:00,2049,6,23,NA,20.7176052420536,31.8412248441371
2049-06-24 12:00:00,2049,6,24,NA,21.3923166150056,31.359021126206
2049-06-25 12:00:00,2049,6,25,NA,22.2989678105198,29.343827651097
2049-06-26 12:00:00,2049,6,26,NA,19.380886850365,30.3801031256909
2049-06-27 12:00:00,2049,6,27,NA,18.8088522016563,31.5522158469072
2049-06-28 12:00:00,2049,6,28,NA,19.0042726146068,32.0946964832116
2049-06-29 12:00:00,2049,6,29,NA,21.9394671137161,28.2781204898999
2049-06-30 12:00:00,2049,6,30,NA,19.6504646474283,28.7154080305044
2049-07-01 12:00:00,2049,7,1,NA,18.1454040556618,25.2220513437638
2049-07-02 12:00:00,2049,7,2,NA,19.6204883416435,24.6350893690335
2049-07-03 12:00:00,2049,7,3,NA,20.6837704014493,30.3513101740797
2049-07-04 12:00:00,2049,7,4,NA,22.2133735717175,29.242783668045
2049-07-05 12:00:00,2049,7,5,NA,24.2345613828151,31.9253418406393
2049-07-06 12:00:00,2049,7,6,NA,20.8932291978287,28.0618240301795
2049-07-07 12:00:00,2049,7,7,NA,22.4880493010282,26.2998662205961
2049-07-08 12:00:00,2049,7,8,NA,20.612229019585,28.2476054845049
2049-07-09 12:00:00,2049,7,9,NA,22.7917640115772,32.4093092102833
2049-07-10 12:00:00,2049,7,10,NA,26.6924256151013,33.0946474081283
2049-07-11 12:00:00,2049,7,11,NA,27.9258118913015,32.0390134470584
2049-07-12 12:00:00,2049,7,12,NA,26.0838333438711,31.9333910341783
2049-07-13 12:00:00,2049,7,13,NA,22.4730623687017,26.8370092546775
2049-07-14 12:00:00,2049,7,14,NA,21.3931994882906,27.9957562459492
2049-07-15 12:00:00,2049,7,15,NA,21.7431259449318,27.6415120340889
2049-07-16 12:00:00,2049,7,16,NA,20.0218269945134,31.0358070230272
2049-07-17 12:00:00,2049,7,17,NA,21.1159859794194,27.4584863139469
2049-07-18 12:00:00,2049,7,18,NA,20.419223706379,30.1939802647825
2049-07-19 12:00:00,2049,7,19,NA,23.3853527959896,32.6131637339312
2049-07-20 12:00:00,2049,7,20,NA,22.9681714844633,32.9115445296218
2049-07-21 12:00:00,2049,7,21,NA,23.3891148336134,30.1022926173915
2049-07-22 12:00:00,2049,7,22,NA,21.9562808818965,27.584324544198
2049-07-23 12:00:00,2049,7,23,NA,22.7623023887468,32.6062832310933
2049-07-24 12:00:00,2049,7,24,NA,24.9670777583695,33.2221113660599
2049-07-25 12:00:00,2049,7,25,NA,25.2856031223799,33.6394589487467
2049-07-26 12:00:00,2049,7,26,NA,28.1923229974039,32.1872937650304
2049-07-27 12:00:00,2049,7,27,NA,25.9447036836401,28.4044624810416
2049-07-28 12:00:00,2049,7,28,NA,24.455221326589,29.9425810318737
2049-07-29 12:00:00,2049,7,29,NA,23.1204923050054,31.3561477749737
2049-07-30 12:00:00,2049,7,30,NA,23.1075795822013,30.8877078626795
2049-07-31 12:00:00,2049,7,31,NA,24.696729263094,34.1452005489176
2049-08-01 12:00:00,2049,8,1,NA,23.1294802533877,31.9838119341598
2049-08-02 12:00:00,2049,8,2,NA,25.1348902668876,32.403592721167
2049-08-03 12:00:00,2049,8,3,NA,24.3414242863396,31.0812254209151
2049-08-04 12:00:00,2049,8,4,NA,20.7242646077503,30.4167074165831
2049-08-05 12:00:00,2049,8,5,NA,20.1374214741061,31.6537767098628
2049-08-06 12:00:00,2049,8,6,NA,21.9378648454521,30.7674897779384
2049-08-07 12:00:00,2049,8,7,NA,21.9139181370548,33.0155835891171
2049-08-08 12:00:00,2049,8,8,NA,24.9744859197812,35.7707907085869
2049-08-09 12:00:00,2049,8,9,NA,24.8230536470133,33.4229344363488
2049-08-10 12:00:00,2049,8,10,NA,24.5147271300921,34.3329133089849
2049-08-11 12:00:00,2049,8,11,NA,24.7984757749737,34.551462369907
2049-08-12 12:00:00,2049,8,12,NA,25.3001907140124,36.7379477532098
2049-08-13 12:00:00,2049,8,13,NA,26.5272243106684,37.2005739662101
2049-08-14 12:00:00,2049,8,14,NA,26.148411672909,33.4756659297257
2049-08-15 12:00:00,2049,8,15,NA,27.2642890697752,33.4064790842116
2049-08-16 12:00:00,2049,8,16,NA,25.0768954099813,32.0773266069781
2049-08-17 12:00:00,2049,8,17,NA,22.958174784165,33.0512230585826
2049-08-18 12:00:00,2049,8,18,NA,24.957015543188,35.51470825271
2049-08-19 12:00:00,2049,8,19,NA,28.8351990461998,35.6673143290946
2049-08-20 12:00:00,2049,8,20,NA,25.9171745084932,36.0121972568687
2049-08-21 12:00:00,2049,8,21,NA,27.3102341190724,35.7036496749833
2049-08-22 12:00:00,2049,8,22,NA,27.2171040943448,36.0275091906105
2049-08-23 12:00:00,2049,8,23,NA,26.0996292622345,36.1819526748409
2049-08-24 12:00:00,2049,8,24,NA,26.5820865702259,36.7813278826729
2049-08-25 12:00:00,2049,8,25,NA,28.0880393589245,33.0062831179691
2049-08-26 12:00:00,2049,8,26,NA,24.0276771445198,30.173380006234
2049-08-27 12:00:00,2049,8,27,NA,20.4577222394874,30.7756739623021
2049-08-28 12:00:00,2049,8,28,NA,20.3692488402996,28.5381186953432
2049-08-29 12:00:00,2049,8,29,NA,20.2577078863115,31.4308331745356
2049-08-30 12:00:00,2049,8,30,NA,21.5044661362263,31.2417774227041
2049-08-31 12:00:00,2049,8,31,NA,20.9812330169293,30.57975469918
2049-09-01 12:00:00,2049,9,1,NA,25.4199919035998,33.4014809082558
2049-09-02 12:00:00,2049,9,2,NA,24.4276057017863,32.5964755568299
2049-09-03 12:00:00,2049,9,3,NA,20.948745779665,30.5498236772053
2049-09-04 12:00:00,2049,9,4,NA,20.9197591761947,29.5465634998093
2049-09-05 12:00:00,2049,9,5,NA,17.2531079541794,24.9231510536089
2049-09-06 12:00:00,2049,9,6,NA,18.8017143857362,32.2089535826032
2049-09-07 12:00:00,2049,9,7,NA,21.4176134409819,31.0047039653762
2049-09-08 12:00:00,2049,9,8,NA,19.7809541534703,29.8737676476752
2049-09-09 12:00:00,2049,9,9,NA,19.3850892334031,29.4836266596508
2049-09-10 12:00:00,2049,9,10,NA,20.3980217241184,30.6007013669236
2049-09-11 12:00:00,2049,9,11,NA,19.8218682192478,29.8156924468546
2049-09-12 12:00:00,2049,9,12,NA,21.9375725670151,29.1447353128839
2049-09-13 12:00:00,2049,9,13,NA,21.3918146076637,26.419595851205
2049-09-14 12:00:00,2049,9,14,NA,17.439747040559,25.6970917684638
2049-09-15 12:00:00,2049,9,15,NA,20.5455597900657,22.1449791436953
2049-09-16 12:00:00,2049,9,16,NA,18.1610682553301,24.6787865887782
2049-09-17 12:00:00,2049,9,17,NA,17.3967808238368,22.5822856190306
2049-09-18 12:00:00,2049,9,18,NA,17.2639759966099,26.8612163168639
2049-09-19 12:00:00,2049,9,19,NA,19.0912521358901,23.8860243940409
2049-09-20 12:00:00,2049,9,20,NA,14.7681337907537,20.7564516805552
2049-09-21 12:00:00,2049,9,21,NA,15.1951993555287,23.1059319111378
2049-09-22 12:00:00,2049,9,22,NA,16.1457887662886,19.6189658618549
2049-09-23 12:00:00,2049,9,23,NA,15.8536997224888,26.7030485290829
2049-09-24 12:00:00,2049,9,24,NA,16.6542236022747,28.9661484327385
2049-09-25 12:00:00,2049,9,25,NA,16.5194410885315,28.1460387503381
2049-09-26 12:00:00,2049,9,26,NA,17.3417721032517,25.967319666869
2049-09-27 12:00:00,2049,9,27,NA,17.5170330267687,28.8288026253243
2049-09-28 12:00:00,2049,9,28,NA,17.6517706593578,28.911765246281
2049-09-29 12:00:00,2049,9,29,NA,16.2469426840799,26.6561971640501
2049-09-30 12:00:00,2049,9,30,NA,15.5362547475347,28.513800779231
2049-10-01 12:00:00,2049,10,1,NA,16.671864196245,32.9722698400983
2049-10-02 12:00:00,2049,10,2,NA,15.9464394868402,29.8729961788186
2049-10-03 12:00:00,2049,10,3,NA,17.4499083974769,27.9782228556436
2049-10-04 12:00:00,2049,10,4,NA,20.4535152982146,24.2799697375922
2049-10-05 12:00:00,2049,10,5,NA,16.8768517311658,27.5026821288826
2049-10-06 12:00:00,2049,10,6,NA,16.0830332156232,28.8347541263912
2049-10-07 12:00:00,2049,10,7,NA,15.4265611561634,25.7717773381742
2049-10-08 12:00:00,2049,10,8,NA,16.6084810059014,24.508545123592
2049-10-09 12:00:00,2049,10,9,NA,13.6803143294316,20.1093809462396
2049-10-10 12:00:00,2049,10,10,NA,14.4562142269231,19.8156793681964
2049-10-11 12:00:00,2049,10,11,NA,11.9082329794764,24.1491483446108
2049-10-12 12:00:00,2049,10,12,NA,12.6402967696894,22.4231774687196
2049-10-13 12:00:00,2049,10,13,NA,13.1031108390367,21.7237108064428
2049-10-14 12:00:00,2049,10,14,NA,11.2193872748057,23.8911728721765
2049-10-15 12:00:00,2049,10,15,NA,8.40652475770501,17.0271247251111
2049-10-16 12:00:00,2049,10,16,NA,7.38441685306041,20.3050898952207
2049-10-17 12:00:00,2049,10,17,NA,9.70410516689612,21.5649392811784
2049-10-18 12:00:00,2049,10,18,NA,6.87853981461886,20.4422980468693
2049-10-19 12:00:00,2049,10,19,NA,9.71256195827153,21.7739932605648
2049-10-20 12:00:00,2049,10,20,NA,7.77607275129186,19.3049913032566
2049-10-21 12:00:00,2049,10,21,NA,8.32114254941274,20.773919813173
2049-10-22 12:00:00,2049,10,22,NA,10.9627723425929,18.627167867754
2049-10-23 12:00:00,2049,10,23,NA,12.304342951893,22.5929450875551
2049-10-24 12:00:00,2049,10,24,NA,11.7288206043497,19.2817391407061
2049-10-25 12:00:00,2049,10,25,NA,13.4138423936065,15.2777422538064
2049-10-26 12:00:00,2049,10,26,NA,9.6799048987162,18.2920013087544
2049-10-27 12:00:00,2049,10,27,NA,10.4119198561692,14.0823874334689
2049-10-28 12:00:00,2049,10,28,NA,8.07657467571864,20.1481171130124
2049-10-29 12:00:00,2049,10,29,NA,9.40060860463087,16.386321230409
2049-10-30 12:00:00,2049,10,30,NA,7.11295519832322,20.0847743506992
2049-10-31 12:00:00,2049,10,31,NA,6.99632896907049,22.3371671156437
2049-11-01 12:00:00,2049,11,1,NA,12.4493045927709,21.9610003858364
2049-11-02 12:00:00,2049,11,2,NA,7.71206075190946,21.2508600700257
2049-11-03 12:00:00,2049,11,3,NA,8.50645719527845,21.3372417690396
2049-11-04 12:00:00,2049,11,4,NA,9.41665960498309,22.1069779911188
2049-11-05 12:00:00,2049,11,5,NA,9.8638198795021,18.6654726434271
2049-11-06 12:00:00,2049,11,6,NA,7.34013436176888,18.0905025271945
2049-11-07 12:00:00,2049,11,7,NA,7.59104126639998,18.7572486374299
2049-11-08 12:00:00,2049,11,8,NA,7.61538632657048,18.6870835463945
2049-11-09 12:00:00,2049,11,9,NA,5.10862222809392,18.286310655911
2049-11-10 12:00:00,2049,11,10,NA,5.60992298438203,21.6820843032611
2049-11-11 12:00:00,2049,11,11,NA,6.02352160728806,16.7606545802248
2049-11-12 12:00:00,2049,11,12,NA,6.61545519415561,15.2324562074128
2049-11-13 12:00:00,2049,11,13,NA,7.55735613105245,12.7177865802477
2049-11-14 12:00:00,2049,11,14,NA,5.10755491362954,12.7952824943914
2049-11-15 12:00:00,2049,11,15,NA,3.2387158830942,13.01471220781
2049-11-16 12:00:00,2049,11,16,NA,6.12443401351539,12.5707747403134
2049-11-17 12:00:00,2049,11,17,NA,1.4988509362759,5.34751923858769
2049-11-18 12:00:00,2049,11,18,NA,0.52731327137642,12.5401627814491
2049-11-19 12:00:00,2049,11,19,NA,-1.20916468151257,11.796479339132
2049-11-20 12:00:00,2049,11,20,NA,-3.00433519515793,10.1951105045068
2049-11-21 12:00:00,2049,11,21,NA,-0.586311890276936,11.6644405560988
2049-11-22 12:00:00,2049,11,22,NA,2.07718853877221,6.38122546424164
2049-11-23 12:00:00,2049,11,23,NA,1.98374875915871,7.73550710062946
2049-11-24 12:00:00,2049,11,24,NA,2.11808022413102,11.8955034007513
2049-11-25 12:00:00,2049,11,25,NA,1.04357811653393,17.3971372287476
2049-11-26 12:00:00,2049,11,26,NA,3.59001697221697,19.766896644827
2049-11-27 12:00:00,2049,11,27,NA,6.15105381930397,11.7255139495379
2049-11-28 12:00:00,2049,11,28,NA,4.55331379843767,8.69562508797509
2049-11-29 12:00:00,2049,11,29,NA,-0.167273988293085,11.0322073745505
2049-11-30 12:00:00,2049,11,30,NA,-0.766142205617917,12.8765245945754
2049-12-01 12:00:00,2049,12,1,NA,-1.30811537398721,9.02858292416505
2049-12-02 12:00:00,2049,12,2,NA,-2.87136843936907,8.53613887548099
2049-12-03 12:00:00,2049,12,3,NA,-0.0209389969437561,11.3682615413358
2049-12-04 12:00:00,2049,12,4,NA,-0.39951588147095,13.7582445963096
2049-12-05 12:00:00,2049,12,5,NA,2.76936654731096,15.9440364477331
2049-12-06 12:00:00,2049,12,6,NA,2.35896327167377,13.07295210794
2049-12-07 12:00:00,2049,12,7,NA,5.72781448294776,8.05797488266633
2049-12-08 12:00:00,2049,12,8,NA,2.65352163454108,10.0637148214087
2049-12-09 12:00:00,2049,12,9,NA,4.25521243454166,13.4701281430987
2049-12-10 12:00:00,2049,12,10,NA,1.77554670559396,13.8930346704211
2049-12-11 12:00:00,2049,12,11,NA,6.24497887138983,16.0173331334428
2049-12-12 12:00:00,2049,12,12,NA,4.19925100954395,12.378157299254
2049-12-13 12:00:00,2049,12,13,NA,2.70502310223426,11.9115946691711
2049-12-14 12:00:00,2049,12,14,NA,1.57138937223211,9.53090396811993
2049-12-15 12:00:00,2049,12,15,NA,-0.506069994414563,8.94042718069359
2049-12-16 12:00:00,2049,12,16,NA,-4.0051575434509,3.10748333278897
2049-12-17 12:00:00,2049,12,17,NA,-4.2427894447208,6.28825955490964
2049-12-18 12:00:00,2049,12,18,NA,-2.6825188111006,9.55731922516102
2049-12-19 12:00:00,2049,12,19,NA,-1.1155756655799,11.1588890730273
2049-12-20 12:00:00,2049,12,20,NA,-4.35410234520427,4.02106050649407
2049-12-21 12:00:00,2049,12,21,NA,-6.09328236998431,4.36028850774191
2049-12-22 12:00:00,2049,12,22,NA,-2.19008011859111,10.0813752983833
2049-12-23 12:00:00,2049,12,23,NA,-3.60375082369842,8.38469770920323
2049-12-24 12:00:00,2049,12,24,NA,-5.12703357544397,7.00670379324504
2049-12-25 12:00:00,2049,12,25,NA,-7.08935878788134,-0.445645263276681
2049-12-26 12:00:00,2049,12,26,NA,-2.51107967048257,7.31260735662318
2049-12-27 12:00:00,2049,12,27,NA,-3.72766134887663,4.99696826086024
2049-12-28 12:00:00,2049,12,28,NA,-4.87371264815503,7.25574516881161
2049-12-29 12:00:00,2049,12,29,NA,-3.0507853462362,7.15755820153773
2049-12-30 12:00:00,2049,12,30,NA,-7.28840151660027,1.59568714231087
2049-12-31 12:00:00,2049,12,31,NA,-5.56742225243533,4.88265739017279
2050-01-01 12:00:00,2050,1,1,NA,-5.31078050092904,6.58337814679308
2050-01-02 12:00:00,2050,1,2,NA,-3.0442774099149,7.45703043447375
2050-01-03 12:00:00,2050,1,3,NA,-2.16958026657889,3.41154656354086
2050-01-04 12:00:00,2050,1,4,NA,-5.28922133819811,-0.764972792465648
2050-01-05 12:00:00,2050,1,5,NA,-6.77163297701888,3.53115583642017
2050-01-06 12:00:00,2050,1,6,NA,-4.87323388214299,2.33125672354924
2050-01-07 12:00:00,2050,1,7,NA,-1.81153667130352,7.83845218895056
2050-01-08 12:00:00,2050,1,8,NA,-0.87955068877908,3.20213465637605
2050-01-09 12:00:00,2050,1,9,NA,-3.8061127626384,2.75790832933479
2050-01-10 12:00:00,2050,1,10,NA,-4.72187995604475,3.2114614935979
2050-01-11 12:00:00,2050,1,11,NA,-3.91278853340033,2.43227136943866
2050-01-12 12:00:00,2050,1,12,NA,-3.69298988942894,4.65903482069531
2050-01-13 12:00:00,2050,1,13,NA,-1.10715285594553,5.44184774520282
2050-01-14 12:00:00,2050,1,14,NA,-1.38670033876806,7.22084176427479
2050-01-15 12:00:00,2050,1,15,NA,-1.8201010481101,6.2249100234316
2050-01-16 12:00:00,2050,1,16,NA,-4.26191115227217,4.7863148926347
2050-01-17 12:00:00,2050,1,17,NA,-1.56359057292026,8.76893094695748
2050-01-18 12:00:00,2050,1,18,NA,-4.61465280202721,9.46828507726664
2050-01-19 12:00:00,2050,1,19,NA,-2.11592860140079,6.59232337931834
2050-01-20 12:00:00,2050,1,20,NA,0.839866822589102,5.70959450821209
2050-01-21 12:00:00,2050,1,21,NA,-2.91346451783172,7.10654360568794
2050-01-22 12:00:00,2050,1,22,NA,-1.55013078309829,7.12639681301045
2050-01-23 12:00:00,2050,1,23,NA,-0.860441850590052,11.1868322130872
2050-01-24 12:00:00,2050,1,24,NA,-0.316853766532525,6.14137831133097
2050-01-25 12:00:00,2050,1,25,NA,-3.05115912274855,3.39545075971123
2050-01-26 12:00:00,2050,1,26,NA,-4.14774718050142,0.969657888525733
2050-01-27 12:00:00,2050,1,27,NA,-4.9649931406192,3.92775705730416
2050-01-28 12:00:00,2050,1,28,NA,-6.98523358987686,2.18344142831875
2050-01-29 12:00:00,2050,1,29,NA,-7.59627841463204,0.833479987578507
2050-01-30 12:00:00,2050,1,30,NA,-3.34279198600091,6.16819039049871
2050-01-31 12:00:00,2050,1,31,NA,-4.66399913935373,-0.0828696362175392
2050-02-01 12:00:00,2050,2,1,NA,-3.09090328354039,6.36622478632246
2050-02-02 12:00:00,2050,2,2,NA,-3.74556636478347,4.28106737868801
2050-02-03 12:00:00,2050,2,3,NA,-1.49154111160275,6.18479282122137
2050-02-04 12:00:00,2050,2,4,NA,0.178821621457078,12.6706287430159
2050-02-05 12:00:00,2050,2,5,NA,0.0531895596966603,16.4625602835705
2050-02-06 12:00:00,2050,2,6,NA,-0.0793614015403845,10.1826242725063
2050-02-07 12:00:00,2050,2,7,NA,-0.349396848682314,8.40396360644707
2050-02-08 12:00:00,2050,2,8,NA,-0.604407862991691,10.458183654984
2050-02-09 12:00:00,2050,2,9,NA,-1.5713701617465,6.78262285104677
2050-02-10 12:00:00,2050,2,10,NA,-0.819016291095124,11.1975868081899
2050-02-11 12:00:00,2050,2,11,NA,-0.605759749301413,9.0607077771685
2050-02-12 12:00:00,2050,2,12,NA,0.359282108018901,8.74188458492282
2050-02-13 12:00:00,2050,2,13,NA,0.696735182617107,10.0343324919752
2050-02-14 12:00:00,2050,2,14,NA,1.30675882707559,7.27012298493081
2050-02-15 12:00:00,2050,2,15,NA,-0.60615001740933,5.27280966948974
2050-02-16 12:00:00,2050,2,16,NA,-3.662195927047,9.21093408172062
2050-02-17 12:00:00,2050,2,17,NA,-2.23448917016511,9.78211392911993
2050-02-18 12:00:00,2050,2,18,NA,0.887184282277399,8.20797522253061
2050-02-19 12:00:00,2050,2,19,NA,-0.836640723390119,9.91612708052302
2050-02-20 12:00:00,2050,2,20,NA,0.762377643896843,13.9645882838657
2050-02-21 12:00:00,2050,2,21,NA,-1.33824891079855,12.8950304415011
2050-02-22 12:00:00,2050,2,22,NA,0.416326120402566,9.60316685576128
2050-02-23 12:00:00,2050,2,23,NA,4.90332021543317,12.5796541482573
2050-02-24 12:00:00,2050,2,24,NA,4.64246989462156,11.1341660055081
2050-02-25 12:00:00,2050,2,25,NA,3.50314902850369,13.7781930032991
2050-02-26 12:00:00,2050,2,26,NA,1.04037496207708,6.94213376950078
2050-02-27 12:00:00,2050,2,27,NA,0.356509013171378,13.018270909865
2050-02-28 12:00:00,2050,2,28,NA,-2.60961640558544,14.0568365755855
2050-03-01 12:00:00,2050,3,1,NA,-1.99361810587245,10.8406528488285
2050-03-02 12:00:00,2050,3,2,NA,-3.38341658379284,9.68364512235255
2050-03-03 12:00:00,2050,3,3,NA,-2.877317617536,11.4407683029554
2050-03-04 12:00:00,2050,3,4,NA,0.924388914869651,10.5164261324755
2050-03-05 12:00:00,2050,3,5,NA,0.0737539171471067,6.03954680961315
2050-03-06 12:00:00,2050,3,6,NA,-2.07962931000147,8.28075728594575
2050-03-07 12:00:00,2050,3,7,NA,0.693860297402452,8.76759942010109
2050-03-08 12:00:00,2050,3,8,NA,-0.609519948667,13.4452379096071
2050-03-09 12:00:00,2050,3,9,NA,2.33315550133782,16.411944757171
2050-03-10 12:00:00,2050,3,10,NA,4.31824357029613,18.5145934958068
2050-03-11 12:00:00,2050,3,11,NA,0.934225253722558,7.99887175368268
2050-03-12 12:00:00,2050,3,12,NA,1.50385915913894,8.41303290647754
2050-03-13 12:00:00,2050,3,13,NA,1.70188874459259,12.8803840194231
2050-03-14 12:00:00,2050,3,14,NA,2.9165065647911,14.1833174701334
2050-03-15 12:00:00,2050,3,15,NA,5.72077027410641,10.3040353427344
2050-03-16 12:00:00,2050,3,16,NA,3.91876918397544,16.572002798394
2050-03-17 12:00:00,2050,3,17,NA,-2.38133846647637,9.78220893822625
2050-03-18 12:00:00,2050,3,18,NA,-1.26712351641411,8.89113751858165
2050-03-19 12:00:00,2050,3,19,NA,-0.990271951127712,7.44820437788217
2050-03-20 12:00:00,2050,3,20,NA,-0.729362183883683,10.9456930527032
2050-03-21 12:00:00,2050,3,21,NA,-1.1017020005925,13.0946880512905
2050-03-22 12:00:00,2050,3,22,NA,0.482746492179876,9.18965788188404
2050-03-23 12:00:00,2050,3,23,NA,1.99316062314734,17.893158670999
2050-03-24 12:00:00,2050,3,24,NA,2.09920188824162,17.8799031241715
2050-03-25 12:00:00,2050,3,25,NA,2.77181791951531,19.4378569128294
2050-03-26 12:00:00,2050,3,26,NA,4.31034225973263,18.2051314611676
2050-03-27 12:00:00,2050,3,27,NA,1.505200833128,12.4179273326932
2050-03-28 12:00:00,2050,3,28,NA,1.42640424925414,15.3303353171814
2050-03-29 12:00:00,2050,3,29,NA,3.06064812369836,16.2429409184065
2050-03-30 12:00:00,2050,3,30,NA,2.01882202632862,17.66103189237
2050-03-31 12:00:00,2050,3,31,NA,4.19127199617818,21.9118960505013
2050-04-01 12:00:00,2050,4,1,NA,6.44434862725646,19.7342956380509
2050-04-02 12:00:00,2050,4,2,NA,5.85067416202406,19.9381045990932
2050-04-03 12:00:00,2050,4,3,NA,4.99297226917419,19.5614985443682
2050-04-04 12:00:00,2050,4,4,NA,7.68725143255455,22.4438656097448
2050-04-05 12:00:00,2050,4,5,NA,8.27275364060946,19.6904308319661
2050-04-06 12:00:00,2050,4,6,NA,6.01054940221925,11.8572649623377
2050-04-07 12:00:00,2050,4,7,NA,5.70428914152733,18.7421118476127
2050-04-08 12:00:00,2050,4,8,NA,5.73535383750117,21.9612488543458
2050-04-09 12:00:00,2050,4,9,NA,6.00544204583197,21.772517443051
2050-04-10 12:00:00,2050,4,10,NA,6.80700803387643,20.5765047986503
2050-04-11 12:00:00,2050,4,11,NA,9.33808799078439,21.3627305861096
2050-04-12 12:00:00,2050,4,12,NA,8.42145411287091,22.6750105647469
2050-04-13 12:00:00,2050,4,13,NA,4.02391440413951,17.0726838977617
2050-04-14 12:00:00,2050,4,14,NA,7.62641607288287,19.6510586682081
2050-04-15 12:00:00,2050,4,15,NA,8.69287419517006,14.4247113411891
2050-04-16 12:00:00,2050,4,16,NA,3.1905173659664,11.4675708375206
2050-04-17 12:00:00,2050,4,17,NA,4.96011048916445,20.092075558772
2050-04-18 12:00:00,2050,4,18,NA,4.78545747452635,21.8636523553467
2050-04-19 12:00:00,2050,4,19,NA,7.84126983157386,22.7262296618415
2050-04-20 12:00:00,2050,4,20,NA,9.83814555552326,16.0690736887133
2050-04-21 12:00:00,2050,4,21,NA,10.6134783044801,13.8748436628529
2050-04-22 12:00:00,2050,4,22,NA,7.74847778318016,19.6717807499364
2050-04-23 12:00:00,2050,4,23,NA,3.0343281340419,16.7058338455461
2050-04-24 12:00:00,2050,4,24,NA,5.33994138616807,17.2003603290944
2050-04-25 12:00:00,2050,4,25,NA,4.74783689136812,20.4691244879242
2050-04-26 12:00:00,2050,4,26,NA,4.33330530869115,23.2207383349676
2050-04-27 12:00:00,2050,4,27,NA,8.0600344848939,25.4699729621706
2050-04-28 12:00:00,2050,4,28,NA,10.0454446150768,33.4676351827345
2050-04-29 12:00:00,2050,4,29,NA,13.0050404919749,29.626839423198
2050-04-30 12:00:00,2050,4,30,NA,13.3648558830837,30.0533451451077
2050-05-01 12:00:00,2050,5,1,NA,15.666592411012,28.807687864636
2050-05-02 12:00:00,2050,5,2,NA,16.7631094612987,26.7622585940664
2050-05-03 12:00:00,2050,5,3,NA,14.8710150147375,19.7644446505674
2050-05-04 12:00:00,2050,5,4,NA,10.3145696555386,21.8333097364912
2050-05-05 12:00:00,2050,5,5,NA,9.96522520227885,17.3024563869941
2050-05-06 12:00:00,2050,5,6,NA,10.3932976923792,22.0166233481657
2050-05-07 12:00:00,2050,5,7,NA,8.87373796873405,20.9920232789099
2050-05-08 12:00:00,2050,5,8,NA,10.8028392239379,20.383383752679
2050-05-09 12:00:00,2050,5,9,NA,12.2996997102651,15.727209029122
2050-05-10 12:00:00,2050,5,10,NA,10.3135636683621,24.5078511010409
2050-05-11 12:00:00,2050,5,11,NA,11.0292784360613,21.7956602499349
2050-05-12 12:00:00,2050,5,12,NA,12.0221876366648,18.2702228332257
2050-05-13 12:00:00,2050,5,13,NA,11.0959916162386,21.5349446207324
2050-05-14 12:00:00,2050,5,14,NA,9.94448375605879,23.7472212239252
2050-05-15 12:00:00,2050,5,15,NA,10.8584477610447,26.8722888637931
2050-05-16 12:00:00,2050,5,16,NA,13.4379984099728,21.6419988927648
2050-05-17 12:00:00,2050,5,17,NA,12.1879584968721,24.9206289430408
2050-05-18 12:00:00,2050,5,18,NA,13.5199352711955,27.8594616301076
2050-05-19 12:00:00,2050,5,19,NA,14.3257147729387,29.9962419450672
2050-05-20 12:00:00,2050,5,20,NA,16.1361162173789,28.5427588916783
2050-05-21 12:00:00,2050,5,21,NA,18.7389648896076,23.3967275043629
2050-05-22 12:00:00,2050,5,22,NA,15.3217956968708,27.1861725118158
2050-05-23 12:00:00,2050,5,23,NA,10.884603536493,27.880833814071
2050-05-24 12:00:00,2050,5,24,NA,14.3786821025921,26.8077752043348
2050-05-25 12:00:00,2050,5,25,NA,13.247607285043,29.0799220707528
2050-05-26 12:00:00,2050,5,26,NA,13.7765473762653,29.5388077821671
2050-05-27 12:00:00,2050,5,27,NA,13.0336192428736,29.0938350038704
2050-05-28 12:00:00,2050,5,28,NA,15.8036953405642,30.1021898015735
2050-05-29 12:00:00,2050,5,29,NA,15.7059947007874,31.0656461706091
2050-05-30 12:00:00,2050,5,30,NA,14.2241024199481,33.0397358178251
2050-05-31 12:00:00,2050,5,31,NA,16.6609597973072,32.9070264794033
2050-06-01 12:00:00,2050,6,1,NA,19.0070771355288,25.8078297738478
2050-06-02 12:00:00,2050,6,2,NA,14.7948221654569,27.1500219493291
2050-06-03 12:00:00,2050,6,3,NA,18.1343879766851,25.1792478172623
2050-06-04 12:00:00,2050,6,4,NA,19.2473017536377,26.3018394799976
2050-06-05 12:00:00,2050,6,5,NA,19.3185857427776,28.9035424150063
2050-06-06 12:00:00,2050,6,6,NA,17.6902037081192,30.7941711233789
2050-06-07 12:00:00,2050,6,7,NA,18.067086804227,30.8579379288394
2050-06-08 12:00:00,2050,6,8,NA,18.0588645349325,29.6578535393178
2050-06-09 12:00:00,2050,6,9,NA,17.4365650819713,26.5232459548663
2050-06-10 12:00:00,2050,6,10,NA,19.0466195389438,30.7295073378411
2050-06-11 12:00:00,2050,6,11,NA,16.4925092647901,31.1073469992219
2050-06-12 12:00:00,2050,6,12,NA,17.5097768542597,31.373362506993
2050-06-13 12:00:00,2050,6,13,NA,18.561655968714,31.4220824882249
2050-06-14 12:00:00,2050,6,14,NA,19.3779346695867,29.6867519275462
2050-06-15 12:00:00,2050,6,15,NA,20.5379892648592,24.3886711036095
2050-06-16 12:00:00,2050,6,16,NA,20.3759865530211,27.4514840197264
2050-06-17 12:00:00,2050,6,17,NA,19.7317864457884,31.6309413717498
2050-06-18 12:00:00,2050,6,18,NA,21.8141906145413,31.2382765049027
2050-06-19 12:00:00,2050,6,19,NA,21.7768138099263,32.4376097283165
2050-06-20 12:00:00,2050,6,20,NA,21.2841614635143,30.2870296179442
2050-06-21 12:00:00,2050,6,21,NA,19.2154898789956,33.0790755317288
2050-06-22 12:00:00,2050,6,22,NA,20.2194780191723,35.7666210701763
2050-06-23 12:00:00,2050,6,23,NA,20.9635109880073,34.5246218756727
2050-06-24 12:00:00,2050,6,24,NA,22.6237628616675,32.702157578341
2050-06-25 12:00:00,2050,6,25,NA,23.2822130012588,35.0750569726639
2050-06-26 12:00:00,2050,6,26,NA,22.0760757468735,34.6121370971495
2050-06-27 12:00:00,2050,6,27,NA,25.7431100449977,33.0288803514876
2050-06-28 12:00:00,2050,6,28,NA,25.2656261764467,26.5479961884754
2050-06-29 12:00:00,2050,6,29,NA,21.7511703771184,25.2750409075592
2050-06-30 12:00:00,2050,6,30,NA,24.4014918589863,30.4442214986226
2050-07-01 12:00:00,2050,7,1,NA,24.0273021742469,28.0582949178403
2050-07-02 12:00:00,2050,7,2,NA,20.7146550505991,28.7816531608658
2050-07-03 12:00:00,2050,7,3,NA,23.7139924939861,30.9769353184636
2050-07-04 12:00:00,2050,7,4,NA,23.9092865728957,31.5750951720377
2050-07-05 12:00:00,2050,7,5,NA,24.3447443711151,32.3725395196482
2050-07-06 12:00:00,2050,7,6,NA,24.9170832698976,32.7254269747877
2050-07-07 12:00:00,2050,7,7,NA,24.7671888148971,32.5489952254886
2050-07-08 12:00:00,2050,7,8,NA,24.0492221346567,32.1060420901984
2050-07-09 12:00:00,2050,7,9,NA,24.4086191162538,30.7511194507813
2050-07-10 12:00:00,2050,7,10,NA,21.0014904555245,25.8440895666352
2050-07-11 12:00:00,2050,7,11,NA,23.1756031821043,29.0275672258713
2050-07-12 12:00:00,2050,7,12,NA,24.4179062611128,33.0929806492199
2050-07-13 12:00:00,2050,7,13,NA,23.6008957810976,33.5235987140599
2050-07-14 12:00:00,2050,7,14,NA,23.3616166322809,31.9325150172565
2050-07-15 12:00:00,2050,7,15,NA,23.3749747634941,34.3028908570771
2050-07-16 12:00:00,2050,7,16,NA,25.9216667925583,34.7759984733304
2050-07-17 12:00:00,2050,7,17,NA,24.2413523946634,34.5532758024761
2050-07-18 12:00:00,2050,7,18,NA,24.5472385059714,33.3855880640962
2050-07-19 12:00:00,2050,7,19,NA,23.4624571559606,32.2416779073229
2050-07-20 12:00:00,2050,7,20,NA,23.7495027443588,34.5549511059475
2050-07-21 12:00:00,2050,7,21,NA,23.7451807624555,33.7978132683958
2050-07-22 12:00:00,2050,7,22,NA,25.2050605516197,34.5360890110678
2050-07-23 12:00:00,2050,7,23,NA,23.63655311055,29.9790534450775
2050-07-24 12:00:00,2050,7,24,NA,23.4277977404793,31.928942778219
2050-07-25 12:00:00,2050,7,25,NA,22.999921163053,32.4691290863085
2050-07-26 12:00:00,2050,7,26,NA,25.1586528741837,34.6244031600611
2050-07-27 12:00:00,2050,7,27,NA,26.5604521767083,34.8977367584429
2050-07-28 12:00:00,2050,7,28,NA,26.5603376686886,31.3908579936748
2050-07-29 12:00:00,2050,7,29,NA,24.2081733077303,29.0396278431987
2050-07-30 12:00:00,2050,7,30,NA,23.9133815528845,29.3332531205159
2050-07-31 12:00:00,2050,7,31,NA,26.326402126004,32.7151347206284
2050-08-01 12:00:00,2050,8,1,NA,26.0888691791397,36.7896446889666
2050-08-02 12:00:00,2050,8,2,NA,26.4132088050659,36.0502529720248
2050-08-03 12:00:00,2050,8,3,NA,24.3008299332169,29.11448022995
2050-08-04 12:00:00,2050,8,4,NA,24.7844413575741,32.1116956143908
2050-08-05 12:00:00,2050,8,5,NA,29.0427541111153,32.3013239179068
2050-08-06 12:00:00,2050,8,6,NA,30.325353348882,31.5040346465142
2050-08-07 12:00:00,2050,8,7,NA,29.2845457052945,30.3537711622545
2050-08-08 12:00:00,2050,8,8,NA,27.5162325694231,32.6979481514856
2050-08-09 12:00:00,2050,8,9,NA,25.2571061423842,34.124063784301
2050-08-10 12:00:00,2050,8,10,NA,26.2627469538764,34.2700606506377
2050-08-11 12:00:00,2050,8,11,NA,26.548070234757,36.6701157471792
2050-08-12 12:00:00,2050,8,12,NA,30.0673394414033,31.8819162928588
2050-08-13 12:00:00,2050,8,13,NA,26.5932857953375,33.2134767038329
2050-08-14 12:00:00,2050,8,14,NA,26.8017203749228,30.4831218371953
2050-08-15 12:00:00,2050,8,15,NA,23.9850788775097,30.4401236992512
2050-08-16 12:00:00,2050,8,16,NA,24.9436826368721,28.9022461147627
2050-08-17 12:00:00,2050,8,17,NA,23.1414037002608,32.2831591407937
2050-08-18 12:00:00,2050,8,18,NA,23.0407314215809,33.6584463499046
2050-08-19 12:00:00,2050,8,19,NA,24.4880347487278,33.3019826617693
2050-08-20 12:00:00,2050,8,20,NA,23.1652007379126,32.2996361975452
2050-08-21 12:00:00,2050,8,21,NA,25.7909902353129,34.2712972577433
2050-08-22 12:00:00,2050,8,22,NA,25.7062004176857,31.1079089985464
2050-08-23 12:00:00,2050,8,23,NA,24.8529562375214,34.8633919368272
2050-08-24 12:00:00,2050,8,24,NA,25.4455437155717,36.0026660419176
2050-08-25 12:00:00,2050,8,25,NA,24.9693586511186,35.3319409376515
2050-08-26 12:00:00,2050,8,26,NA,25.5971119251192,34.9156366573876
2050-08-27 12:00:00,2050,8,27,NA,26.8242581510013,32.4984925622887
2050-08-28 12:00:00,2050,8,28,NA,23.9511776456234,31.6306635266103
2050-08-29 12:00:00,2050,8,29,NA,23.4558218989853,30.3098279888145
2050-08-30 12:00:00,2050,8,30,NA,22.0368096725573,27.7963207710201
2050-08-31 12:00:00,2050,8,31,NA,21.5819125620453,28.5955446665313
2050-09-01 12:00:00,2050,9,1,NA,23.4293319177196,27.2788549268853
2050-09-02 12:00:00,2050,9,2,NA,20.5204115410353,23.9915915358045
2050-09-03 12:00:00,2050,9,3,NA,16.2272724474351,23.432668223546
2050-09-04 12:00:00,2050,9,4,NA,15.9184686643701,24.34497685166
2050-09-05 12:00:00,2050,9,5,NA,17.0643799233893,25.2193181863275
2050-09-06 12:00:00,2050,9,6,NA,17.6053427607927,20.9674833695689
2050-09-07 12:00:00,2050,9,7,NA,16.4049248437743,18.9670350577859
2050-09-08 12:00:00,2050,9,8,NA,12.8930330142788,25.3529309318295
2050-09-09 12:00:00,2050,9,9,NA,16.9918908761946,29.5856255079166
2050-09-10 12:00:00,2050,9,10,NA,18.5065053340726,30.2057758729086
2050-09-11 12:00:00,2050,9,11,NA,18.4273695914108,31.0208044415646
2050-09-12 12:00:00,2050,9,12,NA,18.4795361907053,30.9698019783509
2050-09-13 12:00:00,2050,9,13,NA,23.2101150294594,28.959948440845
2050-09-14 12:00:00,2050,9,14,NA,21.3446775516104,25.7815900386718
2050-09-15 12:00:00,2050,9,15,NA,20.2892693263609,26.7533564055656
2050-09-16 12:00:00,2050,9,16,NA,16.6062054898075,30.0262641915852
2050-09-17 12:00:00,2050,9,17,NA,18.2883335164702,32.6675934899409
2050-09-18 12:00:00,2050,9,18,NA,15.4877279796719,30.7471015462136
2050-09-19 12:00:00,2050,9,19,NA,15.600057810714,29.8820670314835
2050-09-20 12:00:00,2050,9,20,NA,21.1767071035814,27.6455186168212
2050-09-21 12:00:00,2050,9,21,NA,18.0546624781347,29.216065855371
2050-09-22 12:00:00,2050,9,22,NA,16.8655812174597,23.9164571015781
2050-09-23 12:00:00,2050,9,23,NA,17.6023189734561,22.4689983073355
2050-09-24 12:00:00,2050,9,24,NA,18.5362820932038,21.5208593599905
2050-09-25 12:00:00,2050,9,25,NA,15.4354037061053,25.3028808911421
2050-09-26 12:00:00,2050,9,26,NA,15.1672394130424,25.2495454758756
2050-09-27 12:00:00,2050,9,27,NA,15.6221235304695,26.1693128396902
2050-09-28 12:00:00,2050,9,28,NA,16.3676164856275,26.4634677790578
2050-09-29 12:00:00,2050,9,29,NA,16.8654771404638,23.3677864974664
2050-09-30 12:00:00,2050,9,30,NA,21.3328278723886,28.4948525943465
2050-10-01 12:00:00,2050,10,1,NA,18.1688041205009,26.3433274819981
2050-10-02 12:00:00,2050,10,2,NA,16.0138263975992,27.4239074520476
2050-10-03 12:00:00,2050,10,3,NA,15.3346735911127,26.103344277981
2050-10-04 12:00:00,2050,10,4,NA,17.0109532535223,28.6140711203127
2050-10-05 12:00:00,2050,10,5,NA,17.2638229169515,27.770173546925
2050-10-06 12:00:00,2050,10,6,NA,14.9548607569965,22.9271692732087
2050-10-07 12:00:00,2050,10,7,NA,18.4151812325065,25.393823091418
2050-10-08 12:00:00,2050,10,8,NA,17.0848132223973,29.1804676180497
2050-10-09 12:00:00,2050,10,9,NA,16.2056302624041,23.8700257875652
2050-10-10 12:00:00,2050,10,10,NA,12.0504930447053,25.4746701372404
2050-10-11 12:00:00,2050,10,11,NA,13.4683817326762,23.3396887809759
2050-10-12 12:00:00,2050,10,12,NA,12.6404389414736,23.424877121288
2050-10-13 12:00:00,2050,10,13,NA,11.863149781642,20.9645765571168
2050-10-14 12:00:00,2050,10,14,NA,11.1038189439445,24.5785993434621
2050-10-15 12:00:00,2050,10,15,NA,11.2969000245961,26.8358224393525
2050-10-16 12:00:00,2050,10,16,NA,11.8760688299574,28.7109013972421
2050-10-17 12:00:00,2050,10,17,NA,11.6356799157034,21.3277210786573
2050-10-18 12:00:00,2050,10,18,NA,12.5810790061918,25.3569351926656
2050-10-19 12:00:00,2050,10,19,NA,9.43703275301337,20.3939647588262
2050-10-20 12:00:00,2050,10,20,NA,9.69690862507865,18.594662574183
2050-10-21 12:00:00,2050,10,21,NA,9.5844505506627,17.9701768660578
2050-10-22 12:00:00,2050,10,22,NA,9.65554500264734,19.2194330160739
2050-10-23 12:00:00,2050,10,23,NA,8.55057567167428,19.078890129841
2050-10-24 12:00:00,2050,10,24,NA,6.380144448099,18.4891093938252
2050-10-25 12:00:00,2050,10,25,NA,8.20550901979914,14.8975560521718
2050-10-26 12:00:00,2050,10,26,NA,9.79642988815178,17.684167490861
2050-10-27 12:00:00,2050,10,27,NA,8.04747199941393,22.7834908436438
2050-10-28 12:00:00,2050,10,28,NA,7.41421706561339,24.3716930095976
2050-10-29 12:00:00,2050,10,29,NA,9.2766749917181,20.5734342518312
2050-10-30 12:00:00,2050,10,30,NA,9.56233421539005,22.8411409944435
2050-10-31 12:00:00,2050,10,31,NA,8.26081998475083,16.8536225267949
2050-11-01 12:00:00,2050,11,1,NA,4.19399553481445,15.1509275406273
2050-11-02 12:00:00,2050,11,2,NA,3.98785498861569,10.6719462878501
2050-11-03 12:00:00,2050,11,3,NA,4.97233209636582,18.7175254217731
2050-11-04 12:00:00,2050,11,4,NA,2.4529462806251,16.2938087722291
2050-11-05 12:00:00,2050,11,5,NA,4.53209901044572,16.7394140931142
2050-11-06 12:00:00,2050,11,6,NA,4.74484883835946,12.4953094632449
2050-11-07 12:00:00,2050,11,7,NA,8.42743526082563,14.8918595058325
2050-11-08 12:00:00,2050,11,8,NA,7.4488732307771,12.729061925695
2050-11-09 12:00:00,2050,11,9,NA,5.42149593523603,14.5387823346628
2050-11-10 12:00:00,2050,11,10,NA,3.5964186834725,11.7113878803198
2050-11-11 12:00:00,2050,11,11,NA,2.66595024227961,12.4955447593228
2050-11-12 12:00:00,2050,11,12,NA,3.44934642922917,13.3897946487392
2050-11-13 12:00:00,2050,11,13,NA,3.70137104438519,15.3411589836776
2050-11-14 12:00:00,2050,11,14,NA,2.47904069921277,15.4927557836725
2050-11-15 12:00:00,2050,11,15,NA,9.09350323277652,14.124996311537
2050-11-16 12:00:00,2050,11,16,NA,6.52585115871006,9.87066682183127
2050-11-17 12:00:00,2050,11,17,NA,4.20275208830567,12.0739814894657
2050-11-18 12:00:00,2050,11,18,NA,2.65435218444971,15.3446705705854
2050-11-19 12:00:00,2050,11,19,NA,7.3360715222404,13.5501305659309
2050-11-20 12:00:00,2050,11,20,NA,5.99471335390439,16.4452914975516
2050-11-21 12:00:00,2050,11,21,NA,2.87093666503007,17.1085472627142
2050-11-22 12:00:00,2050,11,22,NA,0.251782386060708,15.5841375858821
2050-11-23 12:00:00,2050,11,23,NA,0.559983873799651,8.55344005782289
2050-11-24 12:00:00,2050,11,24,NA,1.01345889630751,10.7173831743845
2050-11-25 12:00:00,2050,11,25,NA,0.473560927267367,12.2578579824273
2050-11-26 12:00:00,2050,11,26,NA,0.854731052130871,12.1197640561634
2050-11-27 12:00:00,2050,11,27,NA,1.16754298156526,10.4440083452257
2050-11-28 12:00:00,2050,11,28,NA,-1.1378516905911,8.17992070540909
2050-11-29 12:00:00,2050,11,29,NA,-0.932685993244367,9.87597117336438
2050-11-30 12:00:00,2050,11,30,NA,-1.11832082110241,11.7610810153843
2050-12-01 12:00:00,2050,12,1,NA,-2.0024557677008,10.934363763574
2050-12-02 12:00:00,2050,12,2,NA,-0.120268748714746,9.40177661666576
2050-12-03 12:00:00,2050,12,3,NA,2.21275564710671,10.9889204042325
2050-12-04 12:00:00,2050,12,4,NA,1.86893259926069,14.8001229435361
2050-12-05 12:00:00,2050,12,5,NA,3.94011954758145,11.79553454443
2050-12-06 12:00:00,2050,12,6,NA,4.9514927503507,14.8635030199794
2050-12-07 12:00:00,2050,12,7,NA,8.7534651796667,16.5818425711755
2050-12-08 12:00:00,2050,12,8,NA,6.03382733147534,15.3487466574831
2050-12-09 12:00:00,2050,12,9,NA,3.89207128364342,8.88696396006873
2050-12-10 12:00:00,2050,12,10,NA,1.20152777753709,7.77283701570452
2050-12-11 12:00:00,2050,12,11,NA,-0.344108625254731,9.15289342029686
2050-12-12 12:00:00,2050,12,12,NA,-0.572495611397408,8.60787607596173
2050-12-13 12:00:00,2050,12,13,NA,-2.09677723424146,6.1811154867602
2050-12-14 12:00:00,2050,12,14,NA,-4.99339075994394,5.52472328242401
2050-12-15 12:00:00,2050,12,15,NA,-1.3538459613632,7.8465071457287
2050-12-16 12:00:00,2050,12,16,NA,2.64573992772072,13.1470477721094
2050-12-17 12:00:00,2050,12,17,NA,-0.810146096955346,9.29110511225246
2050-12-18 12:00:00,2050,12,18,NA,-1.11397174687162,6.35157774042322
2050-12-19 12:00:00,2050,12,19,NA,-0.360020795851498,2.16550595495704
2050-12-20 12:00:00,2050,12,20,NA,-0.860902473427987,5.20741304398483
2050-12-21 12:00:00,2050,12,21,NA,-2.1987625125365,4.07824292183976
2050-12-22 12:00:00,2050,12,22,NA,-1.82379174974981,8.67751609463884
2050-12-23 12:00:00,2050,12,23,NA,1.60759161849914,9.49479683543428
2050-12-24 12:00:00,2050,12,24,NA,1.13874271963687,10.8467719856002
2050-12-25 12:00:00,2050,12,25,NA,-1.28281699861995,8.86124255203956
2050-12-26 12:00:00,2050,12,26,NA,-2.38258418060344,9.89188055800375
2050-12-27 12:00:00,2050,12,27,NA,-5.0433501424864,0.473866307090552
2050-12-28 12:00:00,2050,12,28,NA,-4.62724772897993,3.55877253720515
2050-12-29 12:00:00,2050,12,29,NA,-1.09854118380033,7.99549448224752
2050-12-30 12:00:00,2050,12,30,NA,-1.0444918451128,6.26064716778179
2050-12-31 12:00:00,2050,12,31,NA,-1.32954980114252,10.090712114558
2051-01-01 12:00:00,2051,1,1,NA,-4.59368170607236,5.36911454887401
2051-01-02 12:00:00,2051,1,2,NA,-1.38692687380972,5.38814595590875
2051-01-03 12:00:00,2051,1,3,NA,-2.96802172025479,-0.684644999990695
2051-01-04 12:00:00,2051,1,4,NA,-2.72250324783115,4.47805508796514
2051-01-05 12:00:00,2051,1,5,NA,-6.18402781261308,5.13182618639776
2051-01-06 12:00:00,2051,1,6,NA,-3.25921882347135,1.26370434529016
2051-01-07 12:00:00,2051,1,7,NA,-3.36997778907042,6.30037725771042
2051-01-08 12:00:00,2051,1,8,NA,-4.69222024761144,8.26966699910624
2051-01-09 12:00:00,2051,1,9,NA,-6.67512715063313,0.489043980217652
2051-01-10 12:00:00,2051,1,10,NA,-5.50078558528937,3.14524981541757
2051-01-11 12:00:00,2051,1,11,NA,-5.44336677087487,3.59538177711307
2051-01-12 12:00:00,2051,1,12,NA,-4.25118686971479,2.90725994918339
2051-01-13 12:00:00,2051,1,13,NA,-0.433617774122149,6.72482904477604
2051-01-14 12:00:00,2051,1,14,NA,-0.779597217639676,8.75575199021051
2051-01-15 12:00:00,2051,1,15,NA,1.95968329298277,12.1066068794836
2051-01-16 12:00:00,2051,1,16,NA,-2.51237711197092,8.26950961897815
2051-01-17 12:00:00,2051,1,17,NA,-4.32904425119475,8.09902705134671
2051-01-18 12:00:00,2051,1,18,NA,-1.48494868532411,9.29693804562497
2051-01-19 12:00:00,2051,1,19,NA,0.249272278318681,8.50315571314266
2051-01-20 12:00:00,2051,1,20,NA,0.526310802392329,10.7957733102156
2051-01-21 12:00:00,2051,1,21,NA,-0.557111577666966,9.2922653741413
2051-01-22 12:00:00,2051,1,22,NA,-1.00003763779473,9.51807255060669
2051-01-23 12:00:00,2051,1,23,NA,-1.23421523933325,8.80623553609805
2051-01-24 12:00:00,2051,1,24,NA,-0.604912228133927,8.4328908426304
2051-01-25 12:00:00,2051,1,25,NA,-3.36228375448981,0.38539577937333
2051-01-26 12:00:00,2051,1,26,NA,-2.05488979317149,3.84546092225628
2051-01-27 12:00:00,2051,1,27,NA,-4.43103776707992,7.61623629659732
2051-01-28 12:00:00,2051,1,28,NA,-2.97429985017567,7.8075868807734
2051-01-29 12:00:00,2051,1,29,NA,-0.728126598159281,10.3253397523942
2051-01-30 12:00:00,2051,1,30,NA,-1.01490480392999,7.23052860357354
2051-01-31 12:00:00,2051,1,31,NA,3.37507824512417,10.4732770409142
2051-02-01 12:00:00,2051,2,1,NA,1.35106775457905,6.29039929709525
2051-02-02 12:00:00,2051,2,2,NA,-0.900868599569963,1.50579384941072
2051-02-03 12:00:00,2051,2,3,NA,-3.42652624755498,1.14642332082049
2051-02-04 12:00:00,2051,2,4,NA,-6.03628084558989,5.37131977853172
2051-02-05 12:00:00,2051,2,5,NA,-3.40238955170622,9.12210159654651
2051-02-06 12:00:00,2051,2,6,NA,-1.3068456404084,14.3239659968198
2051-02-07 12:00:00,2051,2,7,NA,-3.75379974567317,12.9634725252295
2051-02-08 12:00:00,2051,2,8,NA,0.277443009829396,9.21119444830653
2051-02-09 12:00:00,2051,2,9,NA,-1.3592464886539,9.08008925466174
2051-02-10 12:00:00,2051,2,10,NA,-0.700700930468495,7.04383040856583
2051-02-11 12:00:00,2051,2,11,NA,-1.12541055218538,7.89639850072872
2051-02-12 12:00:00,2051,2,12,NA,-1.58887442947877,9.17224402659837
2051-02-13 12:00:00,2051,2,13,NA,-7.77437616829896,0.720706297695254
2051-02-14 12:00:00,2051,2,14,NA,-11.3085491157011,-1.04656344165433
2051-02-15 12:00:00,2051,2,15,NA,-8.52085801657392,3.7560640560193
2051-02-16 12:00:00,2051,2,16,NA,-2.94092551708448,6.43929300251269
2051-02-17 12:00:00,2051,2,17,NA,-2.83979116902,3.64863061254147
2051-02-18 12:00:00,2051,2,18,NA,-8.25985250993543,-4.0890414697783
2051-02-19 12:00:00,2051,2,19,NA,-9.08951315168293,-2.16495598457112
2051-02-20 12:00:00,2051,2,20,NA,-8.25432649265984,6.42161244443521
2051-02-21 12:00:00,2051,2,21,NA,-5.41110447423749,12.2115095812287
2051-02-22 12:00:00,2051,2,22,NA,-0.082497035983236,12.3815051907348
2051-02-23 12:00:00,2051,2,23,NA,1.48424724930448,10.8186107849416
2051-02-24 12:00:00,2051,2,24,NA,-1.32069830447285,14.3119123320629
2051-02-25 12:00:00,2051,2,25,NA,7.2488903748711,15.1940417702179
2051-02-26 12:00:00,2051,2,26,NA,6.18950132075106,9.9745772856009
2051-02-27 12:00:00,2051,2,27,NA,2.8282614188038,8.87652416638044
2051-02-28 12:00:00,2051,2,28,NA,2.58841232608786,14.3017114703739
2051-03-01 12:00:00,2051,3,1,NA,3.35942459099245,17.5473921838809
2051-03-02 12:00:00,2051,3,2,NA,8.10424010655534,21.5950533098906
2051-03-03 12:00:00,2051,3,3,NA,4.87349455008148,21.1881477663525
2051-03-04 12:00:00,2051,3,4,NA,8.61276137049591,16.3270012710499
2051-03-05 12:00:00,2051,3,5,NA,6.15202772108018,20.2186436857679
2051-03-06 12:00:00,2051,3,6,NA,5.48686711386198,19.9829378191321
2051-03-07 12:00:00,2051,3,7,NA,7.19664160676827,14.1281796230789
2051-03-08 12:00:00,2051,3,8,NA,5.98288536941204,13.0195819666716
2051-03-09 12:00:00,2051,3,9,NA,3.7950626974375,15.9261330766313
2051-03-10 12:00:00,2051,3,10,NA,4.69381485721396,18.805345159197
2051-03-11 12:00:00,2051,3,11,NA,6.75841904780052,22.6440023220137
2051-03-12 12:00:00,2051,3,12,NA,4.64572699330269,19.8255429764824
2051-03-13 12:00:00,2051,3,13,NA,10.8238711096849,22.7005185372726
2051-03-14 12:00:00,2051,3,14,NA,6.58361452294654,14.7681326074713
2051-03-15 12:00:00,2051,3,15,NA,8.33283778920682,20.826065073367
2051-03-16 12:00:00,2051,3,16,NA,6.64292868483398,13.3434737286062
2051-03-17 12:00:00,2051,3,17,NA,4.62631239355895,17.7982843370317
2051-03-18 12:00:00,2051,3,18,NA,5.11977315206658,19.5644502177303
2051-03-19 12:00:00,2051,3,19,NA,6.99369907385446,20.6779590260871
2051-03-20 12:00:00,2051,3,20,NA,8.60796415026294,15.7505930677634
2051-03-21 12:00:00,2051,3,21,NA,7.06615241775831,14.5251361292164
2051-03-22 12:00:00,2051,3,22,NA,4.22187525320332,16.2391681449172
2051-03-23 12:00:00,2051,3,23,NA,2.63011098272961,15.7943906796998
2051-03-24 12:00:00,2051,3,24,NA,2.82247770076659,19.4367284464126
2051-03-25 12:00:00,2051,3,25,NA,8.95853352514744,21.7554690964515
2051-03-26 12:00:00,2051,3,26,NA,10.4150829919353,24.1062867031038
2051-03-27 12:00:00,2051,3,27,NA,10.6652358582577,23.1525669284546
2051-03-28 12:00:00,2051,3,28,NA,10.1135628169116,23.8059403148368
2051-03-29 12:00:00,2051,3,29,NA,10.5983170317306,24.5022480996579
2051-03-30 12:00:00,2051,3,30,NA,11.4975723425597,23.0832810506728
2051-03-31 12:00:00,2051,3,31,NA,9.46787264380965,27.851561942189
2051-04-01 12:00:00,2051,4,1,NA,8.15453584757484,20.9474218670105
2051-04-02 12:00:00,2051,4,2,NA,14.9146091597878,22.336301246375
2051-04-03 12:00:00,2051,4,3,NA,13.9958382483907,21.1816898748598
2051-04-04 12:00:00,2051,4,4,NA,11.9191427467158,22.7908477477442
2051-04-05 12:00:00,2051,4,5,NA,11.556921655348,23.3556976839952
2051-04-06 12:00:00,2051,4,6,NA,12.8736851131015,25.8037498336291
2051-04-07 12:00:00,2051,4,7,NA,12.8860323798341,25.3139577881902
2051-04-08 12:00:00,2051,4,8,NA,11.0048447608669,21.6892191440871
2051-04-09 12:00:00,2051,4,9,NA,8.82421102942635,24.6060061830284
2051-04-10 12:00:00,2051,4,10,NA,12.9989209526677,15.2028061766579
2051-04-11 12:00:00,2051,4,11,NA,12.0724277797572,14.7808373850736
2051-04-12 12:00:00,2051,4,12,NA,11.5618750454171,15.7644888470152
2051-04-13 12:00:00,2051,4,13,NA,8.53545550611733,16.041852653697
2051-04-14 12:00:00,2051,4,14,NA,9.82895023152354,22.7107568234606
2051-04-15 12:00:00,2051,4,15,NA,8.36508539866161,24.5110876427317
2051-04-16 12:00:00,2051,4,16,NA,6.85055469557571,19.6145815230638
2051-04-17 12:00:00,2051,4,17,NA,8.42335570494925,22.3703237324883
2051-04-18 12:00:00,2051,4,18,NA,9.95374331984172,16.0806438532105
2051-04-19 12:00:00,2051,4,19,NA,9.47059891983145,20.9904169203806
2051-04-20 12:00:00,2051,4,20,NA,9.1627493863806,20.7489091842983
2051-04-21 12:00:00,2051,4,21,NA,11.7337696916903,25.7489892817983
2051-04-22 12:00:00,2051,4,22,NA,9.6564688992493,25.4378784996889
2051-04-23 12:00:00,2051,4,23,NA,13.7839877737858,25.4436035550876
2051-04-24 12:00:00,2051,4,24,NA,16.1806118618436,26.9783577420326
2051-04-25 12:00:00,2051,4,25,NA,13.9956404660896,26.0755938281996
2051-04-26 12:00:00,2051,4,26,NA,13.1213483497342,25.6717404027622
2051-04-27 12:00:00,2051,4,27,NA,9.25620567056098,19.7323198638326
2051-04-28 12:00:00,2051,4,28,NA,11.3141891996788,25.1034072667555
2051-04-29 12:00:00,2051,4,29,NA,10.8985743845483,25.7584368710507
2051-04-30 12:00:00,2051,4,30,NA,12.6394444354326,24.6847158458471
2051-05-01 12:00:00,2051,5,1,NA,12.7424856150829,28.888487859153
2051-05-02 12:00:00,2051,5,2,NA,10.4203228167352,26.1209287754912
2051-05-03 12:00:00,2051,5,3,NA,11.9219377215536,20.7360746990588
2051-05-04 12:00:00,2051,5,4,NA,9.55653641267872,23.3370940903423
2051-05-05 12:00:00,2051,5,5,NA,17.2130435889535,23.5821415768322
2051-05-06 12:00:00,2051,5,6,NA,15.3829653969927,21.6358900304205
2051-05-07 12:00:00,2051,5,7,NA,12.4375033578779,27.622540344567
2051-05-08 12:00:00,2051,5,8,NA,13.0327571673992,26.4191432897189
2051-05-09 12:00:00,2051,5,9,NA,10.9318042617855,29.7536410605015
2051-05-10 12:00:00,2051,5,10,NA,11.1301358750452,27.447220404672
2051-05-11 12:00:00,2051,5,11,NA,12.7818685434593,26.1476130630312
2051-05-12 12:00:00,2051,5,12,NA,10.9764076664525,26.843877718405
2051-05-13 12:00:00,2051,5,13,NA,17.458532036886,27.1977381757585
2051-05-14 12:00:00,2051,5,14,NA,15.8182053927911,24.6900405443787
2051-05-15 12:00:00,2051,5,15,NA,12.7575208626623,22.3380653914034
2051-05-16 12:00:00,2051,5,16,NA,15.3833087502607,25.0614203062956
2051-05-17 12:00:00,2051,5,17,NA,10.3985771959093,23.2985414473763
2051-05-18 12:00:00,2051,5,18,NA,11.5576552337565,25.2565838936494
2051-05-19 12:00:00,2051,5,19,NA,11.6951858899878,29.1960879597504
2051-05-20 12:00:00,2051,5,20,NA,11.5886955177457,29.3054982192362
2051-05-21 12:00:00,2051,5,21,NA,13.3291131131891,29.2476672432527
2051-05-22 12:00:00,2051,5,22,NA,14.4734526211596,31.1165287188444
2051-05-23 12:00:00,2051,5,23,NA,15.138783625612,29.8186809803185
2051-05-24 12:00:00,2051,5,24,NA,21.4070025207803,24.3808778151147
2051-05-25 12:00:00,2051,5,25,NA,20.4569373310562,23.6849844279784
2051-05-26 12:00:00,2051,5,26,NA,16.4501198659893,26.8234323407828
2051-05-27 12:00:00,2051,5,27,NA,17.3486579420826,28.2146037935896
2051-05-28 12:00:00,2051,5,28,NA,14.6581439559706,27.4804075390553
2051-05-29 12:00:00,2051,5,29,NA,15.3891824253432,28.0424326002564
2051-05-30 12:00:00,2051,5,30,NA,15.3067230814948,30.3301698369584
2051-05-31 12:00:00,2051,5,31,NA,15.6039198859923,31.6685184138524
2051-06-01 12:00:00,2051,6,1,NA,15.9197986219074,31.8263115081458
2051-06-02 12:00:00,2051,6,2,NA,17.0887055394796,32.7841534549754
2051-06-03 12:00:00,2051,6,3,NA,18.2974503809159,28.2209933425442
2051-06-04 12:00:00,2051,6,4,NA,17.0134441749135,28.0694891841084
2051-06-05 12:00:00,2051,6,5,NA,17.3001230711414,24.3247907344302
2051-06-06 12:00:00,2051,6,6,NA,17.3375244807864,26.5760247972978
2051-06-07 12:00:00,2051,6,7,NA,17.2758886473729,29.4296686879033
2051-06-08 12:00:00,2051,6,8,NA,17.4201233662469,29.2602561948979
2051-06-09 12:00:00,2051,6,9,NA,20.2488704195385,30.4117034282856
2051-06-10 12:00:00,2051,6,10,NA,19.1788258536274,31.6382764531242
2051-06-11 12:00:00,2051,6,11,NA,20.8094882963497,26.1769719760657
2051-06-12 12:00:00,2051,6,12,NA,20.0924613086619,33.833285941653
2051-06-13 12:00:00,2051,6,13,NA,19.1727518624801,31.2306883731511
2051-06-14 12:00:00,2051,6,14,NA,20.5185661265332,28.3577298179441
2051-06-15 12:00:00,2051,6,15,NA,19.9238684268054,28.3473282240168
2051-06-16 12:00:00,2051,6,16,NA,21.2583626091136,26.0145770671379
2051-06-17 12:00:00,2051,6,17,NA,19.8548855843747,27.9325344967311
2051-06-18 12:00:00,2051,6,18,NA,20.8222802013785,25.5611692793307
2051-06-19 12:00:00,2051,6,19,NA,19.8195034358555,28.7533858653545
2051-06-20 12:00:00,2051,6,20,NA,17.4478067161548,26.2962430720768
2051-06-21 12:00:00,2051,6,21,NA,15.7725893765938,29.8803298483769
2051-06-22 12:00:00,2051,6,22,NA,15.7708051956225,26.7428497272845
2051-06-23 12:00:00,2051,6,23,NA,17.2874843497693,29.8235457000453
2051-06-24 12:00:00,2051,6,24,NA,17.9421825513722,31.3052574499901
2051-06-25 12:00:00,2051,6,25,NA,19.5617118839568,34.7630034186227
2051-06-26 12:00:00,2051,6,26,NA,16.0811193763053,30.4249247725377
2051-06-27 12:00:00,2051,6,27,NA,16.6270452250555,32.6790702141209
2051-06-28 12:00:00,2051,6,28,NA,17.1977467130278,33.2326544772873
2051-06-29 12:00:00,2051,6,29,NA,22.4153280954877,29.4919753835896
2051-06-30 12:00:00,2051,6,30,NA,21.4002429870713,29.8063827241103
2051-07-01 12:00:00,2051,7,1,NA,23.241870176739,31.4135883396705
2051-07-02 12:00:00,2051,7,2,NA,22.1147086208206,25.1433158535977
2051-07-03 12:00:00,2051,7,3,NA,22.1928722280259,28.2814348678536
2051-07-04 12:00:00,2051,7,4,NA,22.0542604354152,28.0011671423739
2051-07-05 12:00:00,2051,7,5,NA,22.1228188050972,29.2483948107078
2051-07-06 12:00:00,2051,7,6,NA,22.3471565962545,28.3118787876405
2051-07-07 12:00:00,2051,7,7,NA,20.3099838503228,24.9401006535315
2051-07-08 12:00:00,2051,7,8,NA,21.6599962242248,24.3959957164398
2051-07-09 12:00:00,2051,7,9,NA,21.6301368835397,28.7322283061036
2051-07-10 12:00:00,2051,7,10,NA,19.8783800357764,24.7260715512525
2051-07-11 12:00:00,2051,7,11,NA,22.0810525120458,30.9353841928179
2051-07-12 12:00:00,2051,7,12,NA,23.7685649958164,33.3408339780129
2051-07-13 12:00:00,2051,7,13,NA,24.1837496511311,34.0944585030222
2051-07-14 12:00:00,2051,7,14,NA,25.5354911638283,28.3578221740676
2051-07-15 12:00:00,2051,7,15,NA,24.7002958792604,29.0642427652362
2051-07-16 12:00:00,2051,7,16,NA,27.2959734065327,33.3632674363193
2051-07-17 12:00:00,2051,7,17,NA,26.1574562252451,29.6769852739244
2051-07-18 12:00:00,2051,7,18,NA,26.7956368247331,33.8537197374727
2051-07-19 12:00:00,2051,7,19,NA,29.3776337939708,35.3245405009294
2051-07-20 12:00:00,2051,7,20,NA,28.3538620579354,36.0703292577451
2051-07-21 12:00:00,2051,7,21,NA,28.2392496706028,36.7395281686028
2051-07-22 12:00:00,2051,7,22,NA,28.4721933203455,33.521980712932
2051-07-23 12:00:00,2051,7,23,NA,26.4055015811983,34.5088689562688
2051-07-24 12:00:00,2051,7,24,NA,24.3530285412111,35.3875448673069
2051-07-25 12:00:00,2051,7,25,NA,23.5398993836955,30.7084942160464
2051-07-26 12:00:00,2051,7,26,NA,23.5629025684467,30.3611073815067
2051-07-27 12:00:00,2051,7,27,NA,26.3437895297807,29.9640001335053
2051-07-28 12:00:00,2051,7,28,NA,23.4376871104572,31.4654822589903
2051-07-29 12:00:00,2051,7,29,NA,23.691447423229,30.3615116687423
2051-07-30 12:00:00,2051,7,30,NA,26.1853595063121,32.5278598408396
2051-07-31 12:00:00,2051,7,31,NA,27.1102352339204,34.7015318613289
2051-08-01 12:00:00,2051,8,1,NA,28.5193893260173,35.1879648067921
2051-08-02 12:00:00,2051,8,2,NA,28.4982090286249,36.311018546151
2051-08-03 12:00:00,2051,8,3,NA,27.4854355826305,36.1340620093993
2051-08-04 12:00:00,2051,8,4,NA,27.3764540521163,33.4237532192202
2051-08-05 12:00:00,2051,8,5,NA,29.9249863595748,32.0584548619521
2051-08-06 12:00:00,2051,8,6,NA,29.1552943369243,31.8243583657788
2051-08-07 12:00:00,2051,8,7,NA,26.0484973417689,28.7218877185141
2051-08-08 12:00:00,2051,8,8,NA,25.1850051096996,31.8155550763941
2051-08-09 12:00:00,2051,8,9,NA,27.44162152656,31.7718108624796
2051-08-10 12:00:00,2051,8,10,NA,27.4666052371244,31.6811089345389
2051-08-11 12:00:00,2051,8,11,NA,27.2691118950296,33.2598013462986
2051-08-12 12:00:00,2051,8,12,NA,27.4844890099406,30.3726309494042
2051-08-13 12:00:00,2051,8,13,NA,24.0675808915255,31.918283944088
2051-08-14 12:00:00,2051,8,14,NA,24.5264499689484,33.1776465223692
2051-08-15 12:00:00,2051,8,15,NA,24.8754755600866,36.4024318499958
2051-08-16 12:00:00,2051,8,16,NA,27.9448414408906,32.7542620669514
2051-08-17 12:00:00,2051,8,17,NA,26.3785386367527,35.0160269412465
2051-08-18 12:00:00,2051,8,18,NA,28.1844798888433,32.8871466224882
2051-08-19 12:00:00,2051,8,19,NA,26.2402859307923,33.6864367377963
2051-08-20 12:00:00,2051,8,20,NA,24.3269421269274,34.8867761200449
2051-08-21 12:00:00,2051,8,21,NA,24.8733915148336,32.0881572450035
2051-08-22 12:00:00,2051,8,22,NA,23.3953695263701,32.7847607356746
2051-08-23 12:00:00,2051,8,23,NA,21.0557320692591,25.5422803049644
2051-08-24 12:00:00,2051,8,24,NA,19.739770280299,21.7155761065868
2051-08-25 12:00:00,2051,8,25,NA,20.0364359246939,29.3549606569623
2051-08-26 12:00:00,2051,8,26,NA,19.4652807010493,25.2325500758633
2051-08-27 12:00:00,2051,8,27,NA,20.0986393791414,30.8983949015712
2051-08-28 12:00:00,2051,8,28,NA,21.9731299556315,31.6003198889279
2051-08-29 12:00:00,2051,8,29,NA,22.7025790389861,29.7532054257906
2051-08-30 12:00:00,2051,8,30,NA,21.6383192056333,30.1806194973267
2051-08-31 12:00:00,2051,8,31,NA,20.8452509691124,24.5855796102823
2051-09-01 12:00:00,2051,9,1,NA,19.2540848934245,25.9736540759763
2051-09-02 12:00:00,2051,9,2,NA,19.6875799874632,24.1294846651349
2051-09-03 12:00:00,2051,9,3,NA,19.6443269657957,29.6157806513118
2051-09-04 12:00:00,2051,9,4,NA,18.7584590359753,26.2799294063868
2051-09-05 12:00:00,2051,9,5,NA,19.5669757689703,27.2563331494352
2051-09-06 12:00:00,2051,9,6,NA,18.0262084562367,29.1620082104045
2051-09-07 12:00:00,2051,9,7,NA,17.0791466228777,27.7176975506622
2051-09-08 12:00:00,2051,9,8,NA,19.1734598274034,27.5999680146933
2051-09-09 12:00:00,2051,9,9,NA,18.0415943540294,27.3755730122935
2051-09-10 12:00:00,2051,9,10,NA,18.502970218075,30.6597450326204
2051-09-11 12:00:00,2051,9,11,NA,16.1621550743521,21.3476598695459
2051-09-12 12:00:00,2051,9,12,NA,16.431605841851,22.7786590332217
2051-09-13 12:00:00,2051,9,13,NA,15.6256026016544,26.1884896109668
2051-09-14 12:00:00,2051,9,14,NA,18.5590748500652,25.4037267619196
2051-09-15 12:00:00,2051,9,15,NA,22.3448132276087,31.0055387384456
2051-09-16 12:00:00,2051,9,16,NA,20.9741668430044,34.0920005442428
2051-09-17 12:00:00,2051,9,17,NA,19.0262824620238,30.5288700436879
2051-09-18 12:00:00,2051,9,18,NA,16.5385092329547,27.0889516535766
2051-09-19 12:00:00,2051,9,19,NA,15.1281456181185,27.5841956026043
2051-09-20 12:00:00,2051,9,20,NA,17.9992516285683,22.2233477242183
2051-09-21 12:00:00,2051,9,21,NA,17.5180710589289,24.231579674589
2051-09-22 12:00:00,2051,9,22,NA,15.8837206980175,27.1863006647178
2051-09-23 12:00:00,2051,9,23,NA,18.6292748102581,27.6430205552254
2051-09-24 12:00:00,2051,9,24,NA,18.3997951050592,26.5743184665565
2051-09-25 12:00:00,2051,9,25,NA,19.5071219503446,29.6024751505824
2051-09-26 12:00:00,2051,9,26,NA,21.2779585056167,30.9028807706766
2051-09-27 12:00:00,2051,9,27,NA,23.9007367667247,30.9913600277365
2051-09-28 12:00:00,2051,9,28,NA,22.1648908157339,29.0448353985445
2051-09-29 12:00:00,2051,9,29,NA,20.3458860907632,30.2709413967742
2051-09-30 12:00:00,2051,9,30,NA,18.4150397145844,26.6995428669614
2051-10-01 12:00:00,2051,10,1,NA,14.7245978049112,25.1883606577726
2051-10-02 12:00:00,2051,10,2,NA,12.8149992671055,23.3778862764178
2051-10-03 12:00:00,2051,10,3,NA,14.1199067229077,28.385402495436
2051-10-04 12:00:00,2051,10,4,NA,15.4183188078099,28.9571181259262
2051-10-05 12:00:00,2051,10,5,NA,15.3619956922414,28.6379816804176
2051-10-06 12:00:00,2051,10,6,NA,16.074393788154,28.5271710519142
2051-10-07 12:00:00,2051,10,7,NA,17.5022301969435,23.17334153396
2051-10-08 12:00:00,2051,10,8,NA,19.1749869174729,21.0388867776728
2051-10-09 12:00:00,2051,10,9,NA,12.9967614412311,20.8156124618531
2051-10-10 12:00:00,2051,10,10,NA,13.8688287058937,17.2242285468668
2051-10-11 12:00:00,2051,10,11,NA,11.3838510670066,20.3009380445671
2051-10-12 12:00:00,2051,10,12,NA,11.4580891321798,22.23420307806
2051-10-13 12:00:00,2051,10,13,NA,11.06248648958,23.9335403061415
2051-10-14 12:00:00,2051,10,14,NA,10.5780974096323,22.2009933617955
2051-10-15 12:00:00,2051,10,15,NA,8.31697490361238,21.2483206942172
2051-10-16 12:00:00,2051,10,16,NA,8.84121352165122,22.6305878831788
2051-10-17 12:00:00,2051,10,17,NA,11.9582046493161,22.1934228076897
2051-10-18 12:00:00,2051,10,18,NA,11.8543554132442,17.8721621680645
2051-10-19 12:00:00,2051,10,19,NA,9.72024673356738,16.074042664563
2051-10-20 12:00:00,2051,10,20,NA,10.0563164683591,18.6751820834203
2051-10-21 12:00:00,2051,10,21,NA,9.73618026304457,17.4909007660614
2051-10-22 12:00:00,2051,10,22,NA,11.3316246955368,23.5602169573174
2051-10-23 12:00:00,2051,10,23,NA,10.8348069892664,23.3220608883735
2051-10-24 12:00:00,2051,10,24,NA,10.2464237441789,22.570044161528
2051-10-25 12:00:00,2051,10,25,NA,9.4248272820325,22.8981455082775
2051-10-26 12:00:00,2051,10,26,NA,12.5053753037595,24.0698839181879
2051-10-27 12:00:00,2051,10,27,NA,11.4545905352749,23.2733358308289
2051-10-28 12:00:00,2051,10,28,NA,13.4433688184717,21.1077643436328
2051-10-29 12:00:00,2051,10,29,NA,11.8793739731093,22.1679761087713
2051-10-30 12:00:00,2051,10,30,NA,8.00222576805794,21.1425310582744
2051-10-31 12:00:00,2051,10,31,NA,9.75989557092389,19.9874963894127
2051-11-01 12:00:00,2051,11,1,NA,11.2144772057854,18.5293254942266
2051-11-02 12:00:00,2051,11,2,NA,9.21037377676816,19.7825398651154
2051-11-03 12:00:00,2051,11,3,NA,6.66219102260919,16.8865644140429
2051-11-04 12:00:00,2051,11,4,NA,6.14462555045403,19.6919594000465
2051-11-05 12:00:00,2051,11,5,NA,5.05204295859045,17.3693794173654
2051-11-06 12:00:00,2051,11,6,NA,3.45536307840427,16.7633280928712
2051-11-07 12:00:00,2051,11,7,NA,1.96937534066643,20.6915981176087
2051-11-08 12:00:00,2051,11,8,NA,6.00367474911497,19.161402725262
2051-11-09 12:00:00,2051,11,9,NA,6.5077148646772,20.7453254623614
2051-11-10 12:00:00,2051,11,10,NA,12.8794210950854,20.8414068987403
2051-11-11 12:00:00,2051,11,11,NA,10.2154112514345,22.3015787388677
2051-11-12 12:00:00,2051,11,12,NA,5.77526258450912,19.5133001348255
2051-11-13 12:00:00,2051,11,13,NA,4.65651425917439,19.3336727346192
2051-11-14 12:00:00,2051,11,14,NA,4.72225470659634,19.7816119990149
2051-11-15 12:00:00,2051,11,15,NA,2.31279298616785,17.6158750065828
2051-11-16 12:00:00,2051,11,16,NA,4.60506109479409,18.7759938643937
2051-11-17 12:00:00,2051,11,17,NA,7.56516424633675,20.5001332685597
2051-11-18 12:00:00,2051,11,18,NA,8.03230084308234,19.4822935719289
2051-11-19 12:00:00,2051,11,19,NA,8.00494822357787,20.5250378111892
2051-11-20 12:00:00,2051,11,20,NA,2.44021771227659,8.94161969622691
2051-11-21 12:00:00,2051,11,21,NA,5.5412383445298,17.8585748033048
2051-11-22 12:00:00,2051,11,22,NA,6.11072016827948,19.460494112686
2051-11-23 12:00:00,2051,11,23,NA,6.32295099677721,20.5713441383034
2051-11-24 12:00:00,2051,11,24,NA,7.40767785252018,19.9712698594689
2051-11-25 12:00:00,2051,11,25,NA,9.52472717249663,18.4280395233199
2051-11-26 12:00:00,2051,11,26,NA,9.37330506155061,12.882770581096
2051-11-27 12:00:00,2051,11,27,NA,8.39679639561023,15.1220380736108
2051-11-28 12:00:00,2051,11,28,NA,5.74319463812084,15.9504966566351
2051-11-29 12:00:00,2051,11,29,NA,2.98781524964716,11.2756908244619
2051-11-30 12:00:00,2051,11,30,NA,1.9305872138263,9.74273721364871
2051-12-01 12:00:00,2051,12,1,NA,0.616684831923546,11.6069410574728
2051-12-02 12:00:00,2051,12,2,NA,0.147591302776693,10.7952755900326
2051-12-03 12:00:00,2051,12,3,NA,-1.19967883672377,12.3262627982533
2051-12-04 12:00:00,2051,12,4,NA,0.0271251896140061,12.9583155338894
2051-12-05 12:00:00,2051,12,5,NA,0.517231564206892,13.8844447613131
2051-12-06 12:00:00,2051,12,6,NA,4.19795205230763,10.9001288581112
2051-12-07 12:00:00,2051,12,7,NA,10.4603790819354,17.4219003717502
2051-12-08 12:00:00,2051,12,8,NA,4.70257181887117,10.1452612634129
2051-12-09 12:00:00,2051,12,9,NA,3.18618766132082,9.97755609271016
2051-12-10 12:00:00,2051,12,10,NA,-1.09451824524937,12.1512171183216
2051-12-11 12:00:00,2051,12,11,NA,2.09469952410861,11.8670537861616
2051-12-12 12:00:00,2051,12,12,NA,4.03846199606364,12.0663339388691
2051-12-13 12:00:00,2051,12,13,NA,0.226183691065975,5.82706422313485
2051-12-14 12:00:00,2051,12,14,NA,-7.03240314533275,0.321651832390947
2051-12-15 12:00:00,2051,12,15,NA,-4.37340664831519,1.73607195927271
2051-12-16 12:00:00,2051,12,16,NA,-5.53978787502252,3.34430078388863
2051-12-17 12:00:00,2051,12,17,NA,-0.287592637534115,4.61616587405842
2051-12-18 12:00:00,2051,12,18,NA,-2.34586286550467,6.74080989716748
2051-12-19 12:00:00,2051,12,19,NA,-3.04141072541975,8.35440684718507
2051-12-20 12:00:00,2051,12,20,NA,-3.20985650438235,6.99647077863615
2051-12-21 12:00:00,2051,12,21,NA,-2.2607869175507,5.65699946169957
2051-12-22 12:00:00,2051,12,22,NA,-0.295254958988195,8.66442646193259
2051-12-23 12:00:00,2051,12,23,NA,0.960559447833317,7.30857168669403
2051-12-24 12:00:00,2051,12,24,NA,-0.689267025851872,3.06854661946051
2051-12-25 12:00:00,2051,12,25,NA,-0.588823405307946,6.52508224645191
2051-12-26 12:00:00,2051,12,26,NA,-4.41692393061269,1.69055331341653
2051-12-27 12:00:00,2051,12,27,NA,-3.35671246527169,3.8023594260331
2051-12-28 12:00:00,2051,12,28,NA,-2.69415931348995,3.03173904593471
2051-12-29 12:00:00,2051,12,29,NA,-7.42632245151538,-2.11034551098634
2051-12-30 12:00:00,2051,12,30,NA,-7.45552851163486,0.66719703967625
2051-12-31 12:00:00,2051,12,31,NA,-6.65706017140001,4.05590175172744
2052-01-01 12:00:00,2052,1,1,NA,-6.00035384810415,5.61532578774597
2052-01-02 12:00:00,2052,1,2,NA,-6.89770220652276,5.20628289328698
2052-01-03 12:00:00,2052,1,3,NA,-6.07937675546883,5.25693922471912
2052-01-04 12:00:00,2052,1,4,NA,-3.8777427529201,8.01840530446359
2052-01-05 12:00:00,2052,1,5,NA,-1.5196444417097,9.53142238347982
2052-01-06 12:00:00,2052,1,6,NA,-3.17421604286802,1.94318902615913
2052-01-07 12:00:00,2052,1,7,NA,-2.40654807029295,7.26380697648788
2052-01-08 12:00:00,2052,1,8,NA,-2.8242586579496,7.98370285035155
2052-01-09 12:00:00,2052,1,9,NA,-2.45775149944193,6.07748572112668
2052-01-10 12:00:00,2052,1,10,NA,-4.28532580949443,3.72385820150986
2052-01-11 12:00:00,2052,1,11,NA,-1.94677587801571,5.21167094088247
2052-01-12 12:00:00,2052,1,12,NA,-0.712296979840602,8.58801278929832
2052-01-13 12:00:00,2052,1,13,NA,-1.24128652564658,7.66512883640923
2052-01-14 12:00:00,2052,1,14,NA,-1.87566780291848,3.93158257858013
2052-01-15 12:00:00,2052,1,15,NA,-1.15353481732729,8.83313816137797
2052-01-16 12:00:00,2052,1,16,NA,-5.52319470199189,-0.133889499158603
2052-01-17 12:00:00,2052,1,17,NA,-6.42950348022985,6.66502850870076
2052-01-18 12:00:00,2052,1,18,NA,-5.69782278812974,8.14848676819689
2052-01-19 12:00:00,2052,1,19,NA,-5.93720720175428,8.5297991438159
2052-01-20 12:00:00,2052,1,20,NA,-5.5660077346898,8.51693014460405
2052-01-21 12:00:00,2052,1,21,NA,-6.73184741969155,5.19804424790607
2052-01-22 12:00:00,2052,1,22,NA,-3.48336980427109,9.8008234600004
2052-01-23 12:00:00,2052,1,23,NA,-2.6742181379683,9.37392499047134
2052-01-24 12:00:00,2052,1,24,NA,-0.528231157009091,6.56996763878098
2052-01-25 12:00:00,2052,1,25,NA,-5.46055463876024,0.343366342435998
2052-01-26 12:00:00,2052,1,26,NA,-9.46558387747625,-4.30195936272698
2052-01-27 12:00:00,2052,1,27,NA,-7.83934741807322,-2.67572290332395
2052-01-28 12:00:00,2052,1,28,NA,-7.00063586862279,5.70078505975693
2052-01-29 12:00:00,2052,1,29,NA,-6.34970309588155,3.77369063797136
2052-01-30 12:00:00,2052,1,30,NA,-6.6715537989891,3.36352272931389
2052-01-31 12:00:00,2052,1,31,NA,-9.02090517787712,-0.128154979953756
2052-02-01 12:00:00,2052,2,1,NA,-5.33652332578116,5.7309930547659
2052-02-02 12:00:00,2052,2,2,NA,-5.7579610515892,0.887028527959255
2052-02-03 12:00:00,2052,2,3,NA,-6.98192626643856,-0.0534343924822629
2052-02-04 12:00:00,2052,2,4,NA,-8.22841217186422,7.39871305186072
2052-02-05 12:00:00,2052,2,5,NA,-6.2559909373412,6.14831452353865
2052-02-06 12:00:00,2052,2,6,NA,-3.59909315364811,5.73286844173494
2052-02-07 12:00:00,2052,2,7,NA,-4.08455912762416,11.5711855592783
2052-02-08 12:00:00,2052,2,8,NA,-3.42503049052236,10.5275286450062
2052-02-09 12:00:00,2052,2,9,NA,-1.56988517122229,9.82479662457737
2052-02-10 12:00:00,2052,2,10,NA,-3.55179821031684,6.39596054251797
2052-02-11 12:00:00,2052,2,11,NA,-4.21817731705423,4.27690514893998
2052-02-12 12:00:00,2052,2,12,NA,-9.86876046468104,4.63665382257876
2052-02-13 12:00:00,2052,2,13,NA,-1.93739652192393,11.8945857701295
2052-02-14 12:00:00,2052,2,14,NA,1.78932940949757,10.1511264838947
2052-02-15 12:00:00,2052,2,15,NA,2.57930208217958,11.9825824427189
2052-02-16 12:00:00,2052,2,16,NA,1.60246482083168,16.4093198995594
2052-02-17 12:00:00,2052,2,17,NA,8.81853347685414,17.4831604520574
2052-02-18 12:00:00,2052,2,18,NA,6.21922731528582,16.9614029754691
2052-02-19 12:00:00,2052,2,19,NA,4.39725705915743,17.7998468858782
2052-02-20 12:00:00,2052,2,20,NA,2.90172834918442,15.063904278299
2052-02-21 12:00:00,2052,2,21,NA,6.14367218895296,10.3239046295695
2052-02-22 12:00:00,2052,2,22,NA,2.28129655928421,8.07728522614964
2052-02-23 12:00:00,2052,2,23,NA,1.26804034491548,7.84442269540992
2052-02-24 12:00:00,2052,2,24,NA,0.788713991777795,12.3690083268554
2052-02-25 12:00:00,2052,2,25,NA,3.28002163800918,11.6161103749657
2052-02-26 12:00:00,2052,2,26,NA,-1.29755901709442,7.49738047144947
2052-02-27 12:00:00,2052,2,27,NA,-0.905123339118051,10.7249864710134
2052-02-28 12:00:00,2052,2,28,NA,-1.03873263597087,11.0939305267491
2052-02-29 12:00:00,2052,2,29,NA,1.94194150249141,17.4839647040044
2052-03-01 12:00:00,2052,3,1,NA,3.95012839904681,13.5329962459848
2052-03-02 12:00:00,2052,3,2,NA,2.42828890600083,9.35678077995713
2052-03-03 12:00:00,2052,3,3,NA,3.89389604362927,16.9635655460419
2052-03-04 12:00:00,2052,3,4,NA,5.80795557010616,18.7554586912688
2052-03-05 12:00:00,2052,3,5,NA,3.10661954341858,17.7576448655235
2052-03-06 12:00:00,2052,3,6,NA,3.09008171599386,18.5089081733963
2052-03-07 12:00:00,2052,3,7,NA,4.02528674372148,13.1719948696781
2052-03-08 12:00:00,2052,3,8,NA,2.76833115218335,13.2048278756155
2052-03-09 12:00:00,2052,3,9,NA,4.14777095813609,12.3190956674106
2052-03-10 12:00:00,2052,3,10,NA,-0.00491803509791566,11.9298947943729
2052-03-11 12:00:00,2052,3,11,NA,1.44289467598757,13.5713938899326
2052-03-12 12:00:00,2052,3,12,NA,3.23858922327714,14.1143950965901
2052-03-13 12:00:00,2052,3,13,NA,3.04034178954178,16.1629738929687
2052-03-14 12:00:00,2052,3,14,NA,0.356848926722868,13.1497349461585
2052-03-15 12:00:00,2052,3,15,NA,0.373862538186958,9.28248882160127
2052-03-16 12:00:00,2052,3,16,NA,-0.13675571020723,12.0189017749341
2052-03-17 12:00:00,2052,3,17,NA,-1.7324818060661,5.05800969467039
2052-03-18 12:00:00,2052,3,18,NA,1.53639371651347,9.30527998477341
2052-03-19 12:00:00,2052,3,19,NA,3.71617059197829,11.4304104925323
2052-03-20 12:00:00,2052,3,20,NA,7.5153018252788,18.1355860879722
2052-03-21 12:00:00,2052,3,21,NA,6.19567979782498,19.7268826325749
2052-03-22 12:00:00,2052,3,22,NA,8.41551041793429,17.9835421283394
2052-03-23 12:00:00,2052,3,23,NA,-2.92436810669934,13.1431574857534
2052-03-24 12:00:00,2052,3,24,NA,2.02952599975414,17.3797531920344
2052-03-25 12:00:00,2052,3,25,NA,9.29547317334382,15.9592157424501
2052-03-26 12:00:00,2052,3,26,NA,8.78902600502516,21.0634452652829
2052-03-27 12:00:00,2052,3,27,NA,7.72580730520765,22.0112258378113
2052-03-28 12:00:00,2052,3,28,NA,11.1423690770113,18.1005288846671
2052-03-29 12:00:00,2052,3,29,NA,5.38649303567835,16.5499978466123
2052-03-30 12:00:00,2052,3,30,NA,6.84626712417729,21.1316856567809
2052-03-31 12:00:00,2052,3,31,NA,8.32006855627169,21.8250543881615
2052-04-01 12:00:00,2052,4,1,NA,11.2584098735152,24.4786762081698
2052-04-02 12:00:00,2052,4,2,NA,7.77010260442494,21.5297563124303
2052-04-03 12:00:00,2052,4,3,NA,9.46147522535191,23.0642373533325
2052-04-04 12:00:00,2052,4,4,NA,8.03318528301942,23.466792271535
2052-04-05 12:00:00,2052,4,5,NA,7.67684831874185,20.3519845823443
2052-04-06 12:00:00,2052,4,6,NA,7.7895697226475,20.7160164775291
2052-04-07 12:00:00,2052,4,7,NA,7.44516855662146,19.9953321379078
2052-04-08 12:00:00,2052,4,8,NA,8.98994740615531,22.8067568350802
2052-04-09 12:00:00,2052,4,9,NA,8.45090117219375,22.2044585410999
2052-04-10 12:00:00,2052,4,10,NA,9.52237334941041,16.7275026237849
2052-04-11 12:00:00,2052,4,11,NA,10.4942108789579,22.2694571116147
2052-04-12 12:00:00,2052,4,12,NA,8.23718825149913,20.4372404524843
2052-04-13 12:00:00,2052,4,13,NA,6.52278559135055,18.8127042805465
2052-04-14 12:00:00,2052,4,14,NA,5.99735393193631,18.1290660730386
2052-04-15 12:00:00,2052,4,15,NA,11.6056068632056,16.2122598534392
2052-04-16 12:00:00,2052,4,16,NA,11.1976894437529,13.2710828293313
2052-04-17 12:00:00,2052,4,17,NA,9.40634949607238,17.6834029676265
2052-04-18 12:00:00,2052,4,18,NA,10.4672773637974,19.3972826952424
2052-04-19 12:00:00,2052,4,19,NA,13.4691695410396,18.4006830105094
2052-04-20 12:00:00,2052,4,20,NA,11.2527378396676,24.0329096838945
2052-04-21 12:00:00,2052,4,21,NA,12.7214653550636,19.1840109749639
2052-04-22 12:00:00,2052,4,22,NA,9.64575137892282,22.3818627125699
2052-04-23 12:00:00,2052,4,23,NA,12.5327846549548,20.4339426624677
2052-04-24 12:00:00,2052,4,24,NA,8.46105274497967,24.1118468505735
2052-04-25 12:00:00,2052,4,25,NA,10.3456631395247,21.2287134085805
2052-04-26 12:00:00,2052,4,26,NA,7.87985170350172,21.7822457114382
2052-04-27 12:00:00,2052,4,27,NA,7.33726930770632,23.9911398858353
2052-04-28 12:00:00,2052,4,28,NA,9.84072214239033,24.6191450050709
2052-04-29 12:00:00,2052,4,29,NA,9.87533592689261,24.414067123329
2052-04-30 12:00:00,2052,4,30,NA,11.3105563999983,26.9532285335166
2052-05-01 12:00:00,2052,5,1,NA,11.4957155070095,28.5739103878299
2052-05-02 12:00:00,2052,5,2,NA,13.0907267562413,27.97802281815
2052-05-03 12:00:00,2052,5,3,NA,16.0120561649436,20.9173285689096
2052-05-04 12:00:00,2052,5,4,NA,13.0113012450988,25.6539956430242
2052-05-05 12:00:00,2052,5,5,NA,10.1789366545935,29.0007734533095
2052-05-06 12:00:00,2052,5,6,NA,11.9332066198692,26.7285736526149
2052-05-07 12:00:00,2052,5,7,NA,11.7868972254658,17.344369644688
2052-05-08 12:00:00,2052,5,8,NA,11.4441316622787,20.7152622527324
2052-05-09 12:00:00,2052,5,9,NA,10.8479636946905,22.6047432373555
2052-05-10 12:00:00,2052,5,10,NA,10.7263589049145,27.7100554127903
2052-05-11 12:00:00,2052,5,11,NA,13.0223153669307,19.8755568574797
2052-05-12 12:00:00,2052,5,12,NA,11.3397328845494,23.0962820365024
2052-05-13 12:00:00,2052,5,13,NA,9.54937047956576,25.6953115725424
2052-05-14 12:00:00,2052,5,14,NA,6.3544671666986,21.0320920191978
2052-05-15 12:00:00,2052,5,15,NA,2.4159752898491,21.964845987742
2052-05-16 12:00:00,2052,5,16,NA,5.67210976325374,21.5786226494922
2052-05-17 12:00:00,2052,5,17,NA,10.6653408442455,26.9114075263416
2052-05-18 12:00:00,2052,5,18,NA,11.1418832658434,22.9934945278253
2052-05-19 12:00:00,2052,5,19,NA,11.6412376026597,17.6181962542542
2052-05-20 12:00:00,2052,5,20,NA,10.2774754262198,24.6554449648686
2052-05-21 12:00:00,2052,5,21,NA,11.8173232386527,26.3826492388266
2052-05-22 12:00:00,2052,5,22,NA,15.1756748896639,30.6616776765058
2052-05-23 12:00:00,2052,5,23,NA,14.0688858749788,25.6860381784991
2052-05-24 12:00:00,2052,5,24,NA,13.9274275720129,21.2924310222627
2052-05-25 12:00:00,2052,5,25,NA,14.5584373319832,27.4036749569202
2052-05-26 12:00:00,2052,5,26,NA,17.1071680254481,31.4545683254755
2052-05-27 12:00:00,2052,5,27,NA,18.4332722362592,27.1345238780871
2052-05-28 12:00:00,2052,5,28,NA,16.1787092200896,25.2777823848375
2052-05-29 12:00:00,2052,5,29,NA,15.1757325004888,30.1097555533707
2052-05-30 12:00:00,2052,5,30,NA,19.2641398540605,32.3101085421363
2052-05-31 12:00:00,2052,5,31,NA,17.291951191964,32.3153979474277
2052-06-01 12:00:00,2052,6,1,NA,17.6775535608628,28.8612415223294
2052-06-02 12:00:00,2052,6,2,NA,18.9368386154494,28.7626247653203
2052-06-03 12:00:00,2052,6,3,NA,17.4540891212209,27.0427859652729
2052-06-04 12:00:00,2052,6,4,NA,18.864256913836,25.0085730635282
2052-06-05 12:00:00,2052,6,5,NA,17.1260934054812,25.0792067554592
2052-06-06 12:00:00,2052,6,6,NA,15.6251896799626,25.3554663363759
2052-06-07 12:00:00,2052,6,7,NA,17.7248807089849,27.0088065660578
2052-06-08 12:00:00,2052,6,8,NA,20.3366559960553,26.168822193193
2052-06-09 12:00:00,2052,6,9,NA,19.5147035663499,27.9426323436151
2052-06-10 12:00:00,2052,6,10,NA,21.2797786568137,29.33528000913
2052-06-11 12:00:00,2052,6,11,NA,22.1352065000208,26.8914209580451
2052-06-12 12:00:00,2052,6,12,NA,23.3821159794099,24.6644859914386
2052-06-13 12:00:00,2052,6,13,NA,21.3337697872794,24.1703428143929
2052-06-14 12:00:00,2052,6,14,NA,18.7202808438301,29.843488155057
2052-06-15 12:00:00,2052,6,15,NA,19.2800752643049,30.8469133669556
2052-06-16 12:00:00,2052,6,16,NA,19.2234113893698,26.1136686855687
2052-06-17 12:00:00,2052,6,17,NA,16.2935371366249,26.8179737947597
2052-06-18 12:00:00,2052,6,18,NA,16.5637997747085,29.6542236433134
2052-06-19 12:00:00,2052,6,19,NA,13.9292898662382,27.7948428829367
2052-06-20 12:00:00,2052,6,20,NA,17.1891559162171,29.3032324252384
2052-06-21 12:00:00,2052,6,21,NA,19.3264111798721,24.3618337774392
2052-06-22 12:00:00,2052,6,22,NA,20.2903874926074,28.5651091033678
2052-06-23 12:00:00,2052,6,23,NA,19.0627959893965,31.1015750394527
2052-06-24 12:00:00,2052,6,24,NA,20.6689439023943,30.2670059753503
2052-06-25 12:00:00,2052,6,25,NA,20.7821010252067,30.3707978692587
2052-06-26 12:00:00,2052,6,26,NA,19.520947289975,31.6184386891346
2052-06-27 12:00:00,2052,6,27,NA,21.7128974225285,29.8047223895642
2052-06-28 12:00:00,2052,6,28,NA,24.7382801932667,30.258941356648
2052-06-29 12:00:00,2052,6,29,NA,25.3032609905467,29.4171355239249
2052-06-30 12:00:00,2052,6,30,NA,25.8931290624287,28.7297020895422
2052-07-01 12:00:00,2052,7,1,NA,27.071728856512,28.573376214627
2052-07-02 12:00:00,2052,7,2,NA,26.2780646465994,28.283128133631
2052-07-03 12:00:00,2052,7,3,NA,23.7060620712269,25.9210621377788
2052-07-04 12:00:00,2052,7,4,NA,22.3812982505723,30.0557947246169
2052-07-05 12:00:00,2052,7,5,NA,22.3994283156176,32.2468856744656
2052-07-06 12:00:00,2052,7,6,NA,22.7886487252918,32.5067479315635
2052-07-07 12:00:00,2052,7,7,NA,23.1958229928102,33.936289839855
2052-07-08 12:00:00,2052,7,8,NA,25.2209610882017,35.2548363118741
2052-07-09 12:00:00,2052,7,9,NA,27.7294229116454,31.6143157033164
2052-07-10 12:00:00,2052,7,10,NA,26.5870586146271,28.6695742444006
2052-07-11 12:00:00,2052,7,11,NA,24.5514663601733,30.4034304039403
2052-07-12 12:00:00,2052,7,12,NA,22.9098070928556,29.6908246700348
2052-07-13 12:00:00,2052,7,13,NA,24.1311494804962,32.4684340622308
2052-07-14 12:00:00,2052,7,14,NA,23.396319779225,27.2347434364728
2052-07-15 12:00:00,2052,7,15,NA,20.670466791718,25.4239503739967
2052-07-16 12:00:00,2052,7,16,NA,21.813019575248,24.1294549595169
2052-07-17 12:00:00,2052,7,17,NA,22.8197866465371,24.9097264663396
2052-07-18 12:00:00,2052,7,18,NA,23.3548034638673,27.2490093932284
2052-07-19 12:00:00,2052,7,19,NA,23.2412998601757,28.0838989712864
2052-07-20 12:00:00,2052,7,20,NA,25.2557639909611,30.6359214008823
2052-07-21 12:00:00,2052,7,21,NA,25.4489631503636,28.4368714982061
2052-07-22 12:00:00,2052,7,22,NA,22.6325666331099,25.6204749809525
2052-07-23 12:00:00,2052,7,23,NA,21.9833504920229,28.0484550427661
2052-07-24 12:00:00,2052,7,24,NA,22.7938818056784,29.5756198373586
2052-07-25 12:00:00,2052,7,25,NA,23.2082039718495,32.8582251720748
2052-07-26 12:00:00,2052,7,26,NA,23.2707118177317,32.4985227556734
2052-07-27 12:00:00,2052,7,27,NA,23.1941867454493,35.8969068404484
2052-07-28 12:00:00,2052,7,28,NA,25.9504262361146,34.778002609446
2052-07-29 12:00:00,2052,7,29,NA,24.3853105396895,37.4625789005717
2052-07-30 12:00:00,2052,7,30,NA,23.7907444870358,32.4939857286671
2052-07-31 12:00:00,2052,7,31,NA,24.311557792559,33.8992352530913
2052-08-01 12:00:00,2052,8,1,NA,24.6188495838395,33.3726719853919
2052-08-02 12:00:00,2052,8,2,NA,22.4793121389586,32.1497004576232
2052-08-03 12:00:00,2052,8,3,NA,24.0111670242442,34.111774825318
2052-08-04 12:00:00,2052,8,4,NA,22.6800227803226,34.26403526708
2052-08-05 12:00:00,2052,8,5,NA,24.7290958276084,37.3155818959703
2052-08-06 12:00:00,2052,8,6,NA,26.0493901890177,37.7145838816675
2052-08-07 12:00:00,2052,8,7,NA,25.7770076328198,36.2376248744903
2052-08-08 12:00:00,2052,8,8,NA,26.3686547965507,34.4309988266528
2052-08-09 12:00:00,2052,8,9,NA,29.9281257742136,34.5175072830135
2052-08-10 12:00:00,2052,8,10,NA,28.8809582448973,34.9248933315395
2052-08-11 12:00:00,2052,8,11,NA,27.187705771274,33.8188533344097
2052-08-12 12:00:00,2052,8,12,NA,25.3775199475935,34.3567754016157
2052-08-13 12:00:00,2052,8,13,NA,24.8539204733464,35.3815176507292
2052-08-14 12:00:00,2052,8,14,NA,26.1051657696928,36.4859644105693
2052-08-15 12:00:00,2052,8,15,NA,27.1406676038037,37.3544181500733
2052-08-16 12:00:00,2052,8,16,NA,28.5144472832006,35.1407617941029
2052-08-17 12:00:00,2052,8,17,NA,27.9346183921913,37.3491800264648
2052-08-18 12:00:00,2052,8,18,NA,31.3248479157907,33.9391002129947
2052-08-19 12:00:00,2052,8,19,NA,26.1646481588725,30.6511963945779
2052-08-20 12:00:00,2052,8,20,NA,22.5027682919613,27.5303854775143
2052-08-21 12:00:00,2052,8,21,NA,21.8660556942861,30.6161378818084
2052-08-22 12:00:00,2052,8,22,NA,20.51745230397,32.0346620423247
2052-08-23 12:00:00,2052,8,23,NA,21.3790174318628,31.9345102910142
2052-08-24 12:00:00,2052,8,24,NA,23.8339955803364,35.4989950862114
2052-08-25 12:00:00,2052,8,25,NA,24.2094425717313,34.3043515595416
2052-08-26 12:00:00,2052,8,26,NA,24.0404522113175,35.3870413627953
2052-08-27 12:00:00,2052,8,27,NA,25.5493408648341,34.9661761956225
2052-08-28 12:00:00,2052,8,28,NA,24.0591964808727,33.3071819097106
2052-08-29 12:00:00,2052,8,29,NA,25.2526698974684,33.1575140283033
2052-08-30 12:00:00,2052,8,30,NA,23.6577881855989,32.5665418399253
2052-08-31 12:00:00,2052,8,31,NA,24.3035382276707,36.5486988796174
2052-09-01 12:00:00,2052,9,1,NA,23.4161018561007,34.2916134840284
2052-09-02 12:00:00,2052,9,2,NA,23.6193177549743,32.9232415330341
2052-09-03 12:00:00,2052,9,3,NA,26.1925208114692,31.4834102088252
2052-09-04 12:00:00,2052,9,4,NA,24.5138425796215,31.3584944914758
2052-09-05 12:00:00,2052,9,5,NA,24.2505099510778,29.6481006429337
2052-09-06 12:00:00,2052,9,6,NA,23.1001308899202,25.9764120249071
2052-09-07 12:00:00,2052,9,7,NA,20.0424041372355,29.6673264022954
2052-09-08 12:00:00,2052,9,8,NA,20.0310077246836,28.8514776907561
2052-09-09 12:00:00,2052,9,9,NA,19.3751840678485,26.1088450852124
2052-09-10 12:00:00,2052,9,10,NA,18.1979717249417,28.854762688552
2052-09-11 12:00:00,2052,9,11,NA,19.1860991671183,27.1867590843488
2052-09-12 12:00:00,2052,9,12,NA,17.4349233086854,28.4977230526712
2052-09-13 12:00:00,2052,9,13,NA,17.5997269016809,29.3789264198507
2052-09-14 12:00:00,2052,9,14,NA,19.424790615658,29.5070966784913
2052-09-15 12:00:00,2052,9,15,NA,17.9503394397878,31.9747404832486
2052-09-16 12:00:00,2052,9,16,NA,19.8857959072684,30.2526653527558
2052-09-17 12:00:00,2052,9,17,NA,19.2131826549806,30.0591267765883
2052-09-18 12:00:00,2052,9,18,NA,16.4473555550045,22.8487212016751
2052-09-19 12:00:00,2052,9,19,NA,14.2135185374954,28.5671483298437
2052-09-20 12:00:00,2052,9,20,NA,15.7505886739491,30.1245206900284
2052-09-21 12:00:00,2052,9,21,NA,16.5565414245806,29.3533178733526
2052-09-22 12:00:00,2052,9,22,NA,17.2827213020763,27.5363504387884
2052-09-23 12:00:00,2052,9,23,NA,17.8068697039907,26.6236067959848
2052-09-24 12:00:00,2052,9,24,NA,15.9378074356394,26.4810993515094
2052-09-25 12:00:00,2052,9,25,NA,15.5556298007458,27.9204454240478
2052-09-26 12:00:00,2052,9,26,NA,14.044808760634,30.3449666101802
2052-09-27 12:00:00,2052,9,27,NA,16.2804919861197,26.1177470332289
2052-09-28 12:00:00,2052,9,28,NA,16.5777199899918,29.041252944797
2052-09-29 12:00:00,2052,9,29,NA,19.4164801395658,26.2964247223765
2052-09-30 12:00:00,2052,9,30,NA,16.0145776600567,25.602352541217
2052-10-01 12:00:00,2052,10,1,NA,14.2469487170705,25.9500725517681
2052-10-02 12:00:00,2052,10,2,NA,15.4043919516099,26.2503360732176
2052-10-03 12:00:00,2052,10,3,NA,17.0883953385371,23.780141104601
2052-10-04 12:00:00,2052,10,4,NA,17.1965441457494,26.7082399388149
2052-10-05 12:00:00,2052,10,5,NA,15.5774994070433,25.4482832458145
2052-10-06 12:00:00,2052,10,6,NA,15.8798981850214,27.7101917654235
2052-10-07 12:00:00,2052,10,7,NA,21.6259338444481,25.5025907733382
2052-10-08 12:00:00,2052,10,8,NA,18.6479678852591,21.5262330765768
2052-10-09 12:00:00,2052,10,9,NA,16.0031873503678,24.3700003905429
2052-10-10 12:00:00,2052,10,10,NA,13.4032531239307,27.567980906851
2052-10-11 12:00:00,2052,10,11,NA,18.3063697043353,27.2098475691739
2052-10-12 12:00:00,2052,10,12,NA,13.069259914879,23.1741857633338
2052-10-13 12:00:00,2052,10,13,NA,12.6072887420319,23.7416398234712
2052-10-14 12:00:00,2052,10,14,NA,13.8702472841897,28.4072431610653
2052-10-15 12:00:00,2052,10,15,NA,14.3618644650569,26.824494254565
2052-10-16 12:00:00,2052,10,16,NA,12.3792527810406,25.9036882907144
2052-10-17 12:00:00,2052,10,17,NA,12.1499897569489,27.0313777876653
2052-10-18 12:00:00,2052,10,18,NA,10.6026520643967,22.8454472711328
2052-10-19 12:00:00,2052,10,19,NA,9.69692063580685,19.4419072756086
2052-10-20 12:00:00,2052,10,20,NA,10.1267110595458,21.7298289263362
2052-10-21 12:00:00,2052,10,21,NA,10.2518620743628,24.872219078169
2052-10-22 12:00:00,2052,10,22,NA,10.3951665720019,26.9191894560065
2052-10-23 12:00:00,2052,10,23,NA,14.0504799457259,23.5951395076085
2052-10-24 12:00:00,2052,10,24,NA,13.1931284885267,16.2811302501623
2052-10-25 12:00:00,2052,10,25,NA,10.2522077672572,20.5408099029192
2052-10-26 12:00:00,2052,10,26,NA,7.57961320034445,15.5474664470436
2052-10-27 12:00:00,2052,10,27,NA,6.5787461610631,17.1700056664776
2052-10-28 12:00:00,2052,10,28,NA,6.02787469843933,16.273869956914
2052-10-29 12:00:00,2052,10,29,NA,6.43756544245333,18.8400517209938
2052-10-30 12:00:00,2052,10,30,NA,6.16883252809121,22.9687562777068
2052-10-31 12:00:00,2052,10,31,NA,6.57133400850164,24.6550099941032
2052-11-01 12:00:00,2052,11,1,NA,8.93782307321881,23.96671073561
2052-11-02 12:00:00,2052,11,2,NA,10.8033810392366,22.5411929813696
2052-11-03 12:00:00,2052,11,3,NA,10.9919227882446,21.7740016645097
2052-11-04 12:00:00,2052,11,4,NA,10.9903662573552,23.695652000585
2052-11-05 12:00:00,2052,11,5,NA,11.8765618653764,22.344584799794
2052-11-06 12:00:00,2052,11,6,NA,11.433962443886,27.6545312397483
2052-11-07 12:00:00,2052,11,7,NA,11.2698614233255,24.5377311454667
2052-11-08 12:00:00,2052,11,8,NA,7.22920334298912,20.446947928722
2052-11-09 12:00:00,2052,11,9,NA,6.94564681401728,20.1362226316657
2052-11-10 12:00:00,2052,11,10,NA,8.02099957462408,18.8881392547128
2052-11-11 12:00:00,2052,11,11,NA,7.38816808486576,22.7523128506262
2052-11-12 12:00:00,2052,11,12,NA,7.68623441278043,21.8620296622507
2052-11-13 12:00:00,2052,11,13,NA,5.65803025991834,18.6609995482083
2052-11-14 12:00:00,2052,11,14,NA,8.27328916394838,16.4068854168877
2052-11-15 12:00:00,2052,11,15,NA,9.62593480406866,19.4019311287845
2052-11-16 12:00:00,2052,11,16,NA,13.0396867387883,23.6919853413818
2052-11-17 12:00:00,2052,11,17,NA,9.26141497866241,18.2369341957743
2052-11-18 12:00:00,2052,11,18,NA,4.69850914997395,18.4970731829752
2052-11-19 12:00:00,2052,11,19,NA,4.95282998431319,18.1305184121303
2052-11-20 12:00:00,2052,11,20,NA,5.0743371466741,16.6689306512039
2052-11-21 12:00:00,2052,11,21,NA,2.78080990983372,16.291560312687
2052-11-22 12:00:00,2052,11,22,NA,4.01353711051088,13.3435666507628
2052-11-23 12:00:00,2052,11,23,NA,2.25721362851536,13.6228485463765
2052-11-24 12:00:00,2052,11,24,NA,-5.01909125859402,10.8750299842668
2052-11-25 12:00:00,2052,11,25,NA,-2.87150794475222,12.0650454405149
2052-11-26 12:00:00,2052,11,26,NA,4.35521127692167,18.4914488318128
2052-11-27 12:00:00,2052,11,27,NA,3.87826778979824,16.42817060745
2052-11-28 12:00:00,2052,11,28,NA,1.50822035736448,10.7846857210249
2052-11-29 12:00:00,2052,11,29,NA,-1.96482711540302,11.5015580318452
2052-11-30 12:00:00,2052,11,30,NA,-0.548264541750768,12.388554989524
2052-12-01 12:00:00,2052,12,1,NA,1.53368337901858,6.81849973728821
2052-12-02 12:00:00,2052,12,2,NA,0.15917124880589,13.726932530964
2052-12-03 12:00:00,2052,12,3,NA,1.2962256613094,8.42395705056403
2052-12-04 12:00:00,2052,12,4,NA,-1.10466240602162,11.0246618038025
2052-12-05 12:00:00,2052,12,5,NA,-2.19367861117424,11.0080334406874
2052-12-06 12:00:00,2052,12,6,NA,9.89192706038543,15.3312978000696
2052-12-07 12:00:00,2052,12,7,NA,9.25210630280538,16.555208184258
2052-12-08 12:00:00,2052,12,8,NA,7.98244974621206,15.1782994795485
2052-12-09 12:00:00,2052,12,9,NA,7.45761709211618,12.0067636658229
2052-12-10 12:00:00,2052,12,10,NA,2.29482679310204,8.13022085415109
2052-12-11 12:00:00,2052,12,11,NA,0.656720481596664,11.7693404738859
2052-12-12 12:00:00,2052,12,12,NA,0.0932103503426465,11.4890279229475
2052-12-13 12:00:00,2052,12,13,NA,-2.18692053138084,6.91786298465027
2052-12-14 12:00:00,2052,12,14,NA,-3.27879469803118,6.6840015569152
2052-12-15 12:00:00,2052,12,15,NA,-1.84843987752903,10.4034139972473
2052-12-16 12:00:00,2052,12,16,NA,0.981683827459857,9.865772486371
2052-12-17 12:00:00,2052,12,17,NA,-0.256728532195182,11.4069195195465
2052-12-18 12:00:00,2052,12,18,NA,2.34516426059824,12.7385362550723
2052-12-19 12:00:00,2052,12,19,NA,2.0787118576532,12.7939268000937
2052-12-20 12:00:00,2052,12,20,NA,3.14956894418181,9.09726901248045
2052-12-21 12:00:00,2052,12,21,NA,2.04925173760852,6.62721741938124
2052-12-22 12:00:00,2052,12,22,NA,-0.444137558626236,7.41298744764481
2052-12-23 12:00:00,2052,12,23,NA,-1.97163194994331,10.687789226536
2052-12-24 12:00:00,2052,12,24,NA,-2.92776529959594,10.1568669520391
2052-12-25 12:00:00,2052,12,25,NA,0.65424053060551,12.0148734882222
2052-12-26 12:00:00,2052,12,26,NA,1.94826486686962,8.29387699857213
2052-12-27 12:00:00,2052,12,27,NA,1.76468101555133,10.7512718034659
2052-12-28 12:00:00,2052,12,28,NA,1.80055775375199,9.72373873761051
2052-12-29 12:00:00,2052,12,29,NA,2.49876622219592,7.56781922730194
2052-12-30 12:00:00,2052,12,30,NA,0.545812381484448,6.93870465069225
2052-12-31 12:00:00,2052,12,31,NA,0.830709376510166,8.91944946722571
2053-01-01 12:00:00,2053,1,1,NA,-1.45083813615917,11.0261798354269
2053-01-02 12:00:00,2053,1,2,NA,-2.49239613563579,4.81070574581684
2053-01-03 12:00:00,2053,1,3,NA,-2.53521744228195,6.89403387584345
2053-01-04 12:00:00,2053,1,4,NA,-1.77061232677278,9.26282097745824
2053-01-05 12:00:00,2053,1,5,NA,-1.10640262499907,8.29982866811669
2053-01-06 12:00:00,2053,1,6,NA,-3.74548346298072,5.2923196077836
2053-01-07 12:00:00,2053,1,7,NA,-3.47713227973194,2.5947115558239
2053-01-08 12:00:00,2053,1,8,NA,-6.39954135424139,1.17097506283875
2053-01-09 12:00:00,2053,1,9,NA,-7.56318231079881,1.41598079015936
2053-01-10 12:00:00,2053,1,10,NA,-2.17158349934513,2.70112211046992
2053-01-11 12:00:00,2053,1,11,NA,-1.36508088714363,6.08284573178288
2053-01-12 12:00:00,2053,1,12,NA,-4.30154118224092,-1.65234607352831
2053-01-13 12:00:00,2053,1,13,NA,-1.44769133370182,4.89736856913716
2053-01-14 12:00:00,2053,1,14,NA,-2.29654349993837,4.57163166951112
2053-01-15 12:00:00,2053,1,15,NA,-8.75976915822962,-5.3156524882044
2053-01-16 12:00:00,2053,1,16,NA,-8.76127690629066,-5.6125445059137
2053-01-17 12:00:00,2053,1,17,NA,-8.24952674830575,-2.41591462379236
2053-01-18 12:00:00,2053,1,18,NA,-4.87670344521507,7.27401264859736
2053-01-19 12:00:00,2053,1,19,NA,-5.36902353111683,11.4147981099692
2053-01-20 12:00:00,2053,1,20,NA,-2.52486502919739,8.2844279447466
2053-01-21 12:00:00,2053,1,21,NA,-1.8366300060751,8.5848520520151
2053-01-22 12:00:00,2053,1,22,NA,-2.6482925034888,8.48832261017004
2053-01-23 12:00:00,2053,1,23,NA,-2.01439358001184,10.3239278694119
2053-01-24 12:00:00,2053,1,24,NA,-1.75700360498485,8.69359002229546
2053-01-25 12:00:00,2053,1,25,NA,-2.85836398832203,9.27823277125137
2053-01-26 12:00:00,2053,1,26,NA,-0.783113673854146,11.103276036125
2053-01-27 12:00:00,2053,1,27,NA,1.56947074196941,12.9311206605168
2053-01-28 12:00:00,2053,1,28,NA,4.18784145582566,12.9645287130124
2053-01-29 12:00:00,2053,1,29,NA,1.4119330194202,11.8364970020526
2053-01-30 12:00:00,2053,1,30,NA,2.0183927526945,11.2455860468042
2053-01-31 12:00:00,2053,1,31,NA,-1.65922244553875,5.53614450931352
2053-02-01 12:00:00,2053,2,1,NA,-3.63223291737827,8.51711839004702
2053-02-02 12:00:00,2053,2,2,NA,-3.4536340864386,3.72735991968071
2053-02-03 12:00:00,2053,2,3,NA,-1.75772573921152,9.47908150036187
2053-02-04 12:00:00,2053,2,4,NA,-4.27700235379636,14.232022619395
2053-02-05 12:00:00,2053,2,5,NA,-3.75146173517697,11.8919134052091
2053-02-06 12:00:00,2053,2,6,NA,-2.62909584852724,10.8800488400879
2053-02-07 12:00:00,2053,2,7,NA,-2.75275378760691,11.6127160856734
2053-02-08 12:00:00,2053,2,8,NA,0.249579546623761,10.2513724604014
2053-02-09 12:00:00,2053,2,9,NA,-0.446601277751838,7.86646614776368
2053-02-10 12:00:00,2053,2,10,NA,2.01877247229888,9.33333091101884
2053-02-11 12:00:00,2053,2,11,NA,0.763428236699973,13.1399814620371
2053-02-12 12:00:00,2053,2,12,NA,-0.0887239709955239,13.6374002205205
2053-02-13 12:00:00,2053,2,13,NA,3.04771126562338,12.1598872909988
2053-02-14 12:00:00,2053,2,14,NA,3.12063344168587,14.2816491472387
2053-02-15 12:00:00,2053,2,15,NA,2.13907457864652,8.51977878595098
2053-02-16 12:00:00,2053,2,16,NA,-0.0900862209908588,11.6954965411867
2053-02-17 12:00:00,2053,2,17,NA,-0.914182616721276,9.38626734277736
2053-02-18 12:00:00,2053,2,18,NA,-5.27510262866314,9.19242806150049
2053-02-19 12:00:00,2053,2,19,NA,-5.14383084870469,7.10020960931962
2053-02-20 12:00:00,2053,2,20,NA,-3.51261216151889,9.04656084298384
2053-02-21 12:00:00,2053,2,21,NA,-1.9614587953509,13.4341783765356
2053-02-22 12:00:00,2053,2,22,NA,-6.42508699718273,3.52267175565208
2053-02-23 12:00:00,2053,2,23,NA,-6.84377356646969,5.72161940326327
2053-02-24 12:00:00,2053,2,24,NA,-5.87811599296503,5.03860390890026
2053-02-25 12:00:00,2053,2,25,NA,-3.0084023524454,12.49543424173
2053-02-26 12:00:00,2053,2,26,NA,-2.00823632556851,15.6884095198419
2053-02-27 12:00:00,2053,2,27,NA,5.66917863880333,14.8271714832304
2053-02-28 12:00:00,2053,2,28,NA,6.68331874139919,11.2562683097747
2053-03-01 12:00:00,2053,3,1,NA,1.61315335347534,8.92771179219531
2053-03-02 12:00:00,2053,3,2,NA,0.559308291471345,7.86305488236888
2053-03-03 12:00:00,2053,3,3,NA,-0.996529985019965,12.5518081349729
2053-03-04 12:00:00,2053,3,4,NA,1.56648990000208,16.5345369431776
2053-03-05 12:00:00,2053,3,5,NA,3.76201537743431,17.9983112277242
2053-03-06 12:00:00,2053,3,6,NA,3.99438325497689,13.1410913809335
2053-03-07 12:00:00,2053,3,7,NA,3.04245681707406,18.9280400912872
2053-03-08 12:00:00,2053,3,8,NA,1.95605622163876,14.7290145644117
2053-03-09 12:00:00,2053,3,9,NA,2.11871222799315,8.03582471341637
2053-03-10 12:00:00,2053,3,10,NA,-0.695876677722618,11.5785425825352
2053-03-11 12:00:00,2053,3,11,NA,-5.94835982727637,11.9500972601614
2053-03-12 12:00:00,2053,3,12,NA,-1.46584856445783,13.7870624550738
2053-03-13 12:00:00,2053,3,13,NA,-10.4512018388272,10.1838352472957
2053-03-14 12:00:00,2053,3,14,NA,-4.29918459480896,14.1188244929673
2053-03-15 12:00:00,2053,3,15,NA,-0.732002038222166,16.7796071321544
2053-03-16 12:00:00,2053,3,16,NA,1.10626342965799,16.1650990618828
2053-03-17 12:00:00,2053,3,17,NA,2.98807782901399,15.9504566605678
2053-03-18 12:00:00,2053,3,18,NA,2.75212689281598,20.4406822543076
2053-03-19 12:00:00,2053,3,19,NA,8.20553513609195,18.939511176832
2053-03-20 12:00:00,2053,3,20,NA,7.57377297501356,21.761105768266
2053-03-21 12:00:00,2053,3,21,NA,6.54964267214425,22.3753744560102
2053-03-22 12:00:00,2053,3,22,NA,4.79740242860577,18.9847352218582
2053-03-23 12:00:00,2053,3,23,NA,9.05749215515612,17.9997552349364
2053-03-24 12:00:00,2053,3,24,NA,8.15452471487569,12.462973878191
2053-03-25 12:00:00,2053,3,25,NA,8.18104583229874,15.8397272203443
2053-03-26 12:00:00,2053,3,26,NA,6.43860277304821,14.6847434644242
2053-03-27 12:00:00,2053,3,27,NA,8.23389685886445,19.4123921336949
2053-03-28 12:00:00,2053,3,28,NA,8.40053233369215,17.371340020858
2053-03-29 12:00:00,2053,3,29,NA,0.965079930496774,16.4080107710006
2053-03-30 12:00:00,2053,3,30,NA,5.20379746661373,16.4934492521483
2053-03-31 12:00:00,2053,3,31,NA,5.16274200938241,14.5526316586091
2053-04-01 12:00:00,2053,4,1,NA,6.08261868710242,11.0535467292568
2053-04-02 12:00:00,2053,4,2,NA,6.54942885377566,14.0084125652337
2053-04-03 12:00:00,2053,4,3,NA,0.966930340363087,17.4793258218865
2053-04-04 12:00:00,2053,4,4,NA,3.8552154328617,18.8655126143946
2053-04-05 12:00:00,2053,4,5,NA,6.12173024397101,14.8689571105031
2053-04-06 12:00:00,2053,4,6,NA,10.939855845031,21.8009954213198
2053-04-07 12:00:00,2053,4,7,NA,9.11657974583686,22.2070911164731
2053-04-08 12:00:00,2053,4,8,NA,9.31583701143089,24.9884776711506
2053-04-09 12:00:00,2053,4,9,NA,9.98675841962899,27.4464118548272
2053-04-10 12:00:00,2053,4,10,NA,10.5686953567541,25.4378210936079
2053-04-11 12:00:00,2053,4,11,NA,11.2326147654388,24.1072768939596
2053-04-12 12:00:00,2053,4,12,NA,10.5083174412382,22.7982361304342
2053-04-13 12:00:00,2053,4,13,NA,9.4000999752269,27.8335608583293
2053-04-14 12:00:00,2053,4,14,NA,12.7147042571196,25.7437917195195
2053-04-15 12:00:00,2053,4,15,NA,11.731069299304,25.6890560131834
2053-04-16 12:00:00,2053,4,16,NA,13.130888220718,29.0296264900297
2053-04-17 12:00:00,2053,4,17,NA,14.4526626424585,25.7857402665994
2053-04-18 12:00:00,2053,4,18,NA,13.7609861004485,25.8926982415508
2053-04-19 12:00:00,2053,4,19,NA,11.2021026231189,24.2508721167411
2053-04-20 12:00:00,2053,4,20,NA,11.2898497994672,20.2112219118772
2053-04-21 12:00:00,2053,4,21,NA,13.7389732795026,24.6001128557914
2053-04-22 12:00:00,2053,4,22,NA,12.2408670917532,24.0764118416945
2053-04-23 12:00:00,2053,4,23,NA,10.7715558870015,27.3283058703019
2053-04-24 12:00:00,2053,4,24,NA,13.2356069679829,21.7531107328796
2053-04-25 12:00:00,2053,4,25,NA,11.556903628179,22.8675992999555
2053-04-26 12:00:00,2053,4,26,NA,15.283984791294,28.3574255876563
2053-04-27 12:00:00,2053,4,27,NA,11.3910327430718,23.0000008944938
2053-04-28 12:00:00,2053,4,28,NA,13.0590324588301,27.827220352844
2053-04-29 12:00:00,2053,4,29,NA,9.00978262825878,19.824532446581
2053-04-30 12:00:00,2053,4,30,NA,9.87104736596672,25.5748830370932
2053-05-01 12:00:00,2053,5,1,NA,11.5406119717428,28.6188068525632
2053-05-02 12:00:00,2053,5,2,NA,12.3400102545482,28.5638272477622
2053-05-03 12:00:00,2053,5,3,NA,10.6039857654121,28.214863535048
2053-05-04 12:00:00,2053,5,4,NA,13.2443363379423,24.7488688709852
2053-05-05 12:00:00,2053,5,5,NA,14.2339056236174,22.772652640533
2053-05-06 12:00:00,2053,5,6,NA,8.02291673454008,19.6309085389466
2053-05-07 12:00:00,2053,5,7,NA,8.49930919525706,25.1329826832903
2053-05-08 12:00:00,2053,5,8,NA,9.27476468858024,24.3089139542745
2053-05-09 12:00:00,2053,5,9,NA,11.8648108352375,24.4676992463812
2053-05-10 12:00:00,2053,5,10,NA,11.5856482885044,19.9038233962108
2053-05-11 12:00:00,2053,5,11,NA,13.2209842503896,17.7288993141096
2053-05-12 12:00:00,2053,5,12,NA,10.877318226834,21.8378985043971
2053-05-13 12:00:00,2053,5,13,NA,10.6725524234062,18.8765529061982
2053-05-14 12:00:00,2053,5,14,NA,11.1926175171004,23.8509568229455
2053-05-15 12:00:00,2053,5,15,NA,10.8327292756234,26.4951047444864
2053-05-16 12:00:00,2053,5,16,NA,13.2392853930384,25.8810667641936
2053-05-17 12:00:00,2053,5,17,NA,14.078112748152,30.4732064554764
2053-05-18 12:00:00,2053,5,18,NA,13.5747806478015,23.998698212729
2053-05-19 12:00:00,2053,5,19,NA,21.4277822268859,27.6758174234469
2053-05-20 12:00:00,2053,5,20,NA,18.7278357855316,26.8314480306393
2053-05-21 12:00:00,2053,5,21,NA,16.0220206449442,28.1402455947831
2053-05-22 12:00:00,2053,5,22,NA,21.4492290074607,23.0241246214129
2053-05-23 12:00:00,2053,5,23,NA,16.7583969692323,23.3966211919804
2053-05-24 12:00:00,2053,5,24,NA,14.3014878294155,26.0324049667075
2053-05-25 12:00:00,2053,5,25,NA,14.1307159532135,30.7617550129
2053-05-26 12:00:00,2053,5,26,NA,15.4494310937606,32.2843754558584
2053-05-27 12:00:00,2053,5,27,NA,15.7644118154885,32.0113794971627
2053-05-28 12:00:00,2053,5,28,NA,17.3367095251366,24.1840338198855
2053-05-29 12:00:00,2053,5,29,NA,17.4678472142649,20.425213162545
2053-05-30 12:00:00,2053,5,30,NA,17.2768971379978,27.1435124726988
2053-05-31 12:00:00,2053,5,31,NA,16.2742178015087,27.2958258819512
2053-06-01 12:00:00,2053,6,1,NA,15.1403152142464,31.5354089215707
2053-06-02 12:00:00,2053,6,2,NA,15.3104087021536,32.9772400902402
2053-06-03 12:00:00,2053,6,3,NA,18.2569082016834,30.9279192219193
2053-06-04 12:00:00,2053,6,4,NA,19.3771837767882,31.9946223757413
2053-06-05 12:00:00,2053,6,5,NA,19.975913655373,25.2343145593524
2053-06-06 12:00:00,2053,6,6,NA,16.7664107292881,29.4516813623051
2053-06-07 12:00:00,2053,6,7,NA,18.6018276858919,29.6010439612178
2053-06-08 12:00:00,2053,6,8,NA,17.603556027375,32.3105587934687
2053-06-09 12:00:00,2053,6,9,NA,24.7189809607412,30.8985223612869
2053-06-10 12:00:00,2053,6,10,NA,23.8391256768084,28.8905627516208
2053-06-11 12:00:00,2053,6,11,NA,20.3330039989926,33.4497585282362
2053-06-12 12:00:00,2053,6,12,NA,22.8808069456338,27.7535971858722
2053-06-13 12:00:00,2053,6,13,NA,20.4183807153926,30.1846197205868
2053-06-14 12:00:00,2053,6,14,NA,19.6419593039991,32.7587138332427
2053-06-15 12:00:00,2053,6,15,NA,24.795793793545,29.9025186399397
2053-06-16 12:00:00,2053,6,16,NA,23.7227603301301,31.9661121688904
2053-06-17 12:00:00,2053,6,17,NA,24.7849304681171,32.4582499093504
2053-06-18 12:00:00,2053,6,18,NA,25.1084907524651,30.2472176532503
2053-06-19 12:00:00,2053,6,19,NA,19.9843928200449,34.6694660635249
2053-06-20 12:00:00,2053,6,20,NA,25.024882863074,31.7356439482452
2053-06-21 12:00:00,2053,6,21,NA,21.1018242411153,28.1517640987536
2053-06-22 12:00:00,2053,6,22,NA,24.7720485303087,26.3972895506455
2053-06-23 12:00:00,2053,6,23,NA,23.90086544911,28.6150598114167
2053-06-24 12:00:00,2053,6,24,NA,19.9414889307265,27.985006268278
2053-06-25 12:00:00,2053,6,25,NA,19.9240265430627,31.3084584734325
2053-06-26 12:00:00,2053,6,26,NA,19.7021154531228,30.4880142651228
2053-06-27 12:00:00,2053,6,27,NA,19.8823229448843,32.9727468134891
2053-06-28 12:00:00,2053,6,28,NA,22.1098405139335,33.398498461289
2053-06-29 12:00:00,2053,6,29,NA,24.8835301339238,32.0461128794356
2053-06-30 12:00:00,2053,6,30,NA,23.5600482668927,31.7810397555242
2053-07-01 12:00:00,2053,7,1,NA,24.4746917905109,30.5392917401624
2053-07-02 12:00:00,2053,7,2,NA,25.4239562073492,28.4349784941162
2053-07-03 12:00:00,2053,7,3,NA,23.9015037927623,29.7084806396582
2053-07-04 12:00:00,2053,7,4,NA,22.3142167424439,26.8502757506869
2053-07-05 12:00:00,2053,7,5,NA,21.5531570692444,30.4910110501846
2053-07-06 12:00:00,2053,7,6,NA,22.1331966531785,26.5926249194844
2053-07-07 12:00:00,2053,7,7,NA,25.2936935605939,31.1247997204293
2053-07-08 12:00:00,2053,7,8,NA,21.1378667996362,28.1527876045256
2053-07-09 12:00:00,2053,7,9,NA,22.0573850057452,28.6387254155769
2053-07-10 12:00:00,2053,7,10,NA,22.2198313594676,30.9990521108299
2053-07-11 12:00:00,2053,7,11,NA,23.7267407283432,33.2842662062744
2053-07-12 12:00:00,2053,7,12,NA,25.2229708005697,33.1971207207075
2053-07-13 12:00:00,2053,7,13,NA,25.2843468254174,32.0660848570976
2053-07-14 12:00:00,2053,7,14,NA,24.7710047043697,27.5070041965846
2053-07-15 12:00:00,2053,7,15,NA,24.5265544306736,30.7735692069954
2053-07-16 12:00:00,2053,7,16,NA,22.9630941534937,32.8235065383027
2053-07-17 12:00:00,2053,7,17,NA,20.2937391292866,32.1450425995809
2053-07-18 12:00:00,2053,7,18,NA,22.2480596652792,32.5215252266926
2053-07-19 12:00:00,2053,7,19,NA,21.7404939757545,33.6792612649026
2053-07-20 12:00:00,2053,7,20,NA,19.6605114065105,26.2769894159111
2053-07-21 12:00:00,2053,7,21,NA,20.3730070865001,29.8387573723776
2053-07-22 12:00:00,2053,7,22,NA,22.0732981413717,33.195120775287
2053-07-23 12:00:00,2053,7,23,NA,22.7306212260135,33.7431474375302
2053-07-24 12:00:00,2053,7,24,NA,19.7391270743114,30.2650927862141
2053-07-25 12:00:00,2053,7,25,NA,22.2835889121306,31.188122518385
2053-07-26 12:00:00,2053,7,26,NA,20.8323283359986,28.8891482915403
2053-07-27 12:00:00,2053,7,27,NA,22.5565176997305,34.0881071486587
2053-07-28 12:00:00,2053,7,28,NA,25.2581658575327,32.9058517491012
2053-07-29 12:00:00,2053,7,29,NA,25.0525719706165,31.7979809790283
2053-07-30 12:00:00,2053,7,30,NA,24.5737974367322,32.9142724557191
2053-07-31 12:00:00,2053,7,31,NA,25.2928113222867,35.5662768837002
2053-08-01 12:00:00,2053,8,1,NA,25.5394492120744,33.2559164118841
2053-08-02 12:00:00,2053,8,2,NA,24.6731562896852,30.7617189295129
2053-08-03 12:00:00,2053,8,3,NA,26.7687929359613,34.2729188889051
2053-08-04 12:00:00,2053,8,4,NA,26.4224849687555,31.6128231061675
2053-08-05 12:00:00,2053,8,5,NA,25.6018717243586,30.5699643043263
2053-08-06 12:00:00,2053,8,6,NA,24.9241965597503,28.8303036934718
2053-08-07 12:00:00,2053,8,7,NA,24.4722607816377,28.6867644790522
2053-08-08 12:00:00,2053,8,8,NA,25.759284903616,31.5172622038591
2053-08-09 12:00:00,2053,8,9,NA,24.8519605523959,33.5019044601471
2053-08-10 12:00:00,2053,8,10,NA,23.5782393970131,32.5574948510354
2053-08-11 12:00:00,2053,8,11,NA,25.8806828644042,34.9529163907349
2053-08-12 12:00:00,2053,8,12,NA,26.280914741117,35.8774090774332
2053-08-13 12:00:00,2053,8,13,NA,26.5990198620365,34.5136726119842
2053-08-14 12:00:00,2053,8,14,NA,29.5279712731563,32.1495560766103
2053-08-15 12:00:00,2053,8,15,NA,24.5275223577728,27.1491071612267
2053-08-16 12:00:00,2053,8,16,NA,26.5416116247927,27.5014156945525
2053-08-17 12:00:00,2053,8,17,NA,24.3806337572306,26.1970541450291
2053-08-18 12:00:00,2053,8,18,NA,21.4054510410118,28.0245335874507
2053-08-19 12:00:00,2053,8,19,NA,20.63855985107,28.5415641414357
2053-08-20 12:00:00,2053,8,20,NA,22.9535025116242,28.4623500325978
2053-08-21 12:00:00,2053,8,21,NA,22.4999676509835,32.1077345376307
2053-08-22 12:00:00,2053,8,22,NA,26.2532381919261,30.5834275278457
2053-08-23 12:00:00,2053,8,23,NA,23.1609488393016,32.9916986535832
2053-08-24 12:00:00,2053,8,24,NA,23.1793248528085,33.272373127226
2053-08-25 12:00:00,2053,8,25,NA,22.3544129363869,32.8419773912423
2053-08-26 12:00:00,2053,8,26,NA,24.0011860077946,31.4165954261472
2053-08-27 12:00:00,2053,8,27,NA,22.5215797587373,30.2265985190164
2053-08-28 12:00:00,2053,8,28,NA,21.0348955587804,28.2141564974992
2053-08-29 12:00:00,2053,8,29,NA,23.3200689237199,31.025087683999
2053-08-30 12:00:00,2053,8,30,NA,22.9026178894185,31.9968769212589
2053-08-31 12:00:00,2053,8,31,NA,23.2675672917952,30.9489838734769
2053-09-01 12:00:00,2053,9,1,NA,23.1135777987134,32.5265819195606
2053-09-02 12:00:00,2053,9,2,NA,22.9496119166573,32.412094507406
2053-09-03 12:00:00,2053,9,3,NA,24.1547134974349,27.7810735046771
2053-09-04 12:00:00,2053,9,4,NA,23.2841762874479,32.2552065044002
2053-09-05 12:00:00,2053,9,5,NA,25.121813339255,33.7200313158947
2053-09-06 12:00:00,2053,9,6,NA,22.6578554025088,25.4895110929548
2053-09-07 12:00:00,2053,9,7,NA,20.7098046893178,26.6929373302168
2053-09-08 12:00:00,2053,9,8,NA,19.3433304980764,27.3919582251966
2053-09-09 12:00:00,2053,9,9,NA,19.7622663162801,28.0407793320811
2053-09-10 12:00:00,2053,9,10,NA,22.3480742192982,27.8923242338898
2053-09-11 12:00:00,2053,9,11,NA,21.2508291741712,27.8799646280916
2053-09-12 12:00:00,2053,9,12,NA,23.3815254798913,31.0708828603562
2053-09-13 12:00:00,2053,9,13,NA,20.5296809383799,24.2633535425231
2053-09-14 12:00:00,2053,9,14,NA,18.0247722440679,26.6805622242777
2053-09-15 12:00:00,2053,9,15,NA,16.9634919207896,26.5459329636732
2053-09-16 12:00:00,2053,9,16,NA,15.927590184343,25.2539812741828
2053-09-17 12:00:00,2053,9,17,NA,16.2664338156813,28.847093475053
2053-09-18 12:00:00,2053,9,18,NA,18.1684676662461,31.2468501431627
2053-09-19 12:00:00,2053,9,19,NA,18.1580103387638,29.3024888950338
2053-09-20 12:00:00,2053,9,20,NA,15.8008183084658,25.1561451208017
2053-09-21 12:00:00,2053,9,21,NA,13.6450554212582,24.355932239223
2053-09-22 12:00:00,2053,9,22,NA,15.2185225149849,27.6858484649039
2053-09-23 12:00:00,2053,9,23,NA,14.8208326521708,23.1398970525768
2053-09-24 12:00:00,2053,9,24,NA,14.9766412805402,22.9208219121873
2053-09-25 12:00:00,2053,9,25,NA,14.3687865028448,23.512669655494
2053-09-26 12:00:00,2053,9,26,NA,14.8866879443548,24.326746430087
2053-09-27 12:00:00,2053,9,27,NA,16.0569707969801,27.3574611149757
2053-09-28 12:00:00,2053,9,28,NA,17.7609435028887,27.6859988088997
2053-09-29 12:00:00,2053,9,29,NA,16.1891351040963,25.7781865089178
2053-09-30 12:00:00,2053,9,30,NA,15.7025173111845,26.2852983541986
2053-10-01 12:00:00,2053,10,1,NA,12.9989779007664,23.3658473462539
2053-10-02 12:00:00,2053,10,2,NA,13.631678022869,22.3818336015009
2053-10-03 12:00:00,2053,10,3,NA,11.8797806667208,26.5125552430056
2053-10-04 12:00:00,2053,10,4,NA,13.0351070985116,30.2819297505794
2053-10-05 12:00:00,2053,10,5,NA,14.7231038869062,29.7706990961642
2053-10-06 12:00:00,2053,10,6,NA,12.4276561304964,30.3652440266912
2053-10-07 12:00:00,2053,10,7,NA,10.8205823441883,28.9042583297899
2053-10-08 12:00:00,2053,10,8,NA,12.5651718001599,26.7868609101669
2053-10-09 12:00:00,2053,10,9,NA,11.6247833024035,16.2917814894778
2053-10-10 12:00:00,2053,10,10,NA,10.7834787114818,17.7678092006135
2053-10-11 12:00:00,2053,10,11,NA,8.94473117520125,20.1454134931127
2053-10-12 12:00:00,2053,10,12,NA,9.07100948427699,23.3573661814237
2053-10-13 12:00:00,2053,10,13,NA,10.9585393355554,26.6292477204834
2053-10-14 12:00:00,2053,10,14,NA,11.6141959702726,25.9693284156666
2053-10-15 12:00:00,2053,10,15,NA,12.5193672395165,27.2253282522383
2053-10-16 12:00:00,2053,10,16,NA,12.9578748689219,29.4818977529264
2053-10-17 12:00:00,2053,10,17,NA,10.7674734059311,23.5766938963975
2053-10-18 12:00:00,2053,10,18,NA,11.879566265222,23.0769428643059
2053-10-19 12:00:00,2053,10,19,NA,11.6222930336564,22.9766968786415
2053-10-20 12:00:00,2053,10,20,NA,6.15194030880113,16.6722495370494
2053-10-21 12:00:00,2053,10,21,NA,7.35812988725988,21.0939012017304
2053-10-22 12:00:00,2053,10,22,NA,9.27893211626687,23.8992891200731
2053-10-23 12:00:00,2053,10,23,NA,5.91661363849589,15.5084439107151
2053-10-24 12:00:00,2053,10,24,NA,3.29251088984206,13.6213210894038
2053-10-25 12:00:00,2053,10,25,NA,4.7221550938759,15.2424643221241
2053-10-26 12:00:00,2053,10,26,NA,2.18581855680435,18.7787062577513
2053-10-27 12:00:00,2053,10,27,NA,4.86278485847294,10.3464767549479
2053-10-28 12:00:00,2053,10,28,NA,4.61642770493793,18.8977542401074
2053-10-29 12:00:00,2053,10,29,NA,3.00901372965475,15.6736728183798
2053-10-30 12:00:00,2053,10,30,NA,8.2540029573727,18.1614916985657
2053-10-31 12:00:00,2053,10,31,NA,7.56864060398596,21.92377304938
2053-11-01 12:00:00,2053,11,1,NA,9.31638670439683,21.6669501988031
2053-11-02 12:00:00,2053,11,2,NA,8.62905473569986,22.6562653363864
2053-11-03 12:00:00,2053,11,3,NA,10.0904043529197,24.1378563353853
2053-11-04 12:00:00,2053,11,4,NA,9.73594292914597,22.053279387921
2053-11-05 12:00:00,2053,11,5,NA,15.8838487658591,23.8331007272809
2053-11-06 12:00:00,2053,11,6,NA,11.5534585670753,21.4961129945002
2053-11-07 12:00:00,2053,11,7,NA,6.10923375843918,17.3742667624717
2053-11-08 12:00:00,2053,11,8,NA,5.48327347113078,12.6557293595748
2053-11-09 12:00:00,2053,11,9,NA,6.23888063330309,19.5549558014456
2053-11-10 12:00:00,2053,11,10,NA,5.39044980614059,22.99283771617
2053-11-11 12:00:00,2053,11,11,NA,11.7695999787796,19.4066840356297
2053-11-12 12:00:00,2053,11,12,NA,12.2429365679678,15.3045671748898
2053-11-13 12:00:00,2053,11,13,NA,6.4653218364507,14.7578498309989
2053-11-14 12:00:00,2053,11,14,NA,6.46202780742578,18.6412534554254
2053-11-15 12:00:00,2053,11,15,NA,7.7421774398438,20.0871384612882
2053-11-16 12:00:00,2053,11,16,NA,8.80775144463083,22.9041675580283
2053-11-17 12:00:00,2053,11,17,NA,5.42640945896896,19.9339372799977
2053-11-18 12:00:00,2053,11,18,NA,5.05550708376739,21.980765580953
2053-11-19 12:00:00,2053,11,19,NA,3.29011693956723,18.196482550919
2053-11-20 12:00:00,2053,11,20,NA,7.74745102298749,20.7232898725077
2053-11-21 12:00:00,2053,11,21,NA,8.47499283046386,21.0137215116521
2053-11-22 12:00:00,2053,11,22,NA,7.41373116319225,14.1293348630581
2053-11-23 12:00:00,2053,11,23,NA,5.87521013569553,9.93975249999772
2053-11-24 12:00:00,2053,11,24,NA,3.12094060143384,16.0555855579833
2053-11-25 12:00:00,2053,11,25,NA,2.89761651109339,16.0134457015079
2053-11-26 12:00:00,2053,11,26,NA,1.92106137561458,15.111637193263
2053-11-27 12:00:00,2053,11,27,NA,4.45449003339139,12.1422176141532
2053-11-28 12:00:00,2053,11,28,NA,4.78832498732281,10.5364585222556
2053-11-29 12:00:00,2053,11,29,NA,4.28762427071912,5.43327146158672
2053-11-30 12:00:00,2053,11,30,NA,-0.737605032315256,6.50543898875056
2053-12-01 12:00:00,2053,12,1,NA,0.752198091110976,8.50291033666541
2053-12-02 12:00:00,2053,12,2,NA,-0.928099902938547,9.43444105077627
2053-12-03 12:00:00,2053,12,3,NA,1.83914848707978,3.74718810823289
2053-12-04 12:00:00,2053,12,4,NA,0.804636635138207,2.11523634873913
2053-12-05 12:00:00,2053,12,5,NA,-0.515646515160003,6.55423425867005
2053-12-06 12:00:00,2053,12,6,NA,-2.0860020575021,3.86169801079654
2053-12-07 12:00:00,2053,12,7,NA,-1.72729983738448,10.5582237537015
2053-12-08 12:00:00,2053,12,8,NA,-0.34198475768112,5.11941891292296
2053-12-09 12:00:00,2053,12,9,NA,-1.96049348024531,6.80374007928744
2053-12-10 12:00:00,2053,12,10,NA,-4.90169003059451,3.6901808495882
2053-12-11 12:00:00,2053,12,11,NA,-7.15064555872315,5.01628883459406
2053-12-12 12:00:00,2053,12,12,NA,-3.18510534902036,8.95506443068606
2053-12-13 12:00:00,2053,12,13,NA,-8.13285982942448,-1.05635980162635
2053-12-14 12:00:00,2053,12,14,NA,-7.73883365941649,6.11390372244143
2053-12-15 12:00:00,2053,12,15,NA,-4.69835294740025,6.57603212101561
2053-12-16 12:00:00,2053,12,16,NA,-5.96131471307218,6.96987563120322
2053-12-17 12:00:00,2053,12,17,NA,-4.4671848727038,7.67298490700261
2053-12-18 12:00:00,2053,12,18,NA,-3.34568376170915,5.62252815942309
2053-12-19 12:00:00,2053,12,19,NA,-4.33142534500585,3.0085865107475
2053-12-20 12:00:00,2053,12,20,NA,-7.90873250800059,7.76779685795069
2053-12-21 12:00:00,2053,12,21,NA,-3.32062595596441,10.6194313782045
2053-12-22 12:00:00,2053,12,22,NA,0.425793660432077,6.99710289859951
2053-12-23 12:00:00,2053,12,23,NA,1.07258569588465,9.79721530562153
2053-12-24 12:00:00,2053,12,24,NA,1.63004197826184,11.7741015289214
2053-12-25 12:00:00,2053,12,25,NA,0.841062096686276,13.1244006513518
2053-12-26 12:00:00,2053,12,26,NA,-4.11975991160549,2.83564232592458
2053-12-27 12:00:00,2053,12,27,NA,-6.02388181553774,-0.191055403839762
2053-12-28 12:00:00,2053,12,28,NA,-3.60684380859219,8.3101610065581
2053-12-29 12:00:00,2053,12,29,NA,-0.652330306072639,7.62556241492903
2053-12-30 12:00:00,2053,12,30,NA,-3.45639551217764,12.4245981080523
2053-12-31 12:00:00,2053,12,31,NA,-3.25835612277877,9.21866184880728
2054-01-01 12:00:00,2054,1,1,NA,-3.51764368135043,11.5165057750951
2054-01-02 12:00:00,2054,1,2,NA,-1.24202267432349,12.9093397567937
2054-01-03 12:00:00,2054,1,3,NA,-1.63398803731319,10.5153632701121
2054-01-04 12:00:00,2054,1,4,NA,-5.19972930506259,7.1369908206044
2054-01-05 12:00:00,2054,1,5,NA,-4.31568942595778,3.30154046162628
2054-01-06 12:00:00,2054,1,6,NA,-5.28519556905993,4.14405574906548
2054-01-07 12:00:00,2054,1,7,NA,-1.71494554449036,8.58545393689137
2054-01-08 12:00:00,2054,1,8,NA,-1.07019929152427,8.657768289808
2054-01-09 12:00:00,2054,1,9,NA,-5.20081446921456,4.80891452998509
2054-01-10 12:00:00,2054,1,10,NA,-1.97229264064239,7.38471751345191
2054-01-11 12:00:00,2054,1,11,NA,-3.28798093254755,5.64667769476103
2054-01-12 12:00:00,2054,1,12,NA,-4.62914893642397,5.59300791805437
2054-01-13 12:00:00,2054,1,13,NA,-0.746479089536324,8.01254929198035
2054-01-14 12:00:00,2054,1,14,NA,-4.62813225096559,4.01790314974135
2054-01-15 12:00:00,2054,1,15,NA,-6.40420151241681,5.91967749902233
2054-01-16 12:00:00,2054,1,16,NA,-3.74975578928196,9.62686005065826
2054-01-17 12:00:00,2054,1,17,NA,0.587737130133531,12.5292626017516
2054-01-18 12:00:00,2054,1,18,NA,1.71220751338079,10.9864201056999
2054-01-19 12:00:00,2054,1,19,NA,-0.263192589179625,5.57658997904805
2054-01-20 12:00:00,2054,1,20,NA,-4.24905488656428,4.72886830281796
2054-01-21 12:00:00,2054,1,21,NA,-5.45933703643955,-0.901771151457809
2054-01-22 12:00:00,2054,1,22,NA,-4.89489106414156,1.75009851540689
2054-01-23 12:00:00,2054,1,23,NA,-2.54773266942908,7.87683131320334
2054-01-24 12:00:00,2054,1,24,NA,-1.29897756814222,10.5897090551685
2054-01-25 12:00:00,2054,1,25,NA,-4.7376373681032,2.83028893740065
2054-01-26 12:00:00,2054,1,26,NA,-5.05415525879021,8.18522253181577
2054-01-27 12:00:00,2054,1,27,NA,-3.11616154652075,8.30951424538841
2054-01-28 12:00:00,2054,1,28,NA,1.06255250615114,9.67009460919399
2054-01-29 12:00:00,2054,1,29,NA,-0.503303874622352,8.79809680792609
2054-01-30 12:00:00,2054,1,30,NA,-0.152169194595828,13.7778601294213
2054-01-31 12:00:00,2054,1,31,NA,-4.15541095213652,6.09950195246862
2054-02-01 12:00:00,2054,2,1,NA,-3.54533366948284,3.93753643710056
2054-02-02 12:00:00,2054,2,2,NA,2.14103668930289,7.57425390248604
2054-02-03 12:00:00,2054,2,3,NA,-0.52222072837883,9.90286630070334
2054-02-04 12:00:00,2054,2,4,NA,-0.346917252644005,11.1011056094889
2054-02-05 12:00:00,2054,2,5,NA,-5.55478400185734,3.5176806021768
2054-02-06 12:00:00,2054,2,6,NA,-4.97091311314157,10.505287129207
2054-02-07 12:00:00,2054,2,7,NA,0.587600010150707,11.8244072497241
2054-02-08 12:00:00,2054,2,8,NA,-0.732309236738712,8.93333233288133
2054-02-09 12:00:00,2054,2,9,NA,3.64598679688209,11.4856191468083
2054-02-10 12:00:00,2054,2,10,NA,1.32144804611962,11.5678823685849
2054-02-11 12:00:00,2054,2,11,NA,1.97969552129667,14.4715026428555
2054-02-12 12:00:00,2054,2,12,NA,3.45740804749144,9.3363677343905
2054-02-13 12:00:00,2054,2,13,NA,0.482532586780851,9.66937332213957
2054-02-14 12:00:00,2054,2,14,NA,-0.47266864712798,14.9229685247586
2054-02-15 12:00:00,2054,2,15,NA,-1.54975576788482,17.1050560093561
2054-02-16 12:00:00,2054,2,16,NA,-1.29929318151081,14.8143137289628
2054-02-17 12:00:00,2054,2,17,NA,-2.68455677328607,10.9051041307558
2054-02-18 12:00:00,2054,2,18,NA,-2.69063550471272,8.65632899360715
2054-02-19 12:00:00,2054,2,19,NA,-2.31573198449939,9.03123251382049
2054-02-20 12:00:00,2054,2,20,NA,0.407591064800823,11.168709520878
2054-02-21 12:00:00,2054,2,21,NA,-0.793014033569897,15.6163566903039
2054-02-22 12:00:00,2054,2,22,NA,0.0925137531527405,15.5868846265374
2054-02-23 12:00:00,2054,2,23,NA,2.71647875366914,14.7064943636472
2054-02-24 12:00:00,2054,2,24,NA,2.39632064539445,17.5806630666212
2054-02-25 12:00:00,2054,2,25,NA,0.733494722404247,14.9003043212742
2054-02-26 12:00:00,2054,2,26,NA,-0.762317223848946,15.0594361258057
2054-02-27 12:00:00,2054,2,27,NA,-1.48431877038189,13.662584380772
2054-02-28 12:00:00,2054,2,28,NA,0.476211272357869,7.78913892563876
2054-03-01 12:00:00,2054,3,1,NA,-0.337555572105365,12.2278373976276
2054-03-02 12:00:00,2054,3,2,NA,0.47694651958049,8.71755093945431
2054-03-03 12:00:00,2054,3,3,NA,-1.80606377529268,13.1631098220256
2054-03-04 12:00:00,2054,3,4,NA,0.259617275493169,16.1596153233448
2054-03-05 12:00:00,2054,3,5,NA,0.601494092615892,16.172182523908
2054-03-06 12:00:00,2054,3,6,NA,1.03004861300165,10.6220858306075
2054-03-07 12:00:00,2054,3,7,NA,-3.009449508952,13.907450591116
2054-03-08 12:00:00,2054,3,8,NA,1.52300473728932,15.9676818029531
2054-03-09 12:00:00,2054,3,9,NA,1.9653062182231,13.5503973216482
2054-03-10 12:00:00,2054,3,10,NA,3.16581373345249,14.9432519698476
2054-03-11 12:00:00,2054,3,11,NA,2.35948038162618,19.6425969213384
2054-03-12 12:00:00,2054,3,12,NA,3.08838704944655,17.1426889776645
2054-03-13 12:00:00,2054,3,13,NA,3.20578501744852,18.2085597837467
2054-03-14 12:00:00,2054,3,14,NA,4.45075619828112,13.4969314507972
2054-03-15 12:00:00,2054,3,15,NA,4.42145293295663,13.3300792163709
2054-03-16 12:00:00,2054,3,16,NA,9.00560253842367,19.7395785791637
2054-03-17 12:00:00,2054,3,17,NA,5.90675751733544,17.9240504090493
2054-03-18 12:00:00,2054,3,18,NA,6.24885406380698,17.4503057450987
2054-03-19 12:00:00,2054,3,19,NA,10.7656096896507,20.3915361419424
2054-03-20 12:00:00,2054,3,20,NA,10.3633336090231,21.2899057590808
2054-03-21 12:00:00,2054,3,21,NA,7.50323150188591,15.9563389783239
2054-03-22 12:00:00,2054,3,22,NA,5.56155169122644,13.9394458721325
2054-03-23 12:00:00,2054,3,23,NA,2.06697403153797,10.4843029726015
2054-03-24 12:00:00,2054,3,24,NA,2.11015921659408,11.621730757624
2054-03-25 12:00:00,2054,3,25,NA,3.00789641899626,13.8951632106898
2054-03-26 12:00:00,2054,3,26,NA,5.79384316134989,16.9614962114387
2054-03-27 12:00:00,2054,3,27,NA,7.33312865200916,18.9935798141516
2054-03-28 12:00:00,2054,3,28,NA,5.59534301575115,12.6189396082093
2054-03-29 12:00:00,2054,3,29,NA,4.11953894007246,13.6183285698871
2054-03-30 12:00:00,2054,3,30,NA,5.06779739033342,19.2641874422164
2054-03-31 12:00:00,2054,3,31,NA,7.12141003193746,23.6368672748802
2054-04-01 12:00:00,2054,4,1,NA,9.03070355738165,21.9117890812497
2054-04-02 12:00:00,2054,4,2,NA,11.5916669688994,25.6582829335871
2054-04-03 12:00:00,2054,4,3,NA,8.02054920606877,24.8409878690267
2054-04-04 12:00:00,2054,4,4,NA,9.1155193533233,24.1861358960373
2054-04-05 12:00:00,2054,4,5,NA,8.4656214656427,19.7830363383132
2054-04-06 12:00:00,2054,4,6,NA,8.32697806436766,22.865709260804
2054-04-07 12:00:00,2054,4,7,NA,9.28355142814856,23.1227565282834
2054-04-08 12:00:00,2054,4,8,NA,8.58863578033926,17.1954630239437
2054-04-09 12:00:00,2054,4,9,NA,9.29117988341928,22.1083626389465
2054-04-10 12:00:00,2054,4,10,NA,9.40755841131789,18.3487540800987
2054-04-11 12:00:00,2054,4,11,NA,8.06172576724647,19.9135907619025
2054-04-12 12:00:00,2054,4,12,NA,7.55917040728975,16.4508706179816
2054-04-13 12:00:00,2054,4,13,NA,7.16568654228812,23.7874854735113
2054-04-14 12:00:00,2054,4,14,NA,9.23756492623281,27.0423016006921
2054-04-15 12:00:00,2054,4,15,NA,10.870824702825,25.0567038387511
2054-04-16 12:00:00,2054,4,16,NA,12.4243030658763,26.1225307839076
2054-04-17 12:00:00,2054,4,17,NA,11.1143050108577,26.4081282725465
2054-04-18 12:00:00,2054,4,18,NA,10.6149278975116,23.3789547249996
2054-04-19 12:00:00,2054,4,19,NA,8.14197167577593,17.3264733988018
2054-04-20 12:00:00,2054,4,20,NA,6.90470336342724,20.757591138977
2054-04-21 12:00:00,2054,4,21,NA,7.05863827917821,20.9663499184094
2054-04-22 12:00:00,2054,4,22,NA,9.194617691029,24.5048511444443
2054-04-23 12:00:00,2054,4,23,NA,9.47979423173061,20.1487309399703
2054-04-24 12:00:00,2054,4,24,NA,10.5419151831111,24.6157766714919
2054-04-25 12:00:00,2054,4,25,NA,13.7664815039425,24.6357617818727
2054-04-26 12:00:00,2054,4,26,NA,13.3113978022478,26.3728872947202
2054-04-27 12:00:00,2054,4,27,NA,12.0958989828473,27.9961987473703
2054-04-28 12:00:00,2054,4,28,NA,13.5945821833716,29.3890323399986
2054-04-29 12:00:00,2054,4,29,NA,12.0967247459368,23.8867495028818
2054-04-30 12:00:00,2054,4,30,NA,9.30903121060889,26.3872260914293
2054-05-01 12:00:00,2054,5,1,NA,12.5822358845363,27.4449731844053
2054-05-02 12:00:00,2054,5,2,NA,11.2942362536438,24.2193206132928
2054-05-03 12:00:00,2054,5,3,NA,13.6871994246879,24.4784535349143
2054-05-04 12:00:00,2054,5,4,NA,17.7705979696362,23.4759030224253
2054-05-05 12:00:00,2054,5,5,NA,14.9798390060867,23.6725529259991
2054-05-06 12:00:00,2054,5,6,NA,11.7445852406785,25.1309713629981
2054-05-07 12:00:00,2054,5,7,NA,14.5856064933176,21.1233666895044
2054-05-08 12:00:00,2054,5,8,NA,13.2670780764092,22.9400378555025
2054-05-09 12:00:00,2054,5,9,NA,13.0423529966833,27.8377200294289
2054-05-10 12:00:00,2054,5,10,NA,7.64900323420331,24.4068268774879
2054-05-11 12:00:00,2054,5,11,NA,9.1280642756709,25.8620775232618
2054-05-12 12:00:00,2054,5,12,NA,11.3856448374551,27.2179596231649
2054-05-13 12:00:00,2054,5,13,NA,11.7634210007547,22.913046230637
2054-05-14 12:00:00,2054,5,14,NA,12.3553051374654,21.1670094518635
2054-05-15 12:00:00,2054,5,15,NA,11.6891950687298,20.496286309778
2054-05-16 12:00:00,2054,5,16,NA,14.3478566360101,19.2477230852137
2054-05-17 12:00:00,2054,5,17,NA,12.2995985284079,19.1583773342909
2054-05-18 12:00:00,2054,5,18,NA,13.5087683484233,16.1165917630564
2054-05-19 12:00:00,2054,5,19,NA,12.9603668347056,22.6333266137989
2054-05-20 12:00:00,2054,5,20,NA,15.7745364768039,24.3902368903433
2054-05-21 12:00:00,2054,5,21,NA,14.4703796346015,23.2897825674045
2054-05-22 12:00:00,2054,5,22,NA,14.6245472158184,29.7997087828199
2054-05-23 12:00:00,2054,5,23,NA,15.8331095569185,30.1134309234184
2054-05-24 12:00:00,2054,5,24,NA,14.517247870288,23.6453301556561
2054-05-25 12:00:00,2054,5,25,NA,14.4074491019808,20.7660335481036
2054-05-26 12:00:00,2054,5,26,NA,11.3127489542608,23.8297770199134
2054-05-27 12:00:00,2054,5,27,NA,9.41363923817655,26.0575688576059
2054-05-28 12:00:00,2054,5,28,NA,10.641276659327,25.8272241234559
2054-05-29 12:00:00,2054,5,29,NA,12.5380452485783,25.6945463600757
2054-05-30 12:00:00,2054,5,30,NA,14.5576375795255,25.3488916897519
2054-05-31 12:00:00,2054,5,31,NA,15.1471908542751,25.2345017736396
2054-06-01 12:00:00,2054,6,1,NA,14.7068607452725,26.6063995786616
2054-06-02 12:00:00,2054,6,2,NA,16.636898433885,29.5368626853521
2054-06-03 12:00:00,2054,6,3,NA,19.1493034456443,29.3121364543914
2054-06-04 12:00:00,2054,6,4,NA,18.5973926577953,29.2581885761855
2054-06-05 12:00:00,2054,6,5,NA,16.8458365640095,28.0725759654735
2054-06-06 12:00:00,2054,6,6,NA,16.574508261953,31.5376847863041
2054-06-07 12:00:00,2054,6,7,NA,18.5219988380825,29.2866133325639
2054-06-08 12:00:00,2054,6,8,NA,17.9301383106024,27.6963773157965
2054-06-09 12:00:00,2054,6,9,NA,17.4325126660023,29.8779619373103
2054-06-10 12:00:00,2054,6,10,NA,20.4903815652053,30.721631862568
2054-06-11 12:00:00,2054,6,11,NA,21.4579674506073,26.9465715500973
2054-06-12 12:00:00,2054,6,12,NA,20.7122272251339,23.7232495119009
2054-06-13 12:00:00,2054,6,13,NA,20.7943469102889,25.7757066891747
2054-06-14 12:00:00,2054,6,14,NA,19.8229595927957,27.7760729427737
2054-06-15 12:00:00,2054,6,15,NA,20.840935337131,29.2959030520981
2054-06-16 12:00:00,2054,6,16,NA,21.6642764339692,31.4595394169228
2054-06-17 12:00:00,2054,6,17,NA,21.7115378381772,32.8351574402607
2054-06-18 12:00:00,2054,6,18,NA,24.2820131295596,30.5920096693548
2054-06-19 12:00:00,2054,6,19,NA,23.8460610022086,28.0115787901928
2054-06-20 12:00:00,2054,6,20,NA,20.8240731522998,22.3257205104148
2054-06-21 12:00:00,2054,6,21,NA,17.7314289685587,24.6216862647576
2054-06-22 12:00:00,2054,6,22,NA,17.2349845394606,27.1640975160027
2054-06-23 12:00:00,2054,6,23,NA,18.1588183380227,30.1868199006919
2054-06-24 12:00:00,2054,6,24,NA,17.7130878664464,32.884056789996
2054-06-25 12:00:00,2054,6,25,NA,18.7617299495894,31.773645257091
2054-06-26 12:00:00,2054,6,26,NA,20.2608782737975,26.3254782234489
2054-06-27 12:00:00,2054,6,27,NA,20.2392888165959,29.9902365120182
2054-06-28 12:00:00,2054,6,28,NA,20.50878036066,27.9290318570355
2054-06-29 12:00:00,2054,6,29,NA,20.7532920401128,30.2810187894833
2054-06-30 12:00:00,2054,6,30,NA,23.5323184861361,29.6940069482061
2054-07-01 12:00:00,2054,7,1,NA,19.9954382109009,32.357095208444
2054-07-02 12:00:00,2054,7,2,NA,20.1861610808084,29.4714270782087
2054-07-03 12:00:00,2054,7,3,NA,22.7062298481948,31.2912101395435
2054-07-04 12:00:00,2054,7,4,NA,24.0939597584194,31.8201211018836
2054-07-05 12:00:00,2054,7,5,NA,22.3274555456996,29.1440088861382
2054-07-06 12:00:00,2054,7,6,NA,21.6731066396604,28.5770795280184
2054-07-07 12:00:00,2054,7,7,NA,22.3648032043804,31.592614142322
2054-07-08 12:00:00,2054,7,8,NA,23.0096846671254,31.34696924886
2054-07-09 12:00:00,2054,7,9,NA,19.9773176823305,29.1737106341088
2054-07-10 12:00:00,2054,7,10,NA,19.9074676845519,23.7781224876949
2054-07-11 12:00:00,2054,7,11,NA,18.1905140248102,23.2551702068263
2054-07-12 12:00:00,2054,7,12,NA,17.4543486876209,26.550603283037
2054-07-13 12:00:00,2054,7,13,NA,19.6221648649985,27.7434944257388
2054-07-14 12:00:00,2054,7,14,NA,22.4933014835806,32.4114648497081
2054-07-15 12:00:00,2054,7,15,NA,22.3679750558299,30.6036305257981
2054-07-16 12:00:00,2054,7,16,NA,24.6167610912434,34.319641133493
2054-07-17 12:00:00,2054,7,17,NA,25.2819574434283,30.1968029254009
2054-07-18 12:00:00,2054,7,18,NA,26.54395494717,33.0692355058184
2054-07-19 12:00:00,2054,7,19,NA,24.336959085711,29.7853555389686
2054-07-20 12:00:00,2054,7,20,NA,25.2181789167161,32.9443402601803
2054-07-21 12:00:00,2054,7,21,NA,23.8793762221644,26.7812324247259
2054-07-22 12:00:00,2054,7,22,NA,23.44287745876,30.213777326221
2054-07-23 12:00:00,2054,7,23,NA,25.2986555001767,32.9848153516334
2054-07-24 12:00:00,2054,7,24,NA,24.3663920172279,30.3311142086139
2054-07-25 12:00:00,2054,7,25,NA,24.1625507370836,32.3982062070518
2054-07-26 12:00:00,2054,7,26,NA,21.6724891177497,27.1945735126341
2054-07-27 12:00:00,2054,7,27,NA,23.5791667822702,29.0629599161434
2054-07-28 12:00:00,2054,7,28,NA,22.1622193482646,29.9831933163169
2054-07-29 12:00:00,2054,7,29,NA,21.4179961397335,28.0205528973921
2054-07-30 12:00:00,2054,7,30,NA,21.7420600747591,25.6782284325056
2054-07-31 12:00:00,2054,7,31,NA,21.0437798587699,26.7052789448184
2054-08-01 12:00:00,2054,8,1,NA,24.0502937889855,34.0151431893594
2054-08-02 12:00:00,2054,8,2,NA,26.3916070073523,32.7008798582577
2054-08-03 12:00:00,2054,8,3,NA,26.2658770079308,33.9644612623643
2054-08-04 12:00:00,2054,8,4,NA,26.6911438088315,37.256251204412
2054-08-05 12:00:00,2054,8,5,NA,27.41764031873,35.328490151259
2054-08-06 12:00:00,2054,8,6,NA,26.4474732473522,36.7606812888478
2054-08-07 12:00:00,2054,8,7,NA,26.3692827676117,35.9763582755963
2054-08-08 12:00:00,2054,8,8,NA,26.7403843972469,33.4569051685633
2054-08-09 12:00:00,2054,8,9,NA,28.6503347941227,31.3193988229772
2054-08-10 12:00:00,2054,8,10,NA,23.5099564755621,26.771433669483
2054-08-11 12:00:00,2054,8,11,NA,25.5439524992435,27.6819185949409
2054-08-12 12:00:00,2054,8,12,NA,25.4108943217681,31.5009252253102
2054-08-13 12:00:00,2054,8,13,NA,23.4509731662092,31.1559919264883
2054-08-14 12:00:00,2054,8,14,NA,27.0625319575099,33.4750205644297
2054-08-15 12:00:00,2054,8,15,NA,27.3364710870939,36.0865532746162
2054-08-16 12:00:00,2054,8,16,NA,27.8489149048694,36.4864032093632
2054-08-17 12:00:00,2054,8,17,NA,28.2955488680674,35.5059703061047
2054-08-18 12:00:00,2054,8,18,NA,25.7383613371421,33.4323879406231
2054-08-19 12:00:00,2054,8,19,NA,26.2579547615425,35.1283033966957
2054-08-20 12:00:00,2054,8,20,NA,26.6454451963436,37.3196371097243
2054-08-21 12:00:00,2054,8,21,NA,25.6875957384121,36.2430885975635
2054-08-22 12:00:00,2054,8,22,NA,25.9320421591837,35.348877489972
2054-08-23 12:00:00,2054,8,23,NA,24.6456293754436,33.2831176799374
2054-08-24 12:00:00,2054,8,24,NA,21.9807596943628,30.6194327914149
2054-08-25 12:00:00,2054,8,25,NA,21.365049638218,29.5580220565275
2054-08-26 12:00:00,2054,8,26,NA,19.9768527897173,30.5721303609296
2054-08-27 12:00:00,2054,8,27,NA,20.1309775028848,31.3938396511116
2054-08-28 12:00:00,2054,8,28,NA,19.408041279253,30.9362170085006
2054-08-29 12:00:00,2054,8,29,NA,20.4887628149189,26.5326979015611
2054-08-30 12:00:00,2054,8,30,NA,20.9321418852672,28.4800493854372
2054-08-31 12:00:00,2054,8,31,NA,21.3770403150984,29.0820590753775
2054-09-01 12:00:00,2054,9,1,NA,22.5579339381645,29.6619978460553
2054-09-02 12:00:00,2054,9,2,NA,23.819594929607,29.9823585260307
2054-09-03 12:00:00,2054,9,3,NA,21.4565126961044,25.7872169604649
2054-09-04 12:00:00,2054,9,4,NA,19.3159601651763,29.8979501020228
2054-09-05 12:00:00,2054,9,5,NA,19.0063528390974,27.3951266827495
2054-09-06 12:00:00,2054,9,6,NA,23.8893345141558,31.5599139088273
2054-09-07 12:00:00,2054,9,7,NA,21.260592979911,30.7006514656432
2054-09-08 12:00:00,2054,9,8,NA,22.5558746429211,33.5103997478856
2054-09-09 12:00:00,2054,9,9,NA,21.1601225888887,32.5755437398865
2054-09-10 12:00:00,2054,9,10,NA,20.0478252211514,31.2570447118472
2054-09-11 12:00:00,2054,9,11,NA,19.6427921391215,29.1822659672517
2054-09-12 12:00:00,2054,9,12,NA,19.4537225757485,31.4956053866832
2054-09-13 12:00:00,2054,9,13,NA,16.0261878506045,25.0005793045644
2054-09-14 12:00:00,2054,9,14,NA,16.3387973976953,26.4289976081612
2054-09-15 12:00:00,2054,9,15,NA,15.2966062522373,28.7129618426247
2054-09-16 12:00:00,2054,9,16,NA,15.6859212570039,28.4826977057759
2054-09-17 12:00:00,2054,9,17,NA,17.7126920547112,27.1179439057978
2054-09-18 12:00:00,2054,9,18,NA,17.5386469706483,29.5470594163347
2054-09-19 12:00:00,2054,9,19,NA,19.6400234345628,30.6712937959787
2054-09-20 12:00:00,2054,9,20,NA,19.5736815048439,31.8128184866045
2054-09-21 12:00:00,2054,9,21,NA,22.8224592551791,30.7142042552534
2054-09-22 12:00:00,2054,9,22,NA,19.681548961301,27.055146084019
2054-09-23 12:00:00,2054,9,23,NA,18.3741334242034,26.0454283015477
2054-09-24 12:00:00,2054,9,24,NA,16.8845217528841,27.2513911983715
2054-09-25 12:00:00,2054,9,25,NA,16.6829125278889,27.621946332123
2054-09-26 12:00:00,2054,9,26,NA,16.5195061634356,26.886375608923
2054-09-27 12:00:00,2054,9,27,NA,15.948981950355,27.5689597061435
2054-09-28 12:00:00,2054,9,28,NA,18.7702596780695,29.8346165829157
2054-09-29 12:00:00,2054,9,29,NA,16.5394798002272,27.0790223624929
2054-09-30 12:00:00,2054,9,30,NA,13.5234998011929,25.5420804944399
2054-10-01 12:00:00,2054,10,1,NA,15.0066847178909,28.4739235325249
2054-10-02 12:00:00,2054,10,2,NA,15.255484872993,28.052261321765
2054-10-03 12:00:00,2054,10,3,NA,16.0919752249978,29.8513954430886
2054-10-04 12:00:00,2054,10,4,NA,13.5817707169587,29.3379267400883
2054-10-05 12:00:00,2054,10,5,NA,19.8510715686762,23.6726928939204
2054-10-06 12:00:00,2054,10,6,NA,14.8787994739157,28.2537418444023
2054-10-07 12:00:00,2054,10,7,NA,17.750462562811,25.8854439797541
2054-10-08 12:00:00,2054,10,8,NA,17.8207677810569,27.2032903124885
2054-10-09 12:00:00,2054,10,9,NA,15.6939544792881,28.7439932173103
2054-10-10 12:00:00,2054,10,10,NA,14.4096300167608,28.8207151028819
2054-10-11 12:00:00,2054,10,11,NA,14.5034329371472,27.8817043044218
2054-10-12 12:00:00,2054,10,12,NA,14.9302525091563,27.4566842616961
2054-10-13 12:00:00,2054,10,13,NA,18.1471805332915,28.9841149517797
2054-10-14 12:00:00,2054,10,14,NA,21.0222093208108,28.203042011668
2054-10-15 12:00:00,2054,10,15,NA,16.8956994058613,27.145962669735
2054-10-16 12:00:00,2054,10,16,NA,15.0639670890293,21.7921687636497
2054-10-17 12:00:00,2054,10,17,NA,15.155583540326,23.8810662213946
2054-10-18 12:00:00,2054,10,18,NA,12.8984666223192,26.5342442939261
2054-10-19 12:00:00,2054,10,19,NA,10.267375497021,22.0145498278282
2054-10-20 12:00:00,2054,10,20,NA,11.0323466131644,20.8152273121946
2054-10-21 12:00:00,2054,10,21,NA,10.1317540138191,22.1834630152644
2054-10-22 12:00:00,2054,10,22,NA,10.8816249068479,22.7575274578032
2054-10-23 12:00:00,2054,10,23,NA,10.3874873849764,22.827918407665
2054-10-24 12:00:00,2054,10,24,NA,10.6318588333977,22.4429883907377
2054-10-25 12:00:00,2054,10,25,NA,9.97847723939859,22.1813098649571
2054-10-26 12:00:00,2054,10,26,NA,6.76623607842782,23.035022522286
2054-10-27 12:00:00,2054,10,27,NA,6.82910854255782,23.5644933459693
2054-10-28 12:00:00,2054,10,28,NA,9.61142409459722,23.2735037101011
2054-10-29 12:00:00,2054,10,29,NA,8.9531686586728,21.6829037739073
2054-10-30 12:00:00,2054,10,30,NA,9.90274030920295,23.0290297977695
2054-10-31 12:00:00,2054,10,31,NA,9.95272557796643,17.2781531023132
2054-11-01 12:00:00,2054,11,1,NA,8.64748044244263,16.3455175923397
2054-11-02 12:00:00,2054,11,2,NA,7.971268272127,16.5833646821652
2054-11-03 12:00:00,2054,11,3,NA,5.18587357712192,22.6909280560121
2054-11-04 12:00:00,2054,11,4,NA,6.70066515914255,21.4937237456389
2054-11-05 12:00:00,2054,11,5,NA,7.65227006193415,24.5616338967074
2054-11-06 12:00:00,2054,11,6,NA,11.0427644713229,24.0564795557826
2054-11-07 12:00:00,2054,11,7,NA,7.61393208085234,17.7185230375709
2054-11-08 12:00:00,2054,11,8,NA,5.89797777625707,14.7928766004002
2054-11-09 12:00:00,2054,11,9,NA,5.27035967891834,16.670271038624
2054-11-10 12:00:00,2054,11,10,NA,6.28236426333822,16.8290805150055
2054-11-11 12:00:00,2054,11,11,NA,3.77574962280691,9.86943297032998
2054-11-12 12:00:00,2054,11,12,NA,3.91736057290746,16.9177772858678
2054-11-13 12:00:00,2054,11,13,NA,4.10733123014742,16.5238177604515
2054-11-14 12:00:00,2054,11,14,NA,5.6920705385226,17.2308353305774
2054-11-15 12:00:00,2054,11,15,NA,3.23854864648045,13.3340225056947
2054-11-16 12:00:00,2054,11,16,NA,6.02436675559614,10.6733616115907
2054-11-17 12:00:00,2054,11,17,NA,0.503116929888915,6.62323373802623
2054-11-18 12:00:00,2054,11,18,NA,3.50441693746705,11.7667683249029
2054-11-19 12:00:00,2054,11,19,NA,6.10688208264365,15.9317058317219
2054-11-20 12:00:00,2054,11,20,NA,7.24715143315791,17.3721715395129
2054-11-21 12:00:00,2054,11,21,NA,4.62280212303853,14.8923942534588
2054-11-22 12:00:00,2054,11,22,NA,7.59123937649629,18.9956538924437
2054-11-23 12:00:00,2054,11,23,NA,1.78319484978773,16.1113674816248
2054-11-24 12:00:00,2054,11,24,NA,-1.64901611807898,8.68768218007328
2054-11-25 12:00:00,2054,11,25,NA,-0.398614163175564,11.0588613477295
2054-11-26 12:00:00,2054,11,26,NA,1.25975353330361,17.8163415555262
2054-11-27 12:00:00,2054,11,27,NA,2.37643010638433,15.8339592704513
2054-11-28 12:00:00,2054,11,28,NA,2.58359884671775,13.8320527151533
2054-11-29 12:00:00,2054,11,29,NA,1.09681615176511,10.1883386785965
2054-11-30 12:00:00,2054,11,30,NA,1.87793528579927,18.052220992778
2054-12-01 12:00:00,2054,12,1,NA,1.91133225343851,16.0871275029088
2054-12-02 12:00:00,2054,12,2,NA,2.12179318860442,15.1614723483017
2054-12-03 12:00:00,2054,12,3,NA,-0.68294692171248,11.2192979854287
2054-12-04 12:00:00,2054,12,4,NA,-0.682770240930484,9.83596571777595
2054-12-05 12:00:00,2054,12,5,NA,1.27538774320893,11.4194472938684
2054-12-06 12:00:00,2054,12,6,NA,-13.1958957424335,6.39045551791428
2054-12-07 12:00:00,2054,12,7,NA,-4.05597530986781,8.499055373523
2054-12-08 12:00:00,2054,12,8,NA,-1.00494853914227,10.2837224806979
2054-12-09 12:00:00,2054,12,9,NA,-1.18997833606112,11.8065810262261
2054-12-10 12:00:00,2054,12,10,NA,-1.49109196169985,9.78669061107944
2054-12-11 12:00:00,2054,12,11,NA,-4.75701206525291,8.79174024932794
2054-12-12 12:00:00,2054,12,12,NA,0.366728569258533,12.6866357044611
2054-12-13 12:00:00,2054,12,13,NA,0.659940994817808,10.4322952568708
2054-12-14 12:00:00,2054,12,14,NA,-0.534780103614755,10.2390699971796
2054-12-15 12:00:00,2054,12,15,NA,-0.825600079477655,13.3275065001709
2054-12-16 12:00:00,2054,12,16,NA,1.08114963433628,12.6968292701864
2054-12-17 12:00:00,2054,12,17,NA,1.37944176355835,9.08445240861272
2054-12-18 12:00:00,2054,12,18,NA,1.68955781997331,11.5967692896849
2054-12-19 12:00:00,2054,12,19,NA,1.23017340190634,12.7353543225953
2054-12-20 12:00:00,2054,12,20,NA,1.01515759944374,9.71880716977272
2054-12-21 12:00:00,2054,12,21,NA,0.520647310257085,11.6424687607943
2054-12-22 12:00:00,2054,12,22,NA,2.19396341195115,11.0780520708623
2054-12-23 12:00:00,2054,12,23,NA,3.08490851516818,10.2656922155551
2054-12-24 12:00:00,2054,12,24,NA,-1.34872657816482,6.67914536464067
2054-12-25 12:00:00,2054,12,25,NA,-1.37351678314608,8.73592934051051
2054-12-26 12:00:00,2054,12,26,NA,-0.992390785540034,3.94535031415418
2054-12-27 12:00:00,2054,12,27,NA,-2.63442175719652,5.56457780891154
2054-12-28 12:00:00,2054,12,28,NA,-5.97768147026234,4.13050935809009
2054-12-29 12:00:00,2054,12,29,NA,-4.09427042203557,2.43592217147351
2054-12-30 12:00:00,2054,12,30,NA,-4.42897010176122,3.5305444941266
2054-12-31 12:00:00,2054,12,31,NA,-5.74879732610642,1.06391520396269
2055-01-01 12:00:00,2055,1,1,NA,-3.99010197218815,4.36903461415795
2055-01-02 12:00:00,2055,1,2,NA,-4.74984380992815,6.58525721737141
2055-01-03 12:00:00,2055,1,3,NA,-5.41753728329839,7.71149676366117
2055-01-04 12:00:00,2055,1,4,NA,0.826169971491521,13.2618794566243
2055-01-05 12:00:00,2055,1,5,NA,3.46705484938509,13.8916188320175
2055-01-06 12:00:00,2055,1,6,NA,4.70374618835433,14.2993844327339
2055-01-07 12:00:00,2055,1,7,NA,0.0176919924494348,10.1646155789503
2055-01-08 12:00:00,2055,1,8,NA,-1.15901064462218,9.94983319497914
2055-01-09 12:00:00,2055,1,9,NA,-5.28740721166944,5.52269684445935
2055-01-10 12:00:00,2055,1,10,NA,-3.1082822278218,9.32742725731098
2055-01-11 12:00:00,2055,1,11,NA,-1.47311324932628,7.61499149890212
2055-01-12 12:00:00,2055,1,12,NA,-0.657179797455797,8.64422088509265
2055-01-13 12:00:00,2055,1,13,NA,0.639495426905707,4.66550708887923
2055-01-14 12:00:00,2055,1,14,NA,-3.85753890852602,5.24716593052545
2055-01-15 12:00:00,2055,1,15,NA,-4.59045576189793,7.29593394808119
2055-01-16 12:00:00,2055,1,16,NA,-4.04277958630303,7.3224702034278
2055-01-17 12:00:00,2055,1,17,NA,-3.70799596472331,8.11590151202439
2055-01-18 12:00:00,2055,1,18,NA,-1.82961417493655,8.78697857687935
2055-01-19 12:00:00,2055,1,19,NA,-4.7186989375522,3.27632148330378
2055-01-20 12:00:00,2055,1,20,NA,-3.59659925747834,7.67748046130697
2055-01-21 12:00:00,2055,1,21,NA,-4.6475372805022,2.23914621372161
2055-01-22 12:00:00,2055,1,22,NA,-6.3723016340384,0.720783263660815
2055-01-23 12:00:00,2055,1,23,NA,-4.62669502518516,1.90658390069183
2055-01-24 12:00:00,2055,1,24,NA,-5.92578519987481,2.06923522098116
2055-01-25 12:00:00,2055,1,25,NA,-5.68845717385972,7.27343007285796
2055-01-26 12:00:00,2055,1,26,NA,-4.75738101274097,6.76608202933328
2055-01-27 12:00:00,2055,1,27,NA,-2.51693617419241,7.05677382017246
2055-01-28 12:00:00,2055,1,28,NA,-4.32639674803896,8.15612036676858
2055-01-29 12:00:00,2055,1,29,NA,-0.733678898400163,8.35700529509605
2055-01-30 12:00:00,2055,1,30,NA,-1.61658658360267,9.94707831052886
2055-01-31 12:00:00,2055,1,31,NA,-0.376064157856992,4.37837035004053
2055-02-01 12:00:00,2055,2,1,NA,-0.852978856024317,9.72830091897717
2055-02-02 12:00:00,2055,2,2,NA,-0.388722210149833,14.7592942206581
2055-02-03 12:00:00,2055,2,3,NA,1.79447204778671,14.7640811926784
2055-02-04 12:00:00,2055,2,4,NA,0.906478045448125,17.5789141604841
2055-02-05 12:00:00,2055,2,5,NA,4.12141987346155,15.5290204975832
2055-02-06 12:00:00,2055,2,6,NA,8.29529733572294,15.3918320573739
2055-02-07 12:00:00,2055,2,7,NA,-2.86125867863148,4.45329976008848
2055-02-08 12:00:00,2055,2,8,NA,0.794477278962993,7.01337865749491
2055-02-09 12:00:00,2055,2,9,NA,-2.60263963020301,5.34251176514376
2055-02-10 12:00:00,2055,2,10,NA,-3.00126473641207,8.44675812572085
2055-02-11 12:00:00,2055,2,11,NA,-1.69727611039939,11.7935370929359
2055-02-12 12:00:00,2055,2,12,NA,-0.518671048891676,8.7996946573421
2055-02-13 12:00:00,2055,2,13,NA,0.561686002001779,6.94239020930623
2055-02-14 12:00:00,2055,2,14,NA,0.600345023935238,7.76402207714319
2055-02-15 12:00:00,2055,2,15,NA,-0.464086733868899,10.983936128264
2055-02-16 12:00:00,2055,2,16,NA,1.1789843094139,10.5511330523301
2055-02-17 12:00:00,2055,2,17,NA,-0.867142049047453,10.0099892083477
2055-02-18 12:00:00,2055,2,18,NA,-2.87087634412387,10.7364262205895
2055-02-19 12:00:00,2055,2,19,NA,-1.63243018230282,9.56700451828587
2055-02-20 12:00:00,2055,2,20,NA,-2.18882458717876,8.7441937270115
2055-02-21 12:00:00,2055,2,21,NA,-2.16385349582947,9.28416936630344
2055-02-22 12:00:00,2055,2,22,NA,2.74994305086959,13.9691427046309
2055-02-23 12:00:00,2055,2,23,NA,1.60969267962157,10.3691618101101
2055-02-24 12:00:00,2055,2,24,NA,-1.76707285386293,5.53997311269543
2055-02-25 12:00:00,2055,2,25,NA,-6.56265419312006,12.6561660736484
2055-02-26 12:00:00,2055,2,26,NA,0.164141607358817,14.4285902436885
2055-02-27 12:00:00,2055,2,27,NA,-1.85765679293222,13.4352026261584
2055-02-28 12:00:00,2055,2,28,NA,1.73763060027961,12.6543505021449
2055-03-01 12:00:00,2055,3,1,NA,-0.780233792756834,12.6829729807011
2055-03-02 12:00:00,2055,3,2,NA,-1.60540160314767,16.0161421956617
2055-03-03 12:00:00,2055,3,3,NA,-0.490186582108265,15.580889537399
2055-03-04 12:00:00,2055,3,4,NA,1.98315521079989,8.7834421842001
2055-03-05 12:00:00,2055,3,5,NA,0.623002391598146,10.4568974368531
2055-03-06 12:00:00,2055,3,6,NA,5.38760283547639,8.79337263066984
2055-03-07 12:00:00,2055,3,7,NA,1.61999236244754,13.6720805824119
2055-03-08 12:00:00,2055,3,8,NA,3.86504502165724,16.2177561433006
2055-03-09 12:00:00,2055,3,9,NA,7.23926233520671,18.2193167666103
2055-03-10 12:00:00,2055,3,10,NA,1.89982175258743,16.1361176028773
2055-03-11 12:00:00,2055,3,11,NA,2.81559317180917,16.0358595064637
2055-03-12 12:00:00,2055,3,12,NA,3.02673757093889,18.2430234101522
2055-03-13 12:00:00,2055,3,13,NA,4.07512961426444,17.3600270805591
2055-03-14 12:00:00,2055,3,14,NA,6.15782927380777,15.8972628035753
2055-03-15 12:00:00,2055,3,15,NA,5.42719232722256,18.5039874156185
2055-03-16 12:00:00,2055,3,16,NA,8.30312484688111,19.9075762828259
2055-03-17 12:00:00,2055,3,17,NA,6.05385705252291,22.9774940806718
2055-03-18 12:00:00,2055,3,18,NA,5.04329113559733,23.0444744562746
2055-03-19 12:00:00,2055,3,19,NA,5.03988411737023,20.3330587585673
2055-03-20 12:00:00,2055,3,20,NA,6.36445013297384,20.9512103166037
2055-03-21 12:00:00,2055,3,21,NA,6.65668605535185,21.5806127977996
2055-03-22 12:00:00,2055,3,22,NA,6.12906893670213,18.4817800583455
2055-03-23 12:00:00,2055,3,23,NA,4.62089139479215,13.7675995207487
2055-03-24 12:00:00,2055,3,24,NA,1.78364257012132,20.6637698814706
2055-03-25 12:00:00,2055,3,25,NA,4.65521083144049,17.4647715810214
2055-03-26 12:00:00,2055,3,26,NA,5.5405208944465,16.4163267677595
2055-03-27 12:00:00,2055,3,27,NA,3.16768276366708,19.5375123421663
2055-03-28 12:00:00,2055,3,28,NA,5.45332430466808,19.1432080789469
2055-03-29 12:00:00,2055,3,29,NA,2.59478971691525,18.8476283894582
2055-03-30 12:00:00,2055,3,30,NA,6.63428537271097,22.0756297205975
2055-03-31 12:00:00,2055,3,31,NA,6.32220184142746,16.1000637697019
2055-04-01 12:00:00,2055,4,1,NA,4.41068793383381,18.489477189667
2055-04-02 12:00:00,2055,4,2,NA,2.74607162559629,20.4346269870879
2055-04-03 12:00:00,2055,4,3,NA,3.4723990585354,20.5142302101534
2055-04-04 12:00:00,2055,4,4,NA,8.73774407362284,24.4337003819533
2055-04-05 12:00:00,2055,4,5,NA,13.0242681920154,19.4795684178874
2055-04-06 12:00:00,2055,4,6,NA,12.4480507358248,16.6463581506968
2055-04-07 12:00:00,2055,4,7,NA,8.34857661261245,16.2173296257648
2055-04-08 12:00:00,2055,4,8,NA,6.72920737160187,11.6649300498433
2055-04-09 12:00:00,2055,4,9,NA,8.13365616088707,16.7248608637357
2055-04-10 12:00:00,2055,4,10,NA,6.80250880633242,21.6155281426576
2055-04-11 12:00:00,2055,4,11,NA,10.4099300768486,19.2542742152043
2055-04-12 12:00:00,2055,4,12,NA,8.93492692435394,25.8288943689765
2055-04-13 12:00:00,2055,4,13,NA,10.4849781491052,26.2426757669138
2055-04-14 12:00:00,2055,4,14,NA,9.58195151171884,21.4174962616601
2055-04-15 12:00:00,2055,4,15,NA,9.90837852056421,23.1358141284421
2055-04-16 12:00:00,2055,4,16,NA,14.6619409738161,25.5511617762355
2055-04-17 12:00:00,2055,4,17,NA,9.64785599478513,20.0342015485451
2055-04-18 12:00:00,2055,4,18,NA,13.8448375621636,26.6052884852627
2055-04-19 12:00:00,2055,4,19,NA,14.3967173602832,25.2784111939702
2055-04-20 12:00:00,2055,4,20,NA,15.1226488711504,29.0524856371663
2055-04-21 12:00:00,2055,4,21,NA,18.1452137693258,27.5670795683442
2055-04-22 12:00:00,2055,4,22,NA,14.356446786551,30.1392026650722
2055-04-23 12:00:00,2055,4,23,NA,13.3807410815374,28.2538530456193
2055-04-24 12:00:00,2055,4,24,NA,13.2798608893636,28.0401857536975
2055-04-25 12:00:00,2055,4,25,NA,14.4405959425069,27.3670426973884
2055-04-26 12:00:00,2055,4,26,NA,15.5109778570107,23.1429325251026
2055-04-27 12:00:00,2055,4,27,NA,14.0180017704811,20.684321590145
2055-04-28 12:00:00,2055,4,28,NA,10.0654544119157,17.5908298179541
2055-04-29 12:00:00,2055,4,29,NA,12.9716190015119,17.0613117524089
2055-04-30 12:00:00,2055,4,30,NA,8.76087936594665,20.6430197716405
2055-05-01 12:00:00,2055,5,1,NA,11.3691862662015,23.7640332381793
2055-05-02 12:00:00,2055,5,2,NA,14.4246680276049,20.6555961607949
2055-05-03 12:00:00,2055,5,3,NA,9.09594707423755,22.6909601836116
2055-05-04 12:00:00,2055,5,4,NA,10.1500202501529,15.587950752551
2055-05-05 12:00:00,2055,5,5,NA,9.68499622851742,18.9174386787237
2055-05-06 12:00:00,2055,5,6,NA,11.0368392237122,16.9396493459801
2055-05-07 12:00:00,2055,5,7,NA,9.8417174690528,20.7244069446684
2055-05-08 12:00:00,2055,5,8,NA,11.3197656069886,25.6474497239687
2055-05-09 12:00:00,2055,5,9,NA,11.7752147197253,26.0722091481685
2055-05-10 12:00:00,2055,5,10,NA,13.5298085371807,20.1003959980656
2055-05-11 12:00:00,2055,5,11,NA,12.9422080862053,24.0698076187985
2055-05-12 12:00:00,2055,5,12,NA,13.2346968510295,21.0686600533389
2055-05-13 12:00:00,2055,5,13,NA,13.4878973366242,19.1313030546573
2055-05-14 12:00:00,2055,5,14,NA,13.4681218918402,19.3411596487686
2055-05-15 12:00:00,2055,5,15,NA,13.9746237246599,23.1577333577292
2055-05-16 12:00:00,2055,5,16,NA,14.1523282353271,20.7905524580752
2055-05-17 12:00:00,2055,5,17,NA,14.9497829008684,20.897216544096
2055-05-18 12:00:00,2055,5,18,NA,14.6247746742902,19.5187552245788
2055-05-19 12:00:00,2055,5,19,NA,14.1279023147991,27.4394054571602
2055-05-20 12:00:00,2055,5,20,NA,15.4349667369485,30.1217046581886
2055-05-21 12:00:00,2055,5,21,NA,18.1445704934959,32.9103618928595
2055-05-22 12:00:00,2055,5,22,NA,18.7207385443528,31.3790778501979
2055-05-23 12:00:00,2055,5,23,NA,17.7429389903315,30.4072259372074
2055-05-24 12:00:00,2055,5,24,NA,20.5622440203647,31.8467904409875
2055-05-25 12:00:00,2055,5,25,NA,23.1141730747245,29.3200568875143
2055-05-26 12:00:00,2055,5,26,NA,19.847542388719,29.5205021678123
2055-05-27 12:00:00,2055,5,27,NA,18.0074275517678,28.8517405395925
2055-05-28 12:00:00,2055,5,28,NA,16.1048824617733,28.3327190535132
2055-05-29 12:00:00,2055,5,29,NA,15.0479063491609,29.8136977485245
2055-05-30 12:00:00,2055,5,30,NA,14.8733257222116,29.8967724776752
2055-05-31 12:00:00,2055,5,31,NA,16.4802585197916,30.5266660585774
2055-06-01 12:00:00,2055,6,1,NA,17.3595863820593,33.3922214428388
2055-06-02 12:00:00,2055,6,2,NA,16.5455761187289,34.2623788202194
2055-06-03 12:00:00,2055,6,3,NA,18.3564293959186,25.8496651223386
2055-06-04 12:00:00,2055,6,4,NA,16.653421141185,28.6814227038542
2055-06-05 12:00:00,2055,6,5,NA,18.8838174580361,25.961588974022
2055-06-06 12:00:00,2055,6,6,NA,16.3490152877177,29.4883858735229
2055-06-07 12:00:00,2055,6,7,NA,17.9536126379025,30.6737601723559
2055-06-08 12:00:00,2055,6,8,NA,18.6881950404919,29.474093852492
2055-06-09 12:00:00,2055,6,9,NA,18.8410308824961,27.0591058645063
2055-06-10 12:00:00,2055,6,10,NA,19.2059218546054,24.2325415826111
2055-06-11 12:00:00,2055,6,11,NA,21.5674182960696,23.3475377361772
2055-06-12 12:00:00,2055,6,12,NA,15.7190472172088,25.9122165806255
2055-06-13 12:00:00,2055,6,13,NA,15.5407780614522,25.3901457873491
2055-06-14 12:00:00,2055,6,14,NA,15.1566751707781,29.3059420113406
2055-06-15 12:00:00,2055,6,15,NA,18.1622251842856,30.5814617420226
2055-06-16 12:00:00,2055,6,16,NA,19.9563401916516,32.9682554991531
2055-06-17 12:00:00,2055,6,17,NA,19.7993134847955,29.5439911629064
2055-06-18 12:00:00,2055,6,18,NA,20.0269236419372,29.0297917963671
2055-06-19 12:00:00,2055,6,19,NA,19.4305140153355,28.4818660463141
2055-06-20 12:00:00,2055,6,20,NA,19.7022344264619,28.3378630648852
2055-06-21 12:00:00,2055,6,21,NA,19.2125617236419,28.297725491065
2055-06-22 12:00:00,2055,6,22,NA,21.6713391183527,29.4446815613976
2055-06-23 12:00:00,2055,6,23,NA,21.312463660032,28.3376351931471
2055-06-24 12:00:00,2055,6,24,NA,20.1981265581308,29.5499736165379
2055-06-25 12:00:00,2055,6,25,NA,16.4605475678492,32.3035296428935
2055-06-26 12:00:00,2055,6,26,NA,16.1899115858399,30.459001881338
2055-06-27 12:00:00,2055,6,27,NA,18.4129113359927,26.4628407868788
2055-06-28 12:00:00,2055,6,28,NA,19.6195932774813,24.3332717909455
2055-06-29 12:00:00,2055,6,29,NA,20.2074732716638,31.3063670508509
2055-06-30 12:00:00,2055,6,30,NA,23.5649865149373,29.7266749770073
2055-07-01 12:00:00,2055,7,1,NA,21.2786529084314,30.3638166758545
2055-07-02 12:00:00,2055,7,2,NA,20.7317774891603,30.7920681891007
2055-07-03 12:00:00,2055,7,3,NA,21.8440402744623,26.8181195367263
2055-07-04 12:00:00,2055,7,4,NA,20.6961324619746,24.4862030204457
2055-07-05 12:00:00,2055,7,5,NA,18.5901784679611,23.4756544654702
2055-07-06 12:00:00,2055,7,6,NA,19.7664984206103,26.9350932529612
2055-07-07 12:00:00,2055,7,7,NA,18.7207437301349,30.4236008818561
2055-07-08 12:00:00,2055,7,8,NA,21.5446486852596,32.3014349935728
2055-07-09 12:00:00,2055,7,9,NA,18.8974529602401,25.8438087153205
2055-07-10 12:00:00,2055,7,10,NA,19.0992551248234,30.0127490372592
2055-07-11 12:00:00,2055,7,11,NA,22.5729380208514,31.1494578535819
2055-07-12 12:00:00,2055,7,12,NA,24.3906405458796,35.0350141003533
2055-07-13 12:00:00,2055,7,13,NA,24.5031722812738,32.7301279621801
2055-07-14 12:00:00,2055,7,14,NA,25.3825887343504,33.4822404559062
2055-07-15 12:00:00,2055,7,15,NA,26.4867219689572,33.5990549711155
2055-07-16 12:00:00,2055,7,16,NA,25.869223200939,33.5366607385991
2055-07-17 12:00:00,2055,7,17,NA,25.9288173418652,33.66633045403
2055-07-18 12:00:00,2055,7,18,NA,25.3438850321807,35.2167150263872
2055-07-19 12:00:00,2055,7,19,NA,26.3577605266419,34.2012518751619
2055-07-20 12:00:00,2055,7,20,NA,26.2317862466098,35.7921013253201
2055-07-21 12:00:00,2055,7,21,NA,25.8510770282201,33.9544444032906
2055-07-22 12:00:00,2055,7,22,NA,24.5372197314215,35.7774687305702
2055-07-23 12:00:00,2055,7,23,NA,25.1899615887127,35.1548109890865
2055-07-24 12:00:00,2055,7,24,NA,24.6700051859778,31.2725619436364
2055-07-25 12:00:00,2055,7,25,NA,25.4970021224195,33.3604714640905
2055-07-26 12:00:00,2055,7,26,NA,24.9956031687766,28.2779776642018
2055-07-27 12:00:00,2055,7,27,NA,20.9428492895807,25.9169285518447
2055-07-28 12:00:00,2055,7,28,NA,22.9542070723482,26.4484108469647
2055-07-29 12:00:00,2055,7,29,NA,23.7967392824933,28.4157271279883
2055-07-30 12:00:00,2055,7,30,NA,23.3382604791285,29.1836033177987
2055-07-31 12:00:00,2055,7,31,NA,23.8840506359468,35.7582011656798
2055-08-01 12:00:00,2055,8,1,NA,27.6712865604458,32.642174102654
2055-08-02 12:00:00,2055,8,2,NA,27.2691219534973,30.1976550691398
2055-08-03 12:00:00,2055,8,3,NA,26.5622345323555,33.2780669409565
2055-08-04 12:00:00,2055,8,4,NA,25.414230431265,35.9780842319687
2055-08-05 12:00:00,2055,8,5,NA,25.5060352052424,34.1794978317987
2055-08-06 12:00:00,2055,8,6,NA,25.1575518902655,34.9757380691583
2055-08-07 12:00:00,2055,8,7,NA,25.7592071047977,33.9521795231072
2055-08-08 12:00:00,2055,8,8,NA,26.082202604251,36.6460271612216
2055-08-09 12:00:00,2055,8,9,NA,27.2397840933037,36.1202315306578
2055-08-10 12:00:00,2055,8,10,NA,27.163744945261,35.8782392680064
2055-08-11 12:00:00,2055,8,11,NA,27.7116656539654,33.0131717323089
2055-08-12 12:00:00,2055,8,12,NA,26.5929263514248,32.7501429311259
2055-08-13 12:00:00,2055,8,13,NA,23.4956249354729,30.99401363634
2055-08-14 12:00:00,2055,8,14,NA,23.5104965252906,32.1516636027222
2055-08-15 12:00:00,2055,8,15,NA,23.6918649925114,33.4791890453843
2055-08-16 12:00:00,2055,8,16,NA,22.7863175856707,30.793631282432
2055-08-17 12:00:00,2055,8,17,NA,25.0071317960209,27.4114242831759
2055-08-18 12:00:00,2055,8,18,NA,25.5624264639968,30.370035046355
2055-08-19 12:00:00,2055,8,19,NA,24.342753283896,34.3454910949488
2055-08-20 12:00:00,2055,8,20,NA,21.5917824542606,30.2288877968191
2055-08-21 12:00:00,2055,8,21,NA,22.7888722614982,33.588627783928
2055-08-22 12:00:00,2055,8,22,NA,24.6194459594922,32.9541031683107
2055-08-23 12:00:00,2055,8,23,NA,26.2111366066116,33.3286626814285
2055-08-24 12:00:00,2055,8,24,NA,27.2169238627207,31.0680170619759
2055-08-25 12:00:00,2055,8,25,NA,25.7764963635064,31.1639947377725
2055-08-26 12:00:00,2055,8,26,NA,25.7561870896091,31.4130174504652
2055-08-27 12:00:00,2055,8,27,NA,23.5954115246499,28.2984370663627
2055-08-28 12:00:00,2055,8,28,NA,23.0936146531718,30.7750312348535
2055-08-29 12:00:00,2055,8,29,NA,25.7554228638225,31.5112877842095
2055-08-30 12:00:00,2055,8,30,NA,24.2488384882318,29.6510924414105
2055-08-31 12:00:00,2055,8,31,NA,25.8844601632533,30.8639571313382
2055-09-01 12:00:00,2055,9,1,NA,25.5699102437899,29.3102388849598
2055-09-02 12:00:00,2055,9,2,NA,23.7088716215735,28.8445630970986
2055-09-03 12:00:00,2055,9,3,NA,20.4640295951052,22.278074546692
2055-09-04 12:00:00,2055,9,4,NA,17.9249901900669,19.5244095436964
2055-09-05 12:00:00,2055,9,5,NA,14.1064438359521,24.6454390347046
2055-09-06 12:00:00,2055,9,6,NA,17.4213383001538,19.9837645677572
2055-09-07 12:00:00,2055,9,7,NA,15.3555038061196,25.2893997214719
2055-09-08 12:00:00,2055,9,8,NA,17.1495019335094,24.4218054785363
2055-09-09 12:00:00,2055,9,9,NA,16.9320462681991,27.4753381840691
2055-09-10 12:00:00,2055,9,10,NA,18.379858426144,32.9726405685982
2055-09-11 12:00:00,2055,9,11,NA,19.1854539358249,30.565850700858
2055-09-12 12:00:00,2055,9,12,NA,20.5969117337556,33.5792722678216
2055-09-13 12:00:00,2055,9,13,NA,18.860512663315,30.2703797159117
2055-09-14 12:00:00,2055,9,14,NA,17.6501619471402,31.5748615051831
2055-09-15 12:00:00,2055,9,15,NA,17.769134412262,32.1528418012373
2055-09-16 12:00:00,2055,9,16,NA,17.9060189745985,31.3316396474767
2055-09-17 12:00:00,2055,9,17,NA,19.4507852426683,27.3615177982774
2055-09-18 12:00:00,2055,9,18,NA,24.2980505928635,30.5540929847266
2055-09-19 12:00:00,2055,9,19,NA,22.3764083409237,30.3205889725708
2055-09-20 12:00:00,2055,9,20,NA,18.0299811826301,27.5419185933223
2055-09-21 12:00:00,2055,9,21,NA,19.8891421978601,27.0958921589399
2055-09-22 12:00:00,2055,9,22,NA,17.5116245677548,28.4462020067987
2055-09-23 12:00:00,2055,9,23,NA,16.7467675065454,28.985904488306
2055-09-24 12:00:00,2055,9,24,NA,16.7228701693303,26.435816297501
2055-09-25 12:00:00,2055,9,25,NA,17.1981892812721,23.1865071710736
2055-09-26 12:00:00,2055,9,26,NA,16.0881800445626,25.7900559180536
2055-09-27 12:00:00,2055,9,27,NA,15.5772573546698,23.8557703704709
2055-09-28 12:00:00,2055,9,28,NA,17.3362365170023,20.116522329398
2055-09-29 12:00:00,2055,9,29,NA,14.5832154988349,26.5519231343673
2055-09-30 12:00:00,2055,9,30,NA,16.1862808251441,22.1637405749502
2055-10-01 12:00:00,2055,10,1,NA,15.6058939403156,26.8160305583625
2055-10-02 12:00:00,2055,10,2,NA,11.0443720760339,25.4307244206548
2055-10-03 12:00:00,2055,10,3,NA,11.3412718009593,26.8538976247225
2055-10-04 12:00:00,2055,10,4,NA,15.1369192119004,23.98276524979
2055-10-05 12:00:00,2055,10,5,NA,14.2620973565842,26.7066541195586
2055-10-06 12:00:00,2055,10,6,NA,12.7453109582697,27.3299349534683
2055-10-07 12:00:00,2055,10,7,NA,14.3892204535923,27.9527466497834
2055-10-08 12:00:00,2055,10,8,NA,14.8003398901597,26.554177949698
2055-10-09 12:00:00,2055,10,9,NA,13.1228683732339,22.3597686809684
2055-10-10 12:00:00,2055,10,10,NA,12.9028820263968,24.7188484966744
2055-10-11 12:00:00,2055,10,11,NA,12.5041629379531,25.4724409901337
2055-10-12 12:00:00,2055,10,12,NA,14.3806528725492,27.8199660180642
2055-10-13 12:00:00,2055,10,13,NA,14.1403969110714,28.1068119100126
2055-10-14 12:00:00,2055,10,14,NA,12.9646211092278,25.5296975014479
2055-10-15 12:00:00,2055,10,15,NA,12.7710844972598,27.996291688158
2055-10-16 12:00:00,2055,10,16,NA,13.6744276717219,25.3124628845057
2055-10-17 12:00:00,2055,10,17,NA,12.1494801362435,22.8356398284747
2055-10-18 12:00:00,2055,10,18,NA,10.4240562546938,24.5368778798733
2055-10-19 12:00:00,2055,10,19,NA,9.53607093280142,23.7665086853153
2055-10-20 12:00:00,2055,10,20,NA,8.37345253928158,20.9589556915623
2055-10-21 12:00:00,2055,10,21,NA,9.59323302757106,21.9437965219773
2055-10-22 12:00:00,2055,10,22,NA,10.5206240356806,22.3814581499628
2055-10-23 12:00:00,2055,10,23,NA,10.8556875983734,23.345653613858
2055-10-24 12:00:00,2055,10,24,NA,10.1461918938555,16.6819110843451
2055-10-25 12:00:00,2055,10,25,NA,9.35964574262304,17.3624352197632
2055-10-26 12:00:00,2055,10,26,NA,7.76083827955101,23.0712305003705
2055-10-27 12:00:00,2055,10,27,NA,10.7340673496108,21.8684184310501
2055-10-28 12:00:00,2055,10,28,NA,8.69659460287031,20.4589679028929
2055-10-29 12:00:00,2055,10,29,NA,6.8965706260809,15.263383666256
2055-10-30 12:00:00,2055,10,30,NA,8.72440446462419,16.4230402324812
2055-10-31 12:00:00,2055,10,31,NA,6.79831955332956,18.1124694608199
2055-11-01 12:00:00,2055,11,1,NA,6.98977510649725,20.6255527781041
2055-11-02 12:00:00,2055,11,2,NA,6.10394744837075,19.0574928612992
2055-11-03 12:00:00,2055,11,3,NA,-1.25310828705228,9.4926762721569
2055-11-04 12:00:00,2055,11,4,NA,2.48219209345837,10.3396750492611
2055-11-05 12:00:00,2055,11,5,NA,0.896299912844791,18.954856958006
2055-11-06 12:00:00,2055,11,6,NA,4.57550671458218,16.1263455216856
2055-11-07 12:00:00,2055,11,7,NA,5.84449330488945,18.5545003466196
2055-11-08 12:00:00,2055,11,8,NA,5.0187259141479,18.0483314528922
2055-11-09 12:00:00,2055,11,9,NA,6.73662372202727,19.6835548921585
2055-11-10 12:00:00,2055,11,10,NA,6.2303764971409,19.9604953941535
2055-11-11 12:00:00,2055,11,11,NA,4.50091409329282,15.9363417589099
2055-11-12 12:00:00,2055,11,12,NA,6.42606556326579,21.3655097547873
2055-11-13 12:00:00,2055,11,13,NA,4.81444147389993,17.8281565583597
2055-11-14 12:00:00,2055,11,14,NA,3.97487000406331,11.0813530706335
2055-11-15 12:00:00,2055,11,15,NA,2.14218898950015,13.4022854502334
2055-11-16 12:00:00,2055,11,16,NA,2.6484757451122,16.9936646011264
2055-11-17 12:00:00,2055,11,17,NA,1.81655004712287,17.2505380116597
2055-11-18 12:00:00,2055,11,18,NA,5.12548923609099,14.1377364652483
2055-11-19 12:00:00,2055,11,19,NA,3.22109980860846,16.1614688270823
2055-11-20 12:00:00,2055,11,20,NA,1.37018201302501,14.5478704408421
2055-11-21 12:00:00,2055,11,21,NA,-3.1138890172074,4.41730506586142
2055-11-22 12:00:00,2055,11,22,NA,-5.78646248474165,3.00255297336538
2055-11-23 12:00:00,2055,11,23,NA,-5.45883650840214,5.61286071142186
2055-11-24 12:00:00,2055,11,24,NA,-1.98683723156012,8.75894732764906
2055-11-25 12:00:00,2055,11,25,NA,0.682790005457332,10.7908139930996
2055-11-26 12:00:00,2055,11,26,NA,0.122946084235317,12.373698530611
2055-11-27 12:00:00,2055,11,27,NA,2.30019970735887,15.7577288714258
2055-11-28 12:00:00,2055,11,28,NA,0.523417826292939,15.4904282761584
2055-11-29 12:00:00,2055,11,29,NA,7.19351931379527,13.3813843607881
2055-11-30 12:00:00,2055,11,30,NA,3.3302262642022,16.343941348662
2055-12-01 12:00:00,2055,12,1,NA,7.27607675318228,11.9312612952281
2055-12-02 12:00:00,2055,12,2,NA,2.8706174878017,12.1342908323793
2055-12-03 12:00:00,2055,12,3,NA,3.39317839288043,16.7254234353559
2055-12-04 12:00:00,2055,12,4,NA,3.80514138416348,16.0391397344317
2055-12-05 12:00:00,2055,12,5,NA,7.14413103155142,17.2898259743738
2055-12-06 12:00:00,2055,12,6,NA,2.64219973380888,11.0735169385702
2055-12-07 12:00:00,2055,12,7,NA,0.745567568102709,12.0199526365186
2055-12-08 12:00:00,2055,12,8,NA,0.930602800973988,13.7025133891983
2055-12-09 12:00:00,2055,12,9,NA,1.70643639974109,11.1918414465764
2055-12-10 12:00:00,2055,12,10,NA,-0.562696873211999,7.38578614234169
2055-12-11 12:00:00,2055,12,11,NA,-0.411871748237727,10.876618268316
2055-12-12 12:00:00,2055,12,12,NA,-0.0730488053299423,8.99661557673203
2055-12-13 12:00:00,2055,12,13,NA,1.51205531801868,10.9014885587782
2055-12-14 12:00:00,2055,12,14,NA,-2.60879392528623,7.85349992866368
2055-12-15 12:00:00,2055,12,15,NA,-1.55474701612117,10.9222709554649
2055-12-16 12:00:00,2055,12,16,NA,2.2413532505764,15.6107286848949
2055-12-17 12:00:00,2055,12,17,NA,3.32838935990811,11.2879039557959
2055-12-18 12:00:00,2055,12,18,NA,3.45163614559086,11.5378208574664
2055-12-19 12:00:00,2055,12,19,NA,1.48500959313596,12.7174616449218
2055-12-20 12:00:00,2055,12,20,NA,3.108001801418,7.31383907216946
2055-12-21 12:00:00,2055,12,21,NA,-1.71163493495518,6.31623700785032
2055-12-22 12:00:00,2055,12,22,NA,-4.46044271262772,-0.359369088088552
2055-12-23 12:00:00,2055,12,23,NA,-4.93102492654683,3.61318745866743
2055-12-24 12:00:00,2055,12,24,NA,-2.97605190890901,5.13700757998185
2055-12-25 12:00:00,2055,12,25,NA,-1.03788404918124,6.9421191992148
2055-12-26 12:00:00,2055,12,26,NA,-2.17031153063064,2.71381778247214
2055-12-27 12:00:00,2055,12,27,NA,1.51040173473658,5.94828253118498
2055-12-28 12:00:00,2055,12,28,NA,-0.516860299736913,4.21264483895552
2055-12-29 12:00:00,2055,12,29,NA,-0.304717188843142,5.8698210511487
2055-12-30 12:00:00,2055,12,30,NA,-1.81541094962956,6.27077376224602
2055-12-31 12:00:00,2055,12,31,NA,-0.34313480422805,9.14227024260721
2056-01-01 12:00:00,2056,1,1,NA,-1.9685380193122,11.1160942323229
2056-01-02 12:00:00,2056,1,2,NA,6.71077102995389,14.1216516105767
2056-01-03 12:00:00,2056,1,3,NA,7.11062568999203,15.8188776707112
2056-01-04 12:00:00,2056,1,4,NA,10.3002743553524,20.6030631687915
2056-01-05 12:00:00,2056,1,5,NA,1.99710634653686,11.6470952067909
2056-01-06 12:00:00,2056,1,6,NA,-0.938846342141414,4.97197682552183
2056-01-07 12:00:00,2056,1,7,NA,-3.70518367441891,3.324997125246
2056-01-08 12:00:00,2056,1,8,NA,-1.40573940434765,4.49461131108013
2056-01-09 12:00:00,2056,1,9,NA,-3.37939644917481,4.87592060350771
2056-01-10 12:00:00,2056,1,10,NA,-4.03526540731569,6.23774929980393
2056-01-11 12:00:00,2056,1,11,NA,-3.9209242663649,5.70011290858408
2056-01-12 12:00:00,2056,1,12,NA,-2.45050172694752,6.7585956327958
2056-01-13 12:00:00,2056,1,13,NA,-1.06820691371812,8.31108581277611
2056-01-14 12:00:00,2056,1,14,NA,-5.07931120037925,5.95412210385177
2056-01-15 12:00:00,2056,1,15,NA,-4.01289712523828,7.36372527771922
2056-01-16 12:00:00,2056,1,16,NA,-2.7533872316806,7.15077684763817
2056-01-17 12:00:00,2056,1,17,NA,-1.19316197580839,5.4792750392461
2056-01-18 12:00:00,2056,1,18,NA,-0.00848473369067948,7.60874515389338
2056-01-19 12:00:00,2056,1,19,NA,-0.53530309605579,7.61581459086254
2056-01-20 12:00:00,2056,1,20,NA,-1.20135286649796,5.99920546929834
2056-01-21 12:00:00,2056,1,21,NA,-2.94472551602998,4.45810066701551
2056-01-22 12:00:00,2056,1,22,NA,-5.57321043573207,3.07282496497487
2056-01-23 12:00:00,2056,1,23,NA,-5.43166796919315,5.62875447570345
2056-01-24 12:00:00,2056,1,24,NA,-3.79050976156333,8.09817686174738
2056-01-25 12:00:00,2056,1,25,NA,-2.18249024132836,8.86591129628142
2056-01-26 12:00:00,2056,1,26,NA,-0.818595588971424,8.40859770513828
2056-01-27 12:00:00,2056,1,27,NA,-1.7652142650446,8.53518521633713
2056-01-28 12:00:00,2056,1,28,NA,-4.03791178597276,6.62438088480015
2056-01-29 12:00:00,2056,1,29,NA,-5.56918678535602,8.51375109393783
2056-01-30 12:00:00,2056,1,30,NA,-1.53944205279342,3.69404992121003
2056-01-31 12:00:00,2056,1,31,NA,-2.33982251577162,7.74662254966717
2056-02-01 12:00:00,2056,2,1,NA,-1.92933960875533,6.45210867571253
2056-02-02 12:00:00,2056,2,2,NA,-4.48219546956008,4.60848872393613
2056-02-03 12:00:00,2056,2,3,NA,-0.459554122904909,10.6249916644962
2056-02-04 12:00:00,2056,2,4,NA,-0.0553325915200347,7.76992294962719
2056-02-05 12:00:00,2056,2,5,NA,-2.14349735976265,9.29997342713353
2056-02-06 12:00:00,2056,2,6,NA,0.442716627993713,8.89733936866475
2056-02-07 12:00:00,2056,2,7,NA,-1.37216341184625,13.2687183749393
2056-02-08 12:00:00,2056,2,8,NA,2.20859544697564,6.47619401429786
2056-02-09 12:00:00,2056,2,9,NA,1.28187027809256,8.59860582796699
2056-02-10 12:00:00,2056,2,10,NA,0.764125920496791,6.64308560739586
2056-02-11 12:00:00,2056,2,11,NA,-1.39923402792892,9.05612826879689
2056-02-12 12:00:00,2056,2,12,NA,-3.48498609600208,12.9243846278717
2056-02-13 12:00:00,2056,2,13,NA,-2.11586487466894,15.6643891460809
2056-02-14 12:00:00,2056,2,14,NA,1.46343507505746,12.9613832719034
2056-02-15 12:00:00,2056,2,15,NA,1.56736024411568,13.9483316862091
2056-02-16 12:00:00,2056,2,16,NA,1.5413227831661,9.9054155690342
2056-02-17 12:00:00,2056,2,17,NA,-0.980880042268248,6.74057283928201
2056-02-18 12:00:00,2056,2,18,NA,1.18862822987412,12.9868236609877
2056-02-19 12:00:00,2056,2,19,NA,1.5440817447742,11.8567644586549
2056-02-20 12:00:00,2056,2,20,NA,0.337121289028626,5.12823805875131
2056-02-21 12:00:00,2056,2,21,NA,-4.72021514908985,8.17732695866537
2056-02-22 12:00:00,2056,2,22,NA,-3.72276715195624,4.64132563391187
2056-02-23 12:00:00,2056,2,23,NA,-4.29251268685809,9.51590786866509
2056-02-24 12:00:00,2056,2,24,NA,-4.2406595772179,9.92615002165201
2056-02-25 12:00:00,2056,2,25,NA,-1.17451337466514,11.7351240742992
2056-02-26 12:00:00,2056,2,26,NA,-2.04516768962754,12.2192809467021
2056-02-27 12:00:00,2056,2,27,NA,-0.0833302939980882,10.2293524198826
2056-02-28 12:00:00,2056,2,28,NA,-2.85860956061517,3.51321346017924
2056-02-29 12:00:00,2056,2,29,NA,-3.92287503632318,8.95025497244444
2056-03-01 12:00:00,2056,3,1,NA,-3.54824618200812,9.65396445796072
2056-03-02 12:00:00,2056,3,2,NA,-1.81669234474656,7.3410398097054
2056-03-03 12:00:00,2056,3,3,NA,-3.53672355407164,10.1069312637843
2056-03-04 12:00:00,2056,3,4,NA,-3.84492496230753,4.10297030310943
2056-03-05 12:00:00,2056,3,5,NA,-4.06312674825342,8.64478914970184
2056-03-06 12:00:00,2056,3,6,NA,-3.17952616470449,12.1832033774507
2056-03-07 12:00:00,2056,3,7,NA,-5.4561145339204,12.9618945538559
2056-03-08 12:00:00,2056,3,8,NA,-3.06257843856045,12.8174903067536
2056-03-09 12:00:00,2056,3,9,NA,-2.64275882246987,14.3036546066299
2056-03-10 12:00:00,2056,3,10,NA,5.2425965889422,14.8685230412339
2056-03-11 12:00:00,2056,3,11,NA,7.23674539932618,18.6743630594714
2056-03-12 12:00:00,2056,3,12,NA,11.172407384826,16.2259708915036
2056-03-13 12:00:00,2056,3,13,NA,6.35349622595384,21.5089836122504
2056-03-14 12:00:00,2056,3,14,NA,5.67763915086088,23.7290291833618
2056-03-15 12:00:00,2056,3,15,NA,7.39897991878012,22.5115474266273
2056-03-16 12:00:00,2056,3,16,NA,5.3079361542063,19.5043262060893
2056-03-17 12:00:00,2056,3,17,NA,7.98723546301057,13.2060139763666
2056-03-18 12:00:00,2056,3,18,NA,2.4878509643734,17.1771885878523
2056-03-19 12:00:00,2056,3,19,NA,8.80273049106655,27.2207395788428
2056-03-20 12:00:00,2056,3,20,NA,5.06916338156369,14.9516770215711
2056-03-21 12:00:00,2056,3,21,NA,9.34004383982842,14.4346655797732
2056-03-22 12:00:00,2056,3,22,NA,8.25266158980569,13.137236330015
2056-03-23 12:00:00,2056,3,23,NA,4.58898602302856,19.8860768669156
2056-03-24 12:00:00,2056,3,24,NA,7.0287562716579,17.3154745937027
2056-03-25 12:00:00,2056,3,25,NA,5.3390291309329,18.4522979177015
2056-03-26 12:00:00,2056,3,26,NA,4.27133322141497,19.2468585541332
2056-03-27 12:00:00,2056,3,27,NA,5.16247275668486,19.4009621526002
2056-03-28 12:00:00,2056,3,28,NA,6.67703184098418,24.1788702774648
2056-03-29 12:00:00,2056,3,29,NA,5.95291769585744,20.0950681203943
2056-03-30 12:00:00,2056,3,30,NA,5.37997466119223,21.0661775220383
2056-03-31 12:00:00,2056,3,31,NA,5.57426538985649,19.6408813545442
2056-04-01 12:00:00,2056,4,1,NA,7.22781879094662,20.0086599586515
2056-04-02 12:00:00,2056,4,2,NA,12.0402272622027,21.2496113479139
2056-04-03 12:00:00,2056,4,3,NA,7.42864906620422,20.7952367523345
2056-04-04 12:00:00,2056,4,4,NA,3.23442900412842,17.1558511173129
2056-04-05 12:00:00,2056,4,5,NA,3.70444453805252,18.5960626590237
2056-04-06 12:00:00,2056,4,6,NA,6.45527356028815,14.4174549548499
2056-04-07 12:00:00,2056,4,7,NA,3.66807634855735,18.5553724104661
2056-04-08 12:00:00,2056,4,8,NA,3.60717118206568,22.1957334480231
2056-04-09 12:00:00,2056,4,9,NA,4.08074125197169,21.3613645023209
2056-04-10 12:00:00,2056,4,10,NA,5.20488481497186,22.0988522595944
2056-04-11 12:00:00,2056,4,11,NA,4.72691317209644,18.1337845384639
2056-04-12 12:00:00,2056,4,12,NA,7.36752520856647,21.8987583964793
2056-04-13 12:00:00,2056,4,13,NA,6.30167657756743,18.218603164909
2056-04-14 12:00:00,2056,4,14,NA,8.9823451755869,22.3443723912331
2056-04-15 12:00:00,2056,4,15,NA,6.16746891136847,12.0634226600131
2056-04-16 12:00:00,2056,4,16,NA,3.40003028088989,17.0300452618591
2056-04-17 12:00:00,2056,4,17,NA,6.31605720609656,19.5261914736202
2056-04-18 12:00:00,2056,4,18,NA,6.73285923760502,12.6435632311732
2056-04-19 12:00:00,2056,4,19,NA,6.11121175432865,13.0330740964813
2056-04-20 12:00:00,2056,4,20,NA,1.20594191857107,15.6035321794568
2056-04-21 12:00:00,2056,4,21,NA,3.88152708642421,20.2718839866171
2056-04-22 12:00:00,2056,4,22,NA,2.67384691712939,18.8696925421482
2056-04-23 12:00:00,2056,4,23,NA,7.45257824259931,20.3790249974809
2056-04-24 12:00:00,2056,4,24,NA,4.89940509769087,18.1489940366541
2056-04-25 12:00:00,2056,4,25,NA,3.7843734139755,15.7875847401462
2056-04-26 12:00:00,2056,4,26,NA,6.95008170635211,16.8827944760905
2056-04-27 12:00:00,2056,4,27,NA,6.03262329088248,22.6992887017373
2056-04-28 12:00:00,2056,4,28,NA,9.10975783534668,24.8103637941027
2056-04-29 12:00:00,2056,4,29,NA,10.5922043623466,20.0099483543982
2056-04-30 12:00:00,2056,4,30,NA,7.37407836178327,25.1295872071644
2056-05-01 12:00:00,2056,5,1,NA,11.765152196706,29.4360478249856
2056-05-02 12:00:00,2056,5,2,NA,11.4506804259289,31.1133875156017
2056-05-03 12:00:00,2056,5,3,NA,12.8388890185673,27.1324346801925
2056-05-04 12:00:00,2056,5,4,NA,12.1987740681516,30.8593450187471
2056-05-05 12:00:00,2056,5,5,NA,13.0491405896428,28.8814553753526
2056-05-06 12:00:00,2056,5,6,NA,14.0126048490675,26.6658550239807
2056-05-07 12:00:00,2056,5,7,NA,13.0530036822745,22.9960446510016
2056-05-08 12:00:00,2056,5,8,NA,13.4221260817027,25.3776919162375
2056-05-09 12:00:00,2056,5,9,NA,14.2505097778764,26.6796028796191
2056-05-10 12:00:00,2056,5,10,NA,16.5935508485366,20.5112024454454
2056-05-11 12:00:00,2056,5,11,NA,14.1554332705034,20.1368186140363
2056-05-12 12:00:00,2056,5,12,NA,14.3389165180226,24.0620857503003
2056-05-13 12:00:00,2056,5,13,NA,14.1104715146847,19.7042962873953
2056-05-14 12:00:00,2056,5,14,NA,11.9531537003794,22.719925887802
2056-05-15 12:00:00,2056,5,15,NA,13.5746044021342,24.3307318434627
2056-05-16 12:00:00,2056,5,16,NA,15.2385365952948,25.0266851231928
2056-05-17 12:00:00,2056,5,17,NA,16.5726677792775,21.4653802581501
2056-05-18 12:00:00,2056,5,18,NA,15.2209679732569,19.0302955752125
2056-05-19 12:00:00,2056,5,19,NA,11.4542976166139,25.1699056313546
2056-05-20 12:00:00,2056,5,20,NA,12.9831932667937,24.1070223846147
2056-05-21 12:00:00,2056,5,21,NA,13.6182566996703,19.1646247764966
2056-05-22 12:00:00,2056,5,22,NA,10.6135019275582,22.8861838336082
2056-05-23 12:00:00,2056,5,23,NA,13.6666813422684,28.6791845162443
2056-05-24 12:00:00,2056,5,24,NA,12.6342161910351,27.120806646754
2056-05-25 12:00:00,2056,5,25,NA,13.1488217678887,24.9056013105538
2056-05-26 12:00:00,2056,5,26,NA,12.039468094291,26.9658061796827
2056-05-27 12:00:00,2056,5,27,NA,13.2214459080447,27.519251070276
2056-05-28 12:00:00,2056,5,28,NA,14.8630454732347,24.536005252328
2056-05-29 12:00:00,2056,5,29,NA,13.2324213630848,26.5981658826567
2056-05-30 12:00:00,2056,5,30,NA,12.0940786336364,23.2216781662296
2056-05-31 12:00:00,2056,5,31,NA,12.6733461831479,29.3043852428343
2056-06-01 12:00:00,2056,6,1,NA,15.6244887087745,31.8844681175547
2056-06-02 12:00:00,2056,6,2,NA,16.3897869859776,31.1048735520845
2056-06-03 12:00:00,2056,6,3,NA,19.5940674252294,27.2718421264799
2056-06-04 12:00:00,2056,6,4,NA,15.9467346471837,30.0892731690293
2056-06-05 12:00:00,2056,6,5,NA,19.4211426126688,31.8704340633091
2056-06-06 12:00:00,2056,6,6,NA,21.2945848964724,31.1424057647765
2056-06-07 12:00:00,2056,6,7,NA,18.1692138738437,30.0515548560471
2056-06-08 12:00:00,2056,6,8,NA,19.2418014228011,30.9246892216984
2056-06-09 12:00:00,2056,6,9,NA,20.2941500087408,31.4177696108242
2056-06-10 12:00:00,2056,6,10,NA,20.438305745379,31.5654603612277
2056-06-11 12:00:00,2056,6,11,NA,19.8687429388124,31.3324516161115
2056-06-12 12:00:00,2056,6,12,NA,19.7601366686313,30.7321812002932
2056-06-13 12:00:00,2056,6,13,NA,18.1065370348023,33.9495191098465
2056-06-14 12:00:00,2056,6,14,NA,18.4599056542067,33.6018953361368
2056-06-15 12:00:00,2056,6,15,NA,24.0143852672694,26.1392961513906
2056-06-16 12:00:00,2056,6,16,NA,20.8950983223281,28.0844125482278
2056-06-17 12:00:00,2056,6,17,NA,20.6281322370362,29.5058872785934
2056-06-18 12:00:00,2056,6,18,NA,19.0897023024111,30.2132471722354
2056-06-19 12:00:00,2056,6,19,NA,17.4125781181865,29.5663581587169
2056-06-20 12:00:00,2056,6,20,NA,19.6812803789982,32.6575240526568
2056-06-21 12:00:00,2056,6,21,NA,19.9808838130519,29.9155090174313
2056-06-22 12:00:00,2056,6,22,NA,19.9499877302072,33.2122318317515
2056-06-23 12:00:00,2056,6,23,NA,19.3277736642243,23.1975015583417
2056-06-24 12:00:00,2056,6,24,NA,17.1982806524177,29.1984062323171
2056-06-25 12:00:00,2056,6,25,NA,19.0626256670704,34.2856550404019
2056-06-26 12:00:00,2056,6,26,NA,19.0003510642517,35.6359003364685
2056-06-27 12:00:00,2056,6,27,NA,21.4300290901675,34.9897239894054
2056-06-28 12:00:00,2056,6,28,NA,22.6400189718276,25.6731983845385
2056-06-29 12:00:00,2056,6,29,NA,22.4970255623593,32.2765407560946
2056-06-30 12:00:00,2056,6,30,NA,23.4257007484807,28.944257442888
2056-07-01 12:00:00,2056,7,1,NA,19.526559111618,27.3593162046324
2056-07-02 12:00:00,2056,7,2,NA,20.0123801593811,26.1919215599268
2056-07-03 12:00:00,2056,7,3,NA,19.6372246327914,31.1285609343196
2056-07-04 12:00:00,2056,7,4,NA,20.7524401529751,29.6022560915758
2056-07-05 12:00:00,2056,7,5,NA,20.8268772633404,26.2467488309718
2056-07-06 12:00:00,2056,7,6,NA,20.9639282429522,28.6500880944089
2056-07-07 12:00:00,2056,7,7,NA,19.553689654711,27.2211271923711
2056-07-08 12:00:00,2056,7,8,NA,20.4366564951874,28.111152969232
2056-07-09 12:00:00,2056,7,9,NA,22.3645790177043,30.1729227225944
2056-07-10 12:00:00,2056,7,10,NA,23.1143261713564,29.291420405997
2056-07-11 12:00:00,2056,7,11,NA,22.2480873756976,31.9119242872426
2056-07-12 12:00:00,2056,7,12,NA,21.6723685893116,26.946155083736
2056-07-13 12:00:00,2056,7,13,NA,21.3742609065088,26.246573868305
2056-07-14 12:00:00,2056,7,14,NA,18.5430655549949,23.8465440165298
2056-07-15 12:00:00,2056,7,15,NA,19.2701431246549,22.891903399914
2056-07-16 12:00:00,2056,7,16,NA,19.4337620382123,27.0131679213243
2056-07-17 12:00:00,2056,7,17,NA,20.4845885144082,29.1770072077926
2056-07-18 12:00:00,2056,7,18,NA,20.2719199152955,26.8983068727799
2056-07-19 12:00:00,2056,7,19,NA,21.4878764414323,28.416534685415
2056-07-20 12:00:00,2056,7,20,NA,21.1667531896946,28.8929145331588
2056-07-21 12:00:00,2056,7,21,NA,21.7837606992954,29.2510312412825
2056-07-22 12:00:00,2056,7,22,NA,21.5551381206048,30.0792928200625
2056-07-23 12:00:00,2056,7,23,NA,23.5957886892245,30.3218822095838
2056-07-24 12:00:00,2056,7,24,NA,22.6303096379329,33.3930807681841
2056-07-25 12:00:00,2056,7,25,NA,23.0850458174636,32.6573147996601
2056-07-26 12:00:00,2056,7,26,NA,24.4192990748854,31.2967030004854
2056-07-27 12:00:00,2056,7,27,NA,21.6988231908485,27.0228071383266
2056-07-28 12:00:00,2056,7,28,NA,23.0959063622447,30.8275319846234
2056-07-29 12:00:00,2056,7,29,NA,26.0994111317389,34.2207406924792
2056-07-30 12:00:00,2056,7,30,NA,25.7039526380862,28.6104050003994
2056-07-31 12:00:00,2056,7,31,NA,24.295691059062,29.2697703213261
2056-08-01 12:00:00,2056,8,1,NA,22.9072946536996,32.9969585826659
2056-08-02 12:00:00,2056,8,2,NA,24.3942514499915,33.7948754688796
2056-08-03 12:00:00,2056,8,3,NA,24.6988028248821,35.5725454675498
2056-08-04 12:00:00,2056,8,4,NA,25.8141357227675,34.6245408190333
2056-08-05 12:00:00,2056,8,5,NA,25.690916964641,34.6701724186632
2056-08-06 12:00:00,2056,8,6,NA,26.2013163607858,35.8287371492783
2056-08-07 12:00:00,2056,8,7,NA,27.232954727352,34.459284870715
2056-08-08 12:00:00,2056,8,8,NA,29.2542718080695,34.5445770456867
2056-08-09 12:00:00,2056,8,9,NA,28.8868069945097,34.0670031563538
2056-08-10 12:00:00,2056,8,10,NA,27.4833948028533,31.4420438540331
2056-08-11 12:00:00,2056,8,11,NA,27.4404371481656,29.578403243863
2056-08-12 12:00:00,2056,8,12,NA,25.4414573507009,29.6158640584323
2056-08-13 12:00:00,2056,8,13,NA,23.1843243328556,32.093077987182
2056-08-14 12:00:00,2056,8,14,NA,24.590380472425,33.7672940601187
2056-08-15 12:00:00,2056,8,15,NA,22.8096985108525,29.0697157769236
2056-08-16 12:00:00,2056,8,16,NA,24.5512737986451,33.0315808210755
2056-08-17 12:00:00,2056,8,17,NA,25.0823483887618,34.7168119921361
2056-08-18 12:00:00,2056,8,18,NA,26.0780875094625,36.653419059928
2056-08-19 12:00:00,2056,8,19,NA,25.6890268095918,37.2025762335663
2056-08-20 12:00:00,2056,8,20,NA,29.7404041704757,31.6660987376118
2056-08-21 12:00:00,2056,8,21,NA,21.7286544529002,31.8355711454322
2056-08-22 12:00:00,2056,8,22,NA,23.5322166443836,34.0937016141417
2056-08-23 12:00:00,2056,8,23,NA,25.4811893102816,34.6442014097043
2056-08-24 12:00:00,2056,8,24,NA,26.1554241260865,31.8786779170879
2056-08-25 12:00:00,2056,8,25,NA,25.0799686894185,28.87702744232
2056-08-26 12:00:00,2056,8,26,NA,21.4204212642669,28.1399904468186
2056-08-27 12:00:00,2056,8,27,NA,20.4347565583217,24.5588324822986
2056-08-28 12:00:00,2056,8,28,NA,21.8008495547532,29.9969600436038
2056-08-29 12:00:00,2056,8,29,NA,19.5375866706545,25.9500752775743
2056-08-30 12:00:00,2056,8,30,NA,21.6676428582742,27.981295257134
2056-08-31 12:00:00,2056,8,31,NA,20.1131097960949,28.0161140864606
2056-09-01 12:00:00,2056,9,1,NA,19.977945271694,27.3051992891751
2056-09-02 12:00:00,2056,9,2,NA,21.9576484078319,25.8637555415534
2056-09-03 12:00:00,2056,9,3,NA,20.1471068111045,27.8138061037603
2056-09-04 12:00:00,2056,9,4,NA,18.4211348981615,26.9662328953955
2056-09-05 12:00:00,2056,9,5,NA,18.2173548389361,28.4200344817412
2056-09-06 12:00:00,2056,9,6,NA,17.6603506820722,27.2575910023262
2056-09-07 12:00:00,2056,9,7,NA,20.4007971331598,30.9403396954255
2056-09-08 12:00:00,2056,9,8,NA,20.2140742038717,30.7915497807089
2056-09-09 12:00:00,2056,9,9,NA,22.6099521463196,26.4449801744766
2056-09-10 12:00:00,2056,9,10,NA,19.0144739453622,26.105097206374
2056-09-11 12:00:00,2056,9,11,NA,21.2349597236351,26.027644250174
2056-09-12 12:00:00,2056,9,12,NA,19.5767772542112,28.5478074711635
2056-09-13 12:00:00,2056,9,13,NA,17.9090149070124,33.2647884149689
2056-09-14 12:00:00,2056,9,14,NA,15.1320308305046,27.4249170184213
2056-09-15 12:00:00,2056,9,15,NA,13.1063285302921,21.4951023739443
2056-09-16 12:00:00,2056,9,16,NA,15.5468357457552,27.8151406121063
2056-09-17 12:00:00,2056,9,17,NA,15.9156206350127,26.8546544392468
2056-09-18 12:00:00,2056,9,18,NA,16.6714702753553,26.9870677283443
2056-09-19 12:00:00,2056,9,19,NA,15.6599629318868,26.2032548477568
2056-09-20 12:00:00,2056,9,20,NA,15.9497460294983,24.4745826155863
2056-09-21 12:00:00,2056,9,21,NA,15.4407987452839,25.5411702139139
2056-09-22 12:00:00,2056,9,22,NA,15.0546673188037,25.8877078198906
2056-09-23 12:00:00,2056,9,23,NA,15.2262831137458,25.7435576204828
2056-09-24 12:00:00,2056,9,24,NA,16.9760246091011,25.5078607784386
2056-09-25 12:00:00,2056,9,25,NA,16.2001533874952,26.1901033145196
2056-09-26 12:00:00,2056,9,26,NA,14.7863535324113,25.1010801630021
2056-09-27 12:00:00,2056,9,27,NA,14.4030287249091,24.9563699531765
2056-09-28 12:00:00,2056,9,28,NA,16.176573017216,18.9555535356745
2056-09-29 12:00:00,2056,9,29,NA,13.3658398969311,20.2949887163881
2056-09-30 12:00:00,2056,9,30,NA,14.14217431919,25.4206167149853
2056-10-01 12:00:00,2056,10,1,NA,13.3276272853864,22.9399130598251
2056-10-02 12:00:00,2056,10,2,NA,12.244582078186,23.6652379202588
2056-10-03 12:00:00,2056,10,3,NA,13.493457529042,24.6941398469534
2056-10-04 12:00:00,2056,10,4,NA,13.427581683903,24.9242512629546
2056-10-05 12:00:00,2056,10,5,NA,12.9563408815645,22.5625135545292
2056-10-06 12:00:00,2056,10,6,NA,15.6173225072985,26.9140817674116
2056-10-07 12:00:00,2056,10,7,NA,14.2951353045732,26.8404361377185
2056-10-08 12:00:00,2056,10,8,NA,12.8220033832111,24.8065295485972
2056-10-09 12:00:00,2056,10,9,NA,10.8169333103852,20.3340901404861
2056-10-10 12:00:00,2056,10,10,NA,11.8501891909893,21.5812752425234
2056-10-11 12:00:00,2056,10,11,NA,11.7466198373551,24.1870508600437
2056-10-12 12:00:00,2056,10,12,NA,6.62218636687824,19.4939146674386
2056-10-13 12:00:00,2056,10,13,NA,8.01410307048519,19.8749371847674
2056-10-14 12:00:00,2056,10,14,NA,13.0436520255525,24.9044861398347
2056-10-15 12:00:00,2056,10,15,NA,10.9667327661782,20.9096182838258
2056-10-16 12:00:00,2056,10,16,NA,10.6405012750662,20.0230238064979
2056-10-17 12:00:00,2056,10,17,NA,9.40766298581011,20.5372413903381
2056-10-18 12:00:00,2056,10,18,NA,7.62054025220925,16.1980621196009
2056-10-19 12:00:00,2056,10,19,NA,7.03368271797264,19.8069291047866
2056-10-20 12:00:00,2056,10,20,NA,8.04356449546852,21.4810103850015
2056-10-21 12:00:00,2056,10,21,NA,10.4955845228731,20.2784652219033
2056-10-22 12:00:00,2056,10,22,NA,9.69279905927984,21.5573963984991
2056-10-23 12:00:00,2056,10,23,NA,8.7520182864338,18.3355063317394
2056-10-24 12:00:00,2056,10,24,NA,7.13041976123414,20.9175584351408
2056-10-25 12:00:00,2056,10,25,NA,7.96964818971609,22.6828799881678
2056-10-26 12:00:00,2056,10,26,NA,9.45844695238294,24.0822886536041
2056-10-27 12:00:00,2056,10,27,NA,12.9674464078212,19.6956480824416
2056-10-28 12:00:00,2056,10,28,NA,11.0032322780679,18.8325112205397
2056-10-29 12:00:00,2056,10,29,NA,7.76547734052346,19.7106524436313
2056-10-30 12:00:00,2056,10,30,NA,9.95547316910604,23.7502280016716
2056-10-31 12:00:00,2056,10,31,NA,7.48343282408662,21.7697895212334
2056-11-01 12:00:00,2056,11,1,NA,6.37249093153896,23.6155455946849
2056-11-02 12:00:00,2056,11,2,NA,4.85578588638979,21.4693921459346
2056-11-03 12:00:00,2056,11,3,NA,10.5093785737562,25.0864144248246
2056-11-04 12:00:00,2056,11,4,NA,8.8309185244193,26.1890179428912
2056-11-05 12:00:00,2056,11,5,NA,12.2344352211437,24.9366546259673
2056-11-06 12:00:00,2056,11,6,NA,9.58663284664873,23.3915605076696
2056-11-07 12:00:00,2056,11,7,NA,9.58091863906445,22.3504299405008
2056-11-08 12:00:00,2056,11,8,NA,9.39158688344608,23.766833832529
2056-11-09 12:00:00,2056,11,9,NA,9.28463236761108,21.0110777000384
2056-11-10 12:00:00,2056,11,10,NA,10.5504271799549,23.5837961085085
2056-11-11 12:00:00,2056,11,11,NA,13.5866026430014,20.0880046269517
2056-11-12 12:00:00,2056,11,12,NA,6.45308512697296,21.4269073462542
2056-11-13 12:00:00,2056,11,13,NA,7.41872547984916,18.8262327946992
2056-11-14 12:00:00,2056,11,14,NA,7.24330910138885,20.5593842695313
2056-11-15 12:00:00,2056,11,15,NA,5.82413720763862,18.1414736664136
2056-11-16 12:00:00,2056,11,16,NA,8.11189569084369,16.9135484547687
2056-11-17 12:00:00,2056,11,17,NA,4.69362793592268,11.6100834678946
2056-11-18 12:00:00,2056,11,18,NA,2.3844862148091,17.6106152053595
2056-11-19 12:00:00,2056,11,19,NA,-0.0542369431563987,16.1663318527058
2056-11-20 12:00:00,2056,11,20,NA,0.0782242871994985,16.4298091837514
2056-11-21 12:00:00,2056,11,21,NA,2.64911814092275,16.1066473049897
2056-11-22 12:00:00,2056,11,22,NA,2.65287189159296,10.6021238530147
2056-11-23 12:00:00,2056,11,23,NA,7.19864477179591,14.553768274928
2056-11-24 12:00:00,2056,11,24,NA,8.69083036031018,15.0228401342983
2056-11-25 12:00:00,2056,11,25,NA,6.1290923716079,15.5501091273202
2056-11-26 12:00:00,2056,11,26,NA,2.78904786405554,12.291180726866
2056-11-27 12:00:00,2056,11,27,NA,4.01291457592724,9.15751965493646
2056-11-28 12:00:00,2056,11,28,NA,-0.0612496848226698,12.0966251629553
2056-11-29 12:00:00,2056,11,29,NA,1.89899075829092,6.60976394887159
2056-11-30 12:00:00,2056,11,30,NA,0.281426583122551,9.36210374332687
2056-12-01 12:00:00,2056,12,1,NA,-0.46042716844516,14.2167313069996
2056-12-02 12:00:00,2056,12,2,NA,-2.1654557915629,7.05305219390645
2056-12-03 12:00:00,2056,12,3,NA,0.219448033102723,7.87507634978818
2056-12-04 12:00:00,2056,12,4,NA,1.00560955397557,9.78177431110135
2056-12-05 12:00:00,2056,12,5,NA,0.800015117405362,11.6912829635295
2056-12-06 12:00:00,2056,12,6,NA,5.73746555229316,10.5313983682514
2056-12-07 12:00:00,2056,12,7,NA,2.2880988523092,11.3898041613803
2056-12-08 12:00:00,2056,12,8,NA,2.85591642979113,14.2979926235278
2056-12-09 12:00:00,2056,12,9,NA,1.19515475067055,12.4328276603273
2056-12-10 12:00:00,2056,12,10,NA,2.69112467129835,14.3379884103915
2056-12-11 12:00:00,2056,12,11,NA,4.75447500072784,13.3790990927122
2056-12-12 12:00:00,2056,12,12,NA,-0.42921290918523,10.284775927081
2056-12-13 12:00:00,2056,12,13,NA,-0.894856828194213,6.19653387697377
2056-12-14 12:00:00,2056,12,14,NA,-0.606464437156285,8.1827862926287
2056-12-15 12:00:00,2056,12,15,NA,2.27943194345429,11.462107065342
2056-12-16 12:00:00,2056,12,16,NA,1.07356025361423,9.93956085113778
2056-12-17 12:00:00,2056,12,17,NA,5.17019679265617,12.495198750734
2056-12-18 12:00:00,2056,12,18,NA,1.65755405328158,5.9959630440559
2056-12-19 12:00:00,2056,12,19,NA,3.32216181663756,15.5779690901252
2056-12-20 12:00:00,2056,12,20,NA,3.79033341205028,16.9367357147694
2056-12-21 12:00:00,2056,12,21,NA,5.19537730047007,16.3173421567002
2056-12-22 12:00:00,2056,12,22,NA,5.57590507414838,13.7199040723849
2056-12-23 12:00:00,2056,12,23,NA,2.84540812945861,10.505939162457
2056-12-24 12:00:00,2056,12,24,NA,-0.110787063422809,10.1677639220406
2056-12-25 12:00:00,2056,12,25,NA,-1.24885696634246,7.8451786997054
2056-12-26 12:00:00,2056,12,26,NA,-0.57057236630132,4.27822864300256
2056-12-27 12:00:00,2056,12,27,NA,-0.00673120442115405,9.2906996685195
2056-12-28 12:00:00,2056,12,28,NA,-1.8996341291524,9.55353932618708
2056-12-29 12:00:00,2056,12,29,NA,-3.48420174139069,3.60510284654056
2056-12-30 12:00:00,2056,12,30,NA,-2.12753594939536,3.71423409120521
2056-12-31 12:00:00,2056,12,31,NA,-3.73616252187639,7.18792375895966
2057-01-01 12:00:00,2057,1,1,NA,-8.13508151023391,3.178995928456
2057-01-02 12:00:00,2057,1,2,NA,-8.48687394413445,5.6650870411472
2057-01-03 12:00:00,2057,1,3,NA,-6.12087148685851,2.76206471814843
2057-01-04 12:00:00,2057,1,4,NA,-6.24402235855523,2.00141104894831
2057-01-05 12:00:00,2057,1,5,NA,-5.29540372996127,3.86156707930664
2057-01-06 12:00:00,2057,1,6,NA,-2.52476145793306,9.52338167050658
2057-01-07 12:00:00,2057,1,7,NA,-2.72049146347203,9.85788188047847
2057-01-08 12:00:00,2057,1,8,NA,-3.70247643089149,3.68275340586579
2057-01-09 12:00:00,2057,1,9,NA,-5.06112446247717,-0.234803703575619
2057-01-10 12:00:00,2057,1,10,NA,-4.49597786266188,2.61240903175583
2057-01-11 12:00:00,2057,1,11,NA,-1.96531565503523,5.19313116386296
2057-01-12 12:00:00,2057,1,12,NA,-3.19976310116863,7.71410913100573
2057-01-13 12:00:00,2057,1,13,NA,-0.586808224362682,11.5737823113346
2057-01-14 12:00:00,2057,1,14,NA,2.63629153932323,11.8893718874299
2057-01-15 12:00:00,2057,1,15,NA,2.63379124767945,10.2755907285154
2057-01-16 12:00:00,2057,1,16,NA,0.840192022497573,9.75061246375297
2057-01-17 12:00:00,2057,1,17,NA,2.08585187145704,8.67004445987066
2057-01-18 12:00:00,2057,1,18,NA,6.26527852860164,14.1986199782443
2057-01-19 12:00:00,2057,1,19,NA,5.64180001824575,9.39932174440403
2057-01-20 12:00:00,2057,1,20,NA,-0.193068376912535,10.6730944940415
2057-01-21 12:00:00,2057,1,21,NA,-2.21335297236144,10.4545453386644
2057-01-22 12:00:00,2057,1,22,NA,-2.06991568709277,8.65099586216367
2057-01-23 12:00:00,2057,1,23,NA,-1.82438325506422,10.016615678897
2057-01-24 12:00:00,2057,1,24,NA,0.00247440805385057,10.1379137747739
2057-01-25 12:00:00,2057,1,25,NA,0.514707868688762,8.55702869066883
2057-01-26 12:00:00,2057,1,26,NA,-1.0287775071114,8.36977602467698
2057-01-27 12:00:00,2057,1,27,NA,-4.20119638935442,5.14684450795068
2057-01-28 12:00:00,2057,1,28,NA,-6.47052204698471,2.94720673501843
2057-01-29 12:00:00,2057,1,29,NA,-5.79308498511912,6.26835205885843
2057-01-30 12:00:00,2057,1,30,NA,-7.08555371753228,2.61134670864432
2057-01-31 12:00:00,2057,1,31,NA,-4.87182047281386,7.68430107380285
2057-02-01 12:00:00,2057,2,1,NA,-4.85691372507558,7.19508694046818
2057-02-02 12:00:00,2057,2,2,NA,-3.29869836743323,4.02695181018247
2057-02-03 12:00:00,2057,2,3,NA,-3.02364983196289,6.64199173765716
2057-02-04 12:00:00,2057,2,4,NA,-1.22561029830961,3.25429203304606
2057-02-05 12:00:00,2057,2,5,NA,-1.92390937512835,7.76495345842948
2057-02-06 12:00:00,2057,2,6,NA,-3.10170968007098,7.82416746776752
2057-02-07 12:00:00,2057,2,7,NA,-8.31813832751285,-1.0110923609545
2057-02-08 12:00:00,2057,2,8,NA,-20.6755689218147,0.311016808507119
2057-02-09 12:00:00,2057,2,9,NA,-15.6085751897141,0.867080661338014
2057-02-10 12:00:00,2057,2,10,NA,-7.41910164804872,11.2153651046788
2057-02-11 12:00:00,2057,2,11,NA,-7.65604529008173,0.703861358830147
2057-02-12 12:00:00,2057,2,12,NA,-7.19216396131252,5.24167164628593
2057-02-13 12:00:00,2057,2,13,NA,-10.2776638862293,-2.53313254719499
2057-02-14 12:00:00,2057,2,14,NA,-4.22965425169399,7.00715298787941
2057-02-15 12:00:00,2057,2,15,NA,-2.55121634018682,8.02117559271484
2057-02-16 12:00:00,2057,2,16,NA,2.89415924118354,12.3878338769037
2057-02-17 12:00:00,2057,2,17,NA,2.7610331690085,7.24093550036416
2057-02-18 12:00:00,2057,2,18,NA,1.30787168783671,12.0689901439138
2057-02-19 12:00:00,2057,2,19,NA,1.56356608563559,14.6102696494356
2057-02-20 12:00:00,2057,2,20,NA,1.62392008043671,10.5070502918827
2057-02-21 12:00:00,2057,2,21,NA,0.282674264332252,12.0682570265098
2057-02-22 12:00:00,2057,2,22,NA,0.4905205889325,13.3247915436334
2057-02-23 12:00:00,2057,2,23,NA,3.91843138355065,16.1953534561439
2057-02-24 12:00:00,2057,2,24,NA,7.02087378263278,20.2801141024933
2057-02-25 12:00:00,2057,2,25,NA,8.45055255857212,15.7672881084465
2057-02-26 12:00:00,2057,2,26,NA,10.7808108885642,17.9444879417722
2057-02-27 12:00:00,2057,2,27,NA,6.14967098512634,14.1752042791275
2057-02-28 12:00:00,2057,2,28,NA,3.21638880897377,13.24065880891
2057-03-01 12:00:00,2057,3,1,NA,-0.109825333760827,10.2028573801199
2057-03-02 12:00:00,2057,3,2,NA,-2.12124469486285,12.5196370919227
2057-03-03 12:00:00,2057,3,3,NA,0.486517002589783,13.8757867223032
2057-03-04 12:00:00,2057,3,4,NA,0.653173262708232,15.0313188250485
2057-03-05 12:00:00,2057,3,5,NA,-1.22452156448737,9.18364596714145
2057-03-06 12:00:00,2057,3,6,NA,2.35948724961456,12.2503431590774
2057-03-07 12:00:00,2057,3,7,NA,2.48441632722017,15.3655018510882
2057-03-08 12:00:00,2057,3,8,NA,2.84388035314968,10.8313263994365
2057-03-09 12:00:00,2057,3,9,NA,-1.04825188239475,7.89453296426427
2057-03-10 12:00:00,2057,3,10,NA,-2.16370294808563,9.31616794272704
2057-03-11 12:00:00,2057,3,11,NA,-3.6735776824616,11.284077519356
2057-03-12 12:00:00,2057,3,12,NA,-0.934737898394313,15.01091886331
2057-03-13 12:00:00,2057,3,13,NA,3.69894922858869,14.0593358245359
2057-03-14 12:00:00,2057,3,14,NA,7.5542486103418,21.2441323846206
2057-03-15 12:00:00,2057,3,15,NA,6.1134812281443,18.6067085123045
2057-03-16 12:00:00,2057,3,16,NA,4.60004566098464,17.8999670964393
2057-03-17 12:00:00,2057,3,17,NA,2.73426327348543,15.6153487973535
2057-03-18 12:00:00,2057,3,18,NA,5.83739842209418,19.1373198575488
2057-03-19 12:00:00,2057,3,19,NA,4.6524939359331,14.4863889811881
2057-03-20 12:00:00,2057,3,20,NA,0.881663927015525,17.3311247337585
2057-03-21 12:00:00,2057,3,21,NA,3.54633118953237,16.4137004790493
2057-03-22 12:00:00,2057,3,22,NA,5.09834307533596,11.3568622388829
2057-03-23 12:00:00,2057,3,23,NA,5.21521582591085,12.1566543358129
2057-03-24 12:00:00,2057,3,24,NA,4.81786315976995,15.0006753099281
2057-03-25 12:00:00,2057,3,25,NA,4.09655091057165,13.1098490368233
2057-03-26 12:00:00,2057,3,26,NA,2.43395967263463,11.3169958818131
2057-03-27 12:00:00,2057,3,27,NA,5.42194092430554,11.9275345015599
2057-03-28 12:00:00,2057,3,28,NA,7.38162270442194,19.2102158192196
2057-03-29 12:00:00,2057,3,29,NA,7.58659578136915,21.2839404496881
2057-03-30 12:00:00,2057,3,30,NA,5.34777807909304,19.9988034011979
2057-03-31 12:00:00,2057,3,31,NA,5.31637354095658,15.7245410725854
2057-04-01 12:00:00,2057,4,1,NA,6.70214718973867,17.5894139814323
2057-04-02 12:00:00,2057,4,2,NA,4.32191144576511,13.4338986994796
2057-04-03 12:00:00,2057,4,3,NA,4.5250878157475,9.89152787448349
2057-04-04 12:00:00,2057,4,4,NA,3.74023375787001,16.2713832770741
2057-04-05 12:00:00,2057,4,5,NA,5.05704724001215,20.6272861238669
2057-04-06 12:00:00,2057,4,6,NA,7.57819335688965,22.4698114778608
2057-04-07 12:00:00,2057,4,7,NA,8.14147722497465,24.2671143013776
2057-04-08 12:00:00,2057,4,8,NA,7.43242074305245,21.3793887705915
2057-04-09 12:00:00,2057,4,9,NA,6.53593916779679,26.0520946855255
2057-04-10 12:00:00,2057,4,10,NA,8.27723663382507,24.8339866171255
2057-04-11 12:00:00,2057,4,11,NA,9.89213428924112,22.5217198911887
2057-04-12 12:00:00,2057,4,12,NA,10.1031073249253,24.9011622050602
2057-04-13 12:00:00,2057,4,13,NA,9.25026393041392,26.6160021006924
2057-04-14 12:00:00,2057,4,14,NA,8.92524997018809,22.2057806612177
2057-04-15 12:00:00,2057,4,15,NA,9.4935470737172,15.7730450062681
2057-04-16 12:00:00,2057,4,16,NA,12.8986381765594,21.7903383872512
2057-04-17 12:00:00,2057,4,17,NA,12.0903059631719,19.0457843929989
2057-04-18 12:00:00,2057,4,18,NA,6.48471695326636,10.3469545197553
2057-04-19 12:00:00,2057,4,19,NA,4.05164432725975,20.6734432584829
2057-04-20 12:00:00,2057,4,20,NA,5.16293663598997,21.902727875001
2057-04-21 12:00:00,2057,4,21,NA,3.5496616015719,13.4893170657517
2057-04-22 12:00:00,2057,4,22,NA,2.43885388263959,17.1649086928898
2057-04-23 12:00:00,2057,4,23,NA,2.780144650738,20.7623445858048
2057-04-24 12:00:00,2057,4,24,NA,5.23471930738429,23.0394559818435
2057-04-25 12:00:00,2057,4,25,NA,6.98605861740032,18.572218415318
2057-04-26 12:00:00,2057,4,26,NA,9.06484179245685,15.35267558985
2057-04-27 12:00:00,2057,4,27,NA,11.6274861742247,24.9233179460049
2057-04-28 12:00:00,2057,4,28,NA,13.4066461847825,18.9205660877679
2057-04-29 12:00:00,2057,4,29,NA,11.8964913849793,23.4310099106246
2057-04-30 12:00:00,2057,4,30,NA,9.03362293041667,25.6380981194123
2057-05-01 12:00:00,2057,5,1,NA,11.4357562397703,28.1024216506251
2057-05-02 12:00:00,2057,5,2,NA,11.4719969091596,27.8623538093525
2057-05-03 12:00:00,2057,5,3,NA,15.0873429678794,22.9521238929317
2057-05-04 12:00:00,2057,5,4,NA,13.6720920540896,25.5237033160716
2057-05-05 12:00:00,2057,5,5,NA,10.6134839709212,27.254317375721
2057-05-06 12:00:00,2057,5,6,NA,11.4873498890455,20.2944411300936
2057-05-07 12:00:00,2057,5,7,NA,13.7872157834496,20.7320865311849
2057-05-08 12:00:00,2057,5,8,NA,11.2349325924269,17.5935170385496
2057-05-09 12:00:00,2057,5,9,NA,10.0245822825839,22.9542768983615
2057-05-10 12:00:00,2057,5,10,NA,13.7027763425246,24.0760888173181
2057-05-11 12:00:00,2057,5,11,NA,11.5782387144008,27.5920798171493
2057-05-12 12:00:00,2057,5,12,NA,14.5025409997585,22.6217488478741
2057-05-13 12:00:00,2057,5,13,NA,15.2074204198064,24.6015341770918
2057-05-14 12:00:00,2057,5,14,NA,16.3350650584292,22.8728252546161
2057-05-15 12:00:00,2057,5,15,NA,16.3619030204152,24.0212283704012
2057-05-16 12:00:00,2057,5,16,NA,12.9876618177688,27.7871444322442
2057-05-17 12:00:00,2057,5,17,NA,14.9315499747174,23.6138794431758
2057-05-18 12:00:00,2057,5,18,NA,14.9936412945365,24.1776864987416
2057-05-19 12:00:00,2057,5,19,NA,13.2136261914667,24.0963156670824
2057-05-20 12:00:00,2057,5,20,NA,13.3410663010247,27.6213876675246
2057-05-21 12:00:00,2057,5,21,NA,16.9312464442444,21.0016769784943
2057-05-22 12:00:00,2057,5,22,NA,13.9229479001553,24.6052551398576
2057-05-23 12:00:00,2057,5,23,NA,12.3664416797017,28.626421088482
2057-05-24 12:00:00,2057,5,24,NA,12.7790532663362,22.6099018992682
2057-05-25 12:00:00,2057,5,25,NA,16.6817800067645,25.5062588975203
2057-05-26 12:00:00,2057,5,26,NA,16.1706376152821,32.8043111033154
2057-05-27 12:00:00,2057,5,27,NA,17.504476316248,34.1423662134215
2057-05-28 12:00:00,2057,5,28,NA,18.8706657928913,31.8625419091318
2057-05-29 12:00:00,2057,5,29,NA,20.7004974264998,33.2175254921523
2057-05-30 12:00:00,2057,5,30,NA,20.2442574159825,34.4125753895574
2057-05-31 12:00:00,2057,5,31,NA,20.9204157283762,33.9523237376545
2057-06-01 12:00:00,2057,6,1,NA,23.739519673186,31.3466544200037
2057-06-02 12:00:00,2057,6,2,NA,17.7342457470798,27.3147902758209
2057-06-03 12:00:00,2057,6,3,NA,20.6927843638877,24.7355919065751
2057-06-04 12:00:00,2057,6,4,NA,20.9102236559562,25.7017033456474
2057-06-05 12:00:00,2057,6,5,NA,18.45408373739,28.6169167461371
2057-06-06 12:00:00,2057,6,6,NA,18.4990535818531,29.9627622591522
2057-06-07 12:00:00,2057,6,7,NA,17.4727539191532,30.4846692266547
2057-06-08 12:00:00,2057,6,8,NA,16.6240121281537,28.5846076466292
2057-06-09 12:00:00,2057,6,9,NA,15.3353129929474,27.346056932227
2057-06-10 12:00:00,2057,6,10,NA,17.0902327431854,29.9235379796735
2057-06-11 12:00:00,2057,6,11,NA,18.1542213481408,23.1619991721342
2057-06-12 12:00:00,2057,6,12,NA,14.4461297154001,29.6691590887315
2057-06-13 12:00:00,2057,6,13,NA,15.9343756663847,29.0247995349896
2057-06-14 12:00:00,2057,6,14,NA,16.6286311444762,27.6942932445404
2057-06-15 12:00:00,2057,6,15,NA,19.068018571509,29.7336496333072
2057-06-16 12:00:00,2057,6,16,NA,17.0368664947167,28.7130347450299
2057-06-17 12:00:00,2057,6,17,NA,18.4319839762327,28.8528416141907
2057-06-18 12:00:00,2057,6,18,NA,19.5095104070259,30.0339470651607
2057-06-19 12:00:00,2057,6,19,NA,20.8246818941979,30.7523736690557
2057-06-20 12:00:00,2057,6,20,NA,21.8491856260128,32.8484019013387
2057-06-21 12:00:00,2057,6,21,NA,17.9664795225377,32.1029739822447
2057-06-22 12:00:00,2057,6,22,NA,19.9921986371469,30.6532100762134
2057-06-23 12:00:00,2057,6,23,NA,18.8588938296466,30.8721563230902
2057-06-24 12:00:00,2057,6,24,NA,21.2205294324461,31.0000446261815
2057-06-25 12:00:00,2057,6,25,NA,20.8058237249495,32.8190862183932
2057-06-26 12:00:00,2057,6,26,NA,19.7047186069508,30.287798913954
2057-06-27 12:00:00,2057,6,27,NA,19.7533237806846,26.7692780448115
2057-06-28 12:00:00,2057,6,28,NA,21.587972023031,25.6242398667856
2057-06-29 12:00:00,2057,6,29,NA,19.0263387509432,25.8667761216791
2057-06-30 12:00:00,2057,6,30,NA,19.4446451975106,26.5212924856126
2057-07-01 12:00:00,2057,7,1,NA,22.7649522079404,25.5025298583227
2057-07-02 12:00:00,2057,7,2,NA,21.3398578640559,26.0373488517647
2057-07-03 12:00:00,2057,7,3,NA,22.3411377510011,28.1291732151421
2057-07-04 12:00:00,2057,7,4,NA,23.0795705499655,32.6497847570625
2057-07-05 12:00:00,2057,7,5,NA,22.8913232162321,28.8592891531912
2057-07-06 12:00:00,2057,7,6,NA,23.7978737789385,32.7024073851929
2057-07-07 12:00:00,2057,7,7,NA,21.3756268296253,29.0019705584555
2057-07-08 12:00:00,2057,7,8,NA,22.0001839344882,26.8307042594744
2057-07-09 12:00:00,2057,7,9,NA,25.0969807782498,31.4394811127773
2057-07-10 12:00:00,2057,7,10,NA,21.9245746230435,27.6778808022636
2057-07-11 12:00:00,2057,7,11,NA,21.8937951407356,30.6332883940351
2057-07-12 12:00:00,2057,7,12,NA,23.4681095819724,33.0002248235262
2057-07-13 12:00:00,2057,7,13,NA,24.1644675004735,34.5090074988828
2057-07-14 12:00:00,2057,7,14,NA,24.2636692638106,34.9080428182843
2057-07-15 12:00:00,2057,7,15,NA,27.1316111698823,33.9126287470615
2057-07-16 12:00:00,2057,7,16,NA,25.5001646937529,34.9659149796304
2057-07-17 12:00:00,2057,7,17,NA,25.3956197175313,35.183399877704
2057-07-18 12:00:00,2057,7,18,NA,27.6687542729236,33.0114693948219
2057-07-19 12:00:00,2057,7,19,NA,26.348686989346,32.3018564848364
2057-07-20 12:00:00,2057,7,20,NA,23.4627008117164,26.2664524584203
2057-07-21 12:00:00,2057,7,21,NA,23.842362649681,29.5715095886089
2057-07-22 12:00:00,2057,7,22,NA,23.6714543422402,31.2599843491682
2057-07-23 12:00:00,2057,7,23,NA,25.0852986896494,30.784044448302
2057-07-24 12:00:00,2057,7,24,NA,21.7486274698004,25.8618290255573
2057-07-25 12:00:00,2057,7,25,NA,19.3949843296919,28.1673005709435
2057-07-26 12:00:00,2057,7,26,NA,20.416994434116,27.7767196597068
2057-07-27 12:00:00,2057,7,27,NA,23.9897162121114,31.9498371650193
2057-07-28 12:00:00,2057,7,28,NA,24.3416574117871,29.5752180676028
2057-07-29 12:00:00,2057,7,29,NA,23.5672184059013,31.3131094138504
2057-07-30 12:00:00,2057,7,30,NA,22.4919729178223,28.5632649972906
2057-07-31 12:00:00,2057,7,31,NA,25.3162007347222,31.444898916195
2057-08-01 12:00:00,2057,8,1,NA,24.6554210964815,30.7267131759498
2057-08-02 12:00:00,2057,8,2,NA,21.9714849702735,27.7784137495182
2057-08-03 12:00:00,2057,8,3,NA,21.9241189769785,26.6267857106234
2057-08-04 12:00:00,2057,8,4,NA,23.5027735847715,32.8933883361089
2057-08-05 12:00:00,2057,8,5,NA,24.7876990910801,32.4717230885921
2057-08-06 12:00:00,2057,8,6,NA,25.5366562913495,34.8007479380337
2057-08-07 12:00:00,2057,8,7,NA,25.1041973658639,34.1984563977043
2057-08-08 12:00:00,2057,8,8,NA,25.9956659079059,29.835343557824
2057-08-09 12:00:00,2057,8,9,NA,25.303355350822,32.9847719325037
2057-08-10 12:00:00,2057,8,10,NA,26.6044361696474,32.3624134698905
2057-08-11 12:00:00,2057,8,11,NA,24.1919394588433,32.1992531556046
2057-08-12 12:00:00,2057,8,12,NA,24.6899005135136,33.3878162754606
2057-08-13 12:00:00,2057,8,13,NA,24.6788023381723,36.2056334446673
2057-08-14 12:00:00,2057,8,14,NA,24.1481478084123,34.7061883251991
2057-08-15 12:00:00,2057,8,15,NA,26.7085198196942,37.2730670509292
2057-08-16 12:00:00,2057,8,16,NA,25.38791048967,35.1252217761478
2057-08-17 12:00:00,2057,8,17,NA,27.666865095985,35.3718838562641
2057-08-18 12:00:00,2057,8,18,NA,26.389211660758,35.0626742873142
2057-08-19 12:00:00,2057,8,19,NA,23.6712409430639,31.4713316667306
2057-08-20 12:00:00,2057,8,20,NA,22.8552186099072,32.7314065250052
2057-08-21 12:00:00,2057,8,21,NA,23.1839034705318,32.2383015506685
2057-08-22 12:00:00,2057,8,22,NA,25.2414313762159,31.0250718479459
2057-08-23 12:00:00,2057,8,23,NA,20.4884900027212,24.2855487556226
2057-08-24 12:00:00,2057,8,24,NA,20.4519844500019,28.143415983001
2057-08-25 12:00:00,2057,8,25,NA,20.3641797396618,28.9363516207553
2057-08-26 12:00:00,2057,8,26,NA,20.5817332662254,28.2586500606487
2057-08-27 12:00:00,2057,8,27,NA,23.0801345259183,32.9670838705639
2057-08-28 12:00:00,2057,8,28,NA,23.4612043194761,33.9888014968589
2057-08-29 12:00:00,2057,8,29,NA,22.4700571813893,33.0255500405407
2057-08-30 12:00:00,2057,8,30,NA,27.8753471486104,31.133916955402
2057-08-31 12:00:00,2057,8,31,NA,28.6150995555298,32.2530787881546
2057-09-01 12:00:00,2057,9,1,NA,26.5419070034773,28.3564838549328
2057-09-02 12:00:00,2057,9,2,NA,24.168726857306,27.9612144159389
2057-09-03 12:00:00,2057,9,3,NA,21.5090840149087,31.8807228649774
2057-09-04 12:00:00,2057,9,4,NA,22.4585886693311,31.0813746116625
2057-09-05 12:00:00,2057,9,5,NA,21.714935343555,34.2052011312006
2057-09-06 12:00:00,2057,9,6,NA,20.6983587329193,27.0445505634546
2057-09-07 12:00:00,2057,9,7,NA,22.4700521083874,33.974047588117
2057-09-08 12:00:00,2057,9,8,NA,22.3366742737462,30.9599861122678
2057-09-09 12:00:00,2057,9,9,NA,20.8358374578188,32.566832954198
2057-09-10 12:00:00,2057,9,10,NA,22.7102357647775,28.2011536015264
2057-09-11 12:00:00,2057,9,11,NA,23.2256659103441,25.8417016417983
2057-09-12 12:00:00,2057,9,12,NA,18.7580329202552,23.0887371846157
2057-09-13 12:00:00,2057,9,13,NA,16.3490574485629,27.7838494582104
2057-09-14 12:00:00,2057,9,14,NA,17.6526597243846,30.2865079460612
2057-09-15 12:00:00,2057,9,15,NA,18.0333967799335,30.1424270650356
2057-09-16 12:00:00,2057,9,16,NA,19.0634805343092,27.1264591450074
2057-09-17 12:00:00,2057,9,17,NA,17.7632048771319,28.3406804539691
2057-09-18 12:00:00,2057,9,18,NA,18.5228462738801,27.5365920188474
2057-09-19 12:00:00,2057,9,19,NA,14.7257732034482,22.2533852859513
2057-09-20 12:00:00,2057,9,20,NA,13.7384325733293,25.8952073878746
2057-09-21 12:00:00,2057,9,21,NA,15.3899210805126,25.9727021235268
2057-09-22 12:00:00,2057,9,22,NA,14.0375592229556,25.0688295843715
2057-09-23 12:00:00,2057,9,23,NA,13.3620575544645,23.0680567081488
2057-09-24 12:00:00,2057,9,24,NA,12.1764391077297,25.9641820721489
2057-09-25 12:00:00,2057,9,25,NA,13.7463287496665,25.0727999920507
2057-09-26 12:00:00,2057,9,26,NA,15.5887711663168,26.0617663735257
2057-09-27 12:00:00,2057,9,27,NA,16.5736930521443,23.7658075411266
2057-09-28 12:00:00,2057,9,28,NA,15.4204439967653,23.6977634104
2057-09-29 12:00:00,2057,9,29,NA,14.7275859518195,25.2888539416233
2057-09-30 12:00:00,2057,9,30,NA,14.8585080659098,23.9966723902461
2057-10-01 12:00:00,2057,10,1,NA,16.3027892615257,30.676721277605
2057-10-02 12:00:00,2057,10,2,NA,17.1937215228881,32.7539177889491
2057-10-03 12:00:00,2057,10,3,NA,13.5107705308571,26.1394274471174
2057-10-04 12:00:00,2057,10,4,NA,14.3271264224498,26.4360913681759
2057-10-05 12:00:00,2057,10,5,NA,12.615490181888,27.4150699395142
2057-10-06 12:00:00,2057,10,6,NA,9.41704815667926,22.9558474747955
2057-10-07 12:00:00,2057,10,7,NA,9.46948971778749,19.2948933004412
2057-10-08 12:00:00,2057,10,8,NA,9.53847817136075,17.4385422890514
2057-10-09 12:00:00,2057,10,9,NA,9.4243795966468,19.3745130672758
2057-10-10 12:00:00,2057,10,10,NA,8.25837657076661,21.0100974815347
2057-10-11 12:00:00,2057,10,11,NA,8.5343824562385,23.6306494267668
2057-10-12 12:00:00,2057,10,12,NA,5.02622796844907,18.9480576251958
2057-10-13 12:00:00,2057,10,13,NA,8.68212687383441,18.5529107126056
2057-10-14 12:00:00,2057,10,14,NA,7.7004957936295,23.1679425801313
2057-10-15 12:00:00,2057,10,15,NA,11.5890071949808,26.3022389934324
2057-10-16 12:00:00,2057,10,16,NA,11.6543619301047,28.4891944973895
2057-10-17 12:00:00,2057,10,17,NA,14.120070856787,27.5464516738204
2057-10-18 12:00:00,2057,10,18,NA,17.6782821817508,27.7737121040779
2057-10-19 12:00:00,2057,10,19,NA,15.1890117300031,16.9041238638813
2057-10-20 12:00:00,2057,10,20,NA,9.51710082258766,18.4619916447921
2057-10-21 12:00:00,2057,10,21,NA,7.7432425684729,21.9736803209868
2057-10-22 12:00:00,2057,10,22,NA,7.26704903355525,21.4772879587478
2057-10-23 12:00:00,2057,10,23,NA,8.18497862217328,19.6821253509027
2057-10-24 12:00:00,2057,10,24,NA,8.69356103193059,19.7741958094385
2057-10-25 12:00:00,2057,10,25,NA,8.76561522089629,19.2783819191446
2057-10-26 12:00:00,2057,10,26,NA,5.92449080294437,16.2130929386064
2057-10-27 12:00:00,2057,10,27,NA,5.45660600475985,21.7594298946864
2057-10-28 12:00:00,2057,10,28,NA,10.5796617894464,19.5286575529034
2057-10-29 12:00:00,2057,10,29,NA,9.22766706744003,19.2473982575397
2057-10-30 12:00:00,2057,10,30,NA,11.8685110008223,22.1574435539769
2057-10-31 12:00:00,2057,10,31,NA,10.8395257534243,23.5942064492336
2057-11-01 12:00:00,2057,11,1,NA,10.3731111531902,21.930097639598
2057-11-02 12:00:00,2057,11,2,NA,8.8140278935068,16.6757496337142
2057-11-03 12:00:00,2057,11,3,NA,9.20218234427694,12.2551799294714
2057-11-04 12:00:00,2057,11,4,NA,3.65099930341519,14.4330781796803
2057-11-05 12:00:00,2057,11,5,NA,3.63983310134453,15.8905855477203
2057-11-06 12:00:00,2057,11,6,NA,6.44423787976229,22.3383591226231
2057-11-07 12:00:00,2057,11,7,NA,5.96262791675437,22.2145965389011
2057-11-08 12:00:00,2057,11,8,NA,12.0494415758321,25.2488872754969
2057-11-09 12:00:00,2057,11,9,NA,13.5700603761745,27.0808107790278
2057-11-10 12:00:00,2057,11,10,NA,10.6519723193382,15.533054758084
2057-11-11 12:00:00,2057,11,11,NA,9.79316249573637,19.5691588204522
2057-11-12 12:00:00,2057,11,12,NA,9.64409199359647,18.7247691538008
2057-11-13 12:00:00,2057,11,13,NA,9.87136785137241,19.3934132167529
2057-11-14 12:00:00,2057,11,14,NA,15.7965191805376,18.5788954131291
2057-11-15 12:00:00,2057,11,15,NA,5.804468521481,12.0077765611969
2057-11-16 12:00:00,2057,11,16,NA,2.32135729450699,7.89581742474096
2057-11-17 12:00:00,2057,11,17,NA,1.11216155705005,9.33335874024089
2057-11-18 12:00:00,2057,11,18,NA,-0.267687228204547,7.38818106313179
2057-11-19 12:00:00,2057,11,19,NA,-0.785138143759357,9.33370223255162
2057-11-20 12:00:00,2057,11,20,NA,-1.06169930503641,14.9245625990333
2057-11-21 12:00:00,2057,11,21,NA,-1.90473248998568,9.71976396803334
2057-11-22 12:00:00,2057,11,22,NA,-0.0340429668915068,16.5225450553311
2057-11-23 12:00:00,2057,11,23,NA,-1.84883272373527,7.57218403197703
2057-11-24 12:00:00,2057,11,24,NA,-1.8429193049016,13.1240911449638
2057-11-25 12:00:00,2057,11,25,NA,-1.02737706784457,8.19113091762478
2057-11-26 12:00:00,2057,11,26,NA,-0.948566573129077,14.236531151407
2057-11-27 12:00:00,2057,11,27,NA,1.52435615702439,13.5050244243815
2057-11-28 12:00:00,2057,11,28,NA,0.762038876405498,16.8002145900533
2057-11-29 12:00:00,2057,11,29,NA,3.54996588593243,15.3342629410924
2057-11-30 12:00:00,2057,11,30,NA,-1.50146949856092,8.27595367805932
2057-12-01 12:00:00,2057,12,1,NA,-2.9734651817854,7.36593667152215
2057-12-02 12:00:00,2057,12,2,NA,-2.52909707111481,6.73457627346276
2057-12-03 12:00:00,2057,12,3,NA,-0.728088018888107,8.20711710721812
2057-12-04 12:00:00,2057,12,4,NA,0.232291832054638,10.2217815689159
2057-12-05 12:00:00,2057,12,5,NA,0.0540501286130608,12.0979439242222
2057-12-06 12:00:00,2057,12,6,NA,-3.05934578900155,10.246277572951
2057-12-07 12:00:00,2057,12,7,NA,-1.63235374306087,6.51561965862097
2057-12-08 12:00:00,2057,12,8,NA,-1.30776443401875,7.04322232732818
2057-12-09 12:00:00,2057,12,9,NA,3.36393613427887,7.46859675647954
2057-12-10 12:00:00,2057,12,10,NA,2.68718732704708,8.14859099765115
2057-12-11 12:00:00,2057,12,11,NA,5.21942748615325,7.12746710730636
2057-12-12 12:00:00,2057,12,12,NA,-2.46482285544467,1.96614775609553
2057-12-13 12:00:00,2057,12,13,NA,-5.48331561746849,4.735682720096
2057-12-14 12:00:00,2057,12,14,NA,-5.23977552821409,10.8577166940483
2057-12-15 12:00:00,2057,12,15,NA,-1.41124644652349,11.6079356693251
2057-12-16 12:00:00,2057,12,16,NA,-1.48272659805296,9.61090879866546
2057-12-17 12:00:00,2057,12,17,NA,-0.529941190193745,13.3904323093096
2057-12-18 12:00:00,2057,12,18,NA,0.688617812939996,8.01583464225434
2057-12-19 12:00:00,2057,12,19,NA,-0.6733377542127,10.6872952034039
2057-12-20 12:00:00,2057,12,20,NA,-0.860044940718798,9.67100405891164
2057-12-21 12:00:00,2057,12,21,NA,-0.567719626540567,6.50435963425906
2057-12-22 12:00:00,2057,12,22,NA,-3.43131180724083,3.74947189314605
2057-12-23 12:00:00,2057,12,23,NA,-4.85003891673006,4.04318135590367
2057-12-24 12:00:00,2057,12,24,NA,-6.69299377349149,-0.526749864295068
2057-12-25 12:00:00,2057,12,25,NA,-5.80108922277841,3.40206345566964
2057-12-26 12:00:00,2057,12,26,NA,-4.05961259417074,5.04455593682375
2057-12-27 12:00:00,2057,12,27,NA,-7.64684582693004,1.55022674708484
2057-12-28 12:00:00,2057,12,28,NA,-7.1453691596316,2.56266010633176
2057-12-29 12:00:00,2057,12,29,NA,-6.914584253068,6.0378562054868
2057-12-30 12:00:00,2057,12,30,NA,-4.15268470430764,8.13283888677836
2057-12-31 12:00:00,2057,12,31,NA,-9.22607236076309,1.06371324902415
2058-01-01 12:00:00,2058,1,1,NA,-6.63239906381521,8.2228265209987
2058-01-02 12:00:00,2058,1,2,NA,-4.60741659127648,7.53275318842993
2058-01-03 12:00:00,2058,1,3,NA,-6.53136019627797,3.69079665820037
2058-01-04 12:00:00,2058,1,4,NA,-0.335788718278455,8.74983355603412
2058-01-05 12:00:00,2058,1,5,NA,0.339342185454793,10.0096972322356
2058-01-06 12:00:00,2058,1,6,NA,6.05932433370313,14.1065896344741
2058-01-07 12:00:00,2058,1,7,NA,7.05592890614163,14.5102862403643
2058-01-08 12:00:00,2058,1,8,NA,5.46719805018329,12.8948728069839
2058-01-09 12:00:00,2058,1,9,NA,10.361943887092,19.9356538814569
2058-01-10 12:00:00,2058,1,10,NA,9.90873994602569,15.9434550131361
2058-01-11 12:00:00,2058,1,11,NA,6.04198010293533,10.3844693011347
2058-01-12 12:00:00,2058,1,12,NA,-0.269535669748759,4.25338749901275
2058-01-13 12:00:00,2058,1,13,NA,-2.62305121430586,7.46825279988889
2058-01-14 12:00:00,2058,1,14,NA,2.60635731838212,8.18748414850187
2058-01-15 12:00:00,2058,1,15,NA,0.0804708234011762,6.66297664687166
2058-01-16 12:00:00,2058,1,16,NA,-1.61278996831394,5.03219961123451
2058-01-17 12:00:00,2058,1,17,NA,-0.65500930401319,5.15224107748541
2058-01-18 12:00:00,2058,1,18,NA,-3.46186880163631,8.87485132403068
2058-01-19 12:00:00,2058,1,19,NA,-4.4277701792708,5.19326699567818
2058-01-20 12:00:00,2058,1,20,NA,-0.910359171995788,7.73567622871115
2058-01-21 12:00:00,2058,1,21,NA,-1.77375713493086,9.73055548689625
2058-01-22 12:00:00,2058,1,22,NA,-2.44194858939253,12.3013932916035
2058-01-23 12:00:00,2058,1,23,NA,-1.49172265785925,13.974235152879
2058-01-24 12:00:00,2058,1,24,NA,-2.05701763260756,12.3642620589312
2058-01-25 12:00:00,2058,1,25,NA,-4.27696899669715,3.2578451409273
2058-01-26 12:00:00,2058,1,26,NA,-8.94374424012306,6.2042721906849
2058-01-27 12:00:00,2058,1,27,NA,-3.92307171981238,8.40080729162676
2058-01-28 12:00:00,2058,1,28,NA,-1.23531781932629,8.99033983353676
2058-01-29 12:00:00,2058,1,29,NA,-2.78021695684051,8.28020548805609
2058-01-30 12:00:00,2058,1,30,NA,-3.50677411948001,10.3221535665529
2058-01-31 12:00:00,2058,1,31,NA,-6.24559564820985,2.32351287580645
2058-02-01 12:00:00,2058,2,1,NA,-6.72504235754918,1.93635125855573
2058-02-02 12:00:00,2058,2,2,NA,-3.41938015311095,6.9127046267714
2058-02-03 12:00:00,2058,2,3,NA,2.55078127665579,8.58805541546066
2058-02-04 12:00:00,2058,2,4,NA,-4.10736294242606,1.86700529620336
2058-02-05 12:00:00,2058,2,5,NA,-5.36027058175801,11.6726903413928
2058-02-06 12:00:00,2058,2,6,NA,-3.74594980054899,6.14726971662548
2058-02-07 12:00:00,2058,2,7,NA,-3.70210049802479,6.6339930443641
2058-02-08 12:00:00,2058,2,8,NA,-4.88545555404433,8.86430748945049
2058-02-09 12:00:00,2058,2,9,NA,-2.24670318300879,11.6687253443024
2058-02-10 12:00:00,2058,2,10,NA,0.0869741145944598,10.5423364113203
2058-02-11 12:00:00,2058,2,11,NA,-2.87347114241791,10.5291186843029
2058-02-12 12:00:00,2058,2,12,NA,0.789962766680026,6.32817084745832
2058-02-13 12:00:00,2058,2,13,NA,-0.247479687685638,11.1603862098803
2058-02-14 12:00:00,2058,2,14,NA,0.208381539842386,3.93536637181568
2058-02-15 12:00:00,2058,2,15,NA,0.771773888025283,10.4606367215831
2058-02-16 12:00:00,2058,2,16,NA,0.724966556483067,12.1325671806047
2058-02-17 12:00:00,2058,2,17,NA,1.50884140744568,11.7623722983313
2058-02-18 12:00:00,2058,2,18,NA,-1.34589993229666,6.39794242744386
2058-02-19 12:00:00,2058,2,19,NA,-0.43587757937117,11.1942322307603
2058-02-20 12:00:00,2058,2,20,NA,2.51461586517929,12.0974837121173
2058-02-21 12:00:00,2058,2,21,NA,1.5480572882503,7.53342477889841
2058-02-22 12:00:00,2058,2,22,NA,0.789034921969046,6.83729766954568
2058-02-23 12:00:00,2058,2,23,NA,2.95774563572113,11.7765485993698
2058-02-24 12:00:00,2058,2,24,NA,2.37523320866169,10.3024952818532
2058-02-25 12:00:00,2058,2,25,NA,5.98667392096587,10.3750685498451
2058-02-26 12:00:00,2058,2,26,NA,0.816719932879526,8.8422532268807
2058-02-27 12:00:00,2058,2,27,NA,-1.32663856542696,4.46935010143847
2058-02-28 12:00:00,2058,2,28,NA,-0.221194332631228,10.2586148254543
2058-03-01 12:00:00,2058,3,1,NA,0.272972995498606,8.51357741537243
2058-03-02 12:00:00,2058,3,2,NA,-2.23094689982472,9.29049458045634
2058-03-03 12:00:00,2058,3,3,NA,-1.08792969133291,10.3572490335373
2058-03-04 12:00:00,2058,3,4,NA,2.46000392861547,6.58193151839022
2058-03-05 12:00:00,2058,3,5,NA,-2.02869815964235,9.5651782129691
2058-03-06 12:00:00,2058,3,6,NA,-6.08143182682323,3.63130234126676
2058-03-07 12:00:00,2058,3,7,NA,-4.41649869642461,4.31321373235121
2058-03-08 12:00:00,2058,3,8,NA,-3.08644336061187,4.6556755689545
2058-03-09 12:00:00,2058,3,9,NA,-1.8513446784968,11.111034153057
2058-03-10 12:00:00,2058,3,10,NA,-0.0495531607056758,15.3653916687437
2058-03-11 12:00:00,2058,3,11,NA,-2.23030350931378,10.7171996118489
2058-03-12 12:00:00,2058,3,12,NA,1.89856113604634,13.075039398217
2058-03-13 12:00:00,2058,3,13,NA,2.22570018124271,11.3724083071993
2058-03-14 12:00:00,2058,3,14,NA,1.8832164470626,14.8307195682252
2058-03-15 12:00:00,2058,3,15,NA,-3.18029629284947,9.61606313644598
2058-03-16 12:00:00,2058,3,16,NA,-4.19851335435746,7.71755608865402
2058-03-17 12:00:00,2058,3,17,NA,-2.714300268252,15.4578162091839
2058-03-18 12:00:00,2058,3,18,NA,1.95294594620911,9.90359650479627
2058-03-19 12:00:00,2058,3,19,NA,-0.0349078423841354,11.04132907779
2058-03-20 12:00:00,2058,3,20,NA,-0.327561389662052,11.8315986212116
2058-03-21 12:00:00,2058,3,21,NA,-7.27450545179104,9.80255632575271
2058-03-22 12:00:00,2058,3,22,NA,-2.62895558770695,15.1971489340123
2058-03-23 12:00:00,2058,3,23,NA,2.18379990550145,19.9081657020036
2058-03-24 12:00:00,2058,3,24,NA,3.24309685165685,20.1421942237073
2058-03-25 12:00:00,2058,3,25,NA,4.29458552866574,17.3668742509122
2058-03-26 12:00:00,2058,3,26,NA,7.6800930867276,19.130484920756
2058-03-27 12:00:00,2058,3,27,NA,9.23291084264251,16.2565074351007
2058-03-28 12:00:00,2058,3,28,NA,0.0062017481910015,9.88871538819844
2058-03-29 12:00:00,2058,3,29,NA,2.28149307370766,15.9738705716328
2058-03-30 12:00:00,2058,3,30,NA,3.509350182299,14.9469678424442
2058-03-31 12:00:00,2058,3,31,NA,6.1223409680986,16.7796326910706
2058-04-01 12:00:00,2058,4,1,NA,6.05215840666326,19.3089493871701
2058-04-02 12:00:00,2058,4,2,NA,4.09414817361328,14.2552036364476
2058-04-03 12:00:00,2058,4,3,NA,5.13539535927321,15.8207121922335
2058-04-04 12:00:00,2058,4,4,NA,3.94271491319168,15.0502457690781
2058-04-05 12:00:00,2058,4,5,NA,6.91108172322395,13.8409993163523
2058-04-06 12:00:00,2058,4,6,NA,3.089696437039,16.0147807966879
2058-04-07 12:00:00,2058,4,7,NA,3.89923728341403,18.9109221882144
2058-04-08 12:00:00,2058,4,8,NA,-6.25489238902743,17.2387385648244
2058-04-09 12:00:00,2058,4,9,NA,1.91586191492576,20.3468578295771
2058-04-10 12:00:00,2058,4,10,NA,5.32006761317194,23.2074853653187
2058-04-11 12:00:00,2058,4,11,NA,7.31572863482887,25.283538540793
2058-04-12 12:00:00,2058,4,12,NA,8.26049017690094,26.5834152553137
2058-04-13 12:00:00,2058,4,13,NA,5.05250185797517,14.926397546942
2058-04-14 12:00:00,2058,4,14,NA,6.92611136414462,20.6243390821759
2058-04-15 12:00:00,2058,4,15,NA,7.8041626028409,20.3287262317865
2058-04-16 12:00:00,2058,4,16,NA,5.28594198955253,16.7136673920817
2058-04-17 12:00:00,2058,4,17,NA,5.6762532451337,20.5796803473845
2058-04-18 12:00:00,2058,4,18,NA,1.69068092640322,15.2296041442134
2058-04-19 12:00:00,2058,4,19,NA,1.35395195131657,19.3533623212725
2058-04-20 12:00:00,2058,4,20,NA,4.19162607051263,18.1789748722096
2058-04-21 12:00:00,2058,4,21,NA,5.32656836605761,16.8377096176726
2058-04-22 12:00:00,2058,4,22,NA,3.71845389883662,12.9029556218625
2058-04-23 12:00:00,2058,4,23,NA,7.58825441414613,12.2780524638927
2058-04-24 12:00:00,2058,4,24,NA,5.73367779294268,20.6067897570245
2058-04-25 12:00:00,2058,4,25,NA,5.47689929380697,15.0688421679308
2058-04-26 12:00:00,2058,4,26,NA,4.49815425343349,19.2332878968437
2058-04-27 12:00:00,2058,4,27,NA,7.99511056820226,21.769801429259
2058-04-28 12:00:00,2058,4,28,NA,9.42742772300904,25.2826451844997
2058-04-29 12:00:00,2058,4,29,NA,12.6713762286888,26.17193950518
2058-04-30 12:00:00,2058,4,30,NA,11.0565850964797,24.5469773679172
2058-05-01 12:00:00,2058,5,1,NA,12.4364935878926,21.6209953109185
2058-05-02 12:00:00,2058,5,2,NA,12.0334883613962,25.7277982074994
2058-05-03 12:00:00,2058,5,3,NA,12.4416800772601,28.1998275789747
2058-05-04 12:00:00,2058,5,4,NA,13.1997981632663,29.032112948976
2058-05-05 12:00:00,2058,5,5,NA,14.4339884093765,27.7250925270606
2058-05-06 12:00:00,2058,5,6,NA,17.243416407435,22.6813469098331
2058-05-07 12:00:00,2058,5,7,NA,16.4369592503198,20.1310307338558
2058-05-08 12:00:00,2058,5,8,NA,13.0635063694722,21.2675068522641
2058-05-09 12:00:00,2058,5,9,NA,12.2899178843669,19.1486966902498
2058-05-10 12:00:00,2058,5,10,NA,11.8438199177737,15.9142504520236
2058-05-11 12:00:00,2058,5,11,NA,12.7893651847432,17.2992589326321
2058-05-12 12:00:00,2058,5,12,NA,11.9903156803383,25.1468167918357
2058-05-13 12:00:00,2058,5,13,NA,14.5018349309402,27.2565807000411
2058-05-14 12:00:00,2058,5,14,NA,14.9360802200054,29.7738897697104
2058-05-15 12:00:00,2058,5,15,NA,17.6610130322713,29.7792379821102
2058-05-16 12:00:00,2058,5,16,NA,15.6067737084429,28.3080186036484
2058-05-17 12:00:00,2058,5,17,NA,14.6193239958224,27.7143701546077
2058-05-18 12:00:00,2058,5,18,NA,18.0869313066115,26.9527798622881
2058-05-19 12:00:00,2058,5,19,NA,18.7317494514634,29.2813508965038
2058-05-20 12:00:00,2058,5,20,NA,17.1728631468552,25.4910382545615
2058-05-21 12:00:00,2058,5,21,NA,17.7075317692992,30.6372263850767
2058-05-22 12:00:00,2058,5,22,NA,22.0431043041874,25.9582737883868
2058-05-23 12:00:00,2058,5,23,NA,20.0621050191011,26.8710288334394
2058-05-24 12:00:00,2058,5,24,NA,15.1883555039297,26.6928880369726
2058-05-25 12:00:00,2058,5,25,NA,17.0079246696535,29.6611748445667
2058-05-26 12:00:00,2058,5,26,NA,16.1319216371684,31.1245200550696
2058-05-27 12:00:00,2058,5,27,NA,15.798245712728,28.417883468098
2058-05-28 12:00:00,2058,5,28,NA,18.2977586212827,28.4701753520613
2058-05-29 12:00:00,2058,5,29,NA,17.9896196928405,31.0846658516259
2058-05-30 12:00:00,2058,5,30,NA,16.0994639969147,32.4091853438204
2058-05-31 12:00:00,2058,5,31,NA,16.1754265378705,33.6356374981446
2058-06-01 12:00:00,2058,6,1,NA,17.634136942118,35.2754325735405
2058-06-02 12:00:00,2058,6,2,NA,18.821427300626,31.1598038701442
2058-06-03 12:00:00,2058,6,3,NA,18.9294080074523,25.9964163310236
2058-06-04 12:00:00,2058,6,4,NA,18.6870048355786,27.7249076231473
2058-06-05 12:00:00,2058,6,5,NA,17.6689681007778,28.4951564487159
2058-06-06 12:00:00,2058,6,6,NA,17.6230931978365,27.4655339193148
2058-06-07 12:00:00,2058,6,7,NA,16.3604312766529,26.3865593500355
2058-06-08 12:00:00,2058,6,8,NA,16.2893280002388,21.2871379893681
2058-06-09 12:00:00,2058,6,9,NA,14.8240434220778,24.4689757561077
2058-06-10 12:00:00,2058,6,10,NA,14.8049688914968,23.3356520450121
2058-06-11 12:00:00,2058,6,11,NA,17.3177020416679,22.4423987622319
2058-06-12 12:00:00,2058,6,12,NA,17.9939722879455,20.6095860516609
2058-06-13 12:00:00,2058,6,13,NA,14.5269857650037,25.9114176953734
2058-06-14 12:00:00,2058,6,14,NA,19.7286123688718,23.7714199115592
2058-06-15 12:00:00,2058,6,15,NA,18.3299665688788,24.3678709555889
2058-06-16 12:00:00,2058,6,16,NA,18.3111334565463,27.2753536501229
2058-06-17 12:00:00,2058,6,17,NA,18.5874030588127,29.0421996276199
2058-06-18 12:00:00,2058,6,18,NA,18.8860607085535,33.9776501369024
2058-06-19 12:00:00,2058,6,19,NA,21.4810415925545,34.6204121783597
2058-06-20 12:00:00,2058,6,20,NA,20.4884571603758,33.0322220737313
2058-06-21 12:00:00,2058,6,21,NA,22.6006764046183,29.8536957980667
2058-06-22 12:00:00,2058,6,22,NA,21.5886031225926,28.2543347725906
2058-06-23 12:00:00,2058,6,23,NA,20.6535792802859,27.7281612497453
2058-06-24 12:00:00,2058,6,24,NA,21.462530912741,29.5295290230077
2058-06-25 12:00:00,2058,6,25,NA,19.7880078690475,31.461562131578
2058-06-26 12:00:00,2058,6,26,NA,21.1823007406314,32.2364506411691
2058-06-27 12:00:00,2058,6,27,NA,21.4128352998733,34.5522058856785
2058-06-28 12:00:00,2058,6,28,NA,22.4779030222098,33.2241747322091
2058-06-29 12:00:00,2058,6,29,NA,22.9922195090111,35.0840903521949
2058-06-30 12:00:00,2058,6,30,NA,22.9323997485473,34.6059540110777
2058-07-01 12:00:00,2058,7,1,NA,27.4810553215047,29.3767621070023
2058-07-02 12:00:00,2058,7,2,NA,25.9403421349964,27.222712147025
2058-07-03 12:00:00,2058,7,3,NA,24.3138547705193,30.1752021019284
2058-07-04 12:00:00,2058,7,4,NA,24.6220301079256,31.5260029962836
2058-07-05 12:00:00,2058,7,5,NA,24.7575454679756,29.916838431823
2058-07-06 12:00:00,2058,7,6,NA,23.7982074825175,27.2390515523242
2058-07-07 12:00:00,2058,7,7,NA,26.8528177166194,29.1692531008882
2058-07-08 12:00:00,2058,7,8,NA,23.0991307447452,27.5383927688213
2058-07-09 12:00:00,2058,7,9,NA,21.106251342662,26.1343516759775
2058-07-10 12:00:00,2058,7,10,NA,19.5467839787249,30.4602778911607
2058-07-11 12:00:00,2058,7,11,NA,20.8996956541616,32.8989272902094
2058-07-12 12:00:00,2058,7,12,NA,21.3901112347989,31.8362376651802
2058-07-13 12:00:00,2058,7,13,NA,23.5229957842166,30.3047338158968
2058-07-14 12:00:00,2058,7,14,NA,25.253320334183,29.6925823582591
2058-07-15 12:00:00,2058,7,15,NA,24.1883400904838,33.0533908904745
2058-07-16 12:00:00,2058,7,16,NA,25.8609914501963,31.6743915507716
2058-07-17 12:00:00,2058,7,17,NA,25.069697743522,30.2129931683632
2058-07-18 12:00:00,2058,7,18,NA,26.4516461478021,33.3149232569371
2058-07-19 12:00:00,2058,7,19,NA,27.0229556145171,32.8749196582841
2058-07-20 12:00:00,2058,7,20,NA,26.5749458331239,29.5330677836343
2058-07-21 12:00:00,2058,7,21,NA,25.6447609071803,30.4050910399309
2058-07-22 12:00:00,2058,7,22,NA,24.1634789503313,29.9879478421628
2058-07-23 12:00:00,2058,7,23,NA,23.8750171399259,30.6854420837685
2058-07-24 12:00:00,2058,7,24,NA,22.1020727260555,31.8569053673901
2058-07-25 12:00:00,2058,7,25,NA,24.3685303600621,34.333379760436
2058-07-26 12:00:00,2058,7,26,NA,25.830685749275,35.8833182552153
2058-07-27 12:00:00,2058,7,27,NA,25.3783421766681,34.6579585479064
2058-07-28 12:00:00,2058,7,28,NA,24.3359877524016,32.1549631435703
2058-07-29 12:00:00,2058,7,29,NA,26.2605083617509,29.8785759882916
2058-07-30 12:00:00,2058,7,30,NA,25.0779633346306,31.854044562301
2058-07-31 12:00:00,2058,7,31,NA,29.1757387811052,34.66309848639
2058-08-01 12:00:00,2058,8,1,NA,31.5128630749417,33.9402659117765
2058-08-02 12:00:00,2058,8,2,NA,28.9154379115015,36.3194343050379
2058-08-03 12:00:00,2058,8,3,NA,26.9852510219263,34.6647369029132
2058-08-04 12:00:00,2058,8,4,NA,27.6357697501485,34.1702514304296
2058-08-05 12:00:00,2058,8,5,NA,26.9798872677653,33.5593023710316
2058-08-06 12:00:00,2058,8,6,NA,26.7612352798865,34.196012638285
2058-08-07 12:00:00,2058,8,7,NA,26.9808693353554,34.9370066122112
2058-08-08 12:00:00,2058,8,8,NA,27.357087551053,36.4114856311897
2058-08-09 12:00:00,2058,8,9,NA,28.5322091736409,36.7192972632056
2058-08-10 12:00:00,2058,8,10,NA,27.8306318056632,37.7850972009362
2058-08-11 12:00:00,2058,8,11,NA,28.1818055477782,35.4918541778273
2058-08-12 12:00:00,2058,8,12,NA,27.4576849090792,33.9972673479466
2058-08-13 12:00:00,2058,8,13,NA,26.5103364157677,33.2466281099828
2058-08-14 12:00:00,2058,8,14,NA,27.1121526564954,30.9616756656612
2058-08-15 12:00:00,2058,8,15,NA,26.9881687794599,30.2522824489536
2058-08-16 12:00:00,2058,8,16,NA,23.8172628444886,32.4547511489825
2058-08-17 12:00:00,2058,8,17,NA,22.4142661698689,32.5211828624008
2058-08-18 12:00:00,2058,8,18,NA,23.1902187522657,31.0875144326625
2058-08-19 12:00:00,2058,8,19,NA,22.5122184027524,30.7051908210619
2058-08-20 12:00:00,2058,8,20,NA,22.8723802480817,29.8059279168216
2058-08-21 12:00:00,2058,8,21,NA,23.1012710171907,32.2036984739622
2058-08-22 12:00:00,2058,8,22,NA,26.7403432602771,31.4502970985382
2058-08-23 12:00:00,2058,8,23,NA,26.751527413912,30.3296112694285
2058-08-24 12:00:00,2058,8,24,NA,25.2232424330998,30.5247485114433
2058-08-25 12:00:00,2058,8,25,NA,23.8531050203273,33.4652296022398
2058-08-26 12:00:00,2058,8,26,NA,21.8055711680732,29.7605160172739
2058-08-27 12:00:00,2058,8,27,NA,19.5831230326815,27.1900407045389
2058-08-28 12:00:00,2058,8,28,NA,19.6373163889015,30.4370719113313
2058-08-29 12:00:00,2058,8,29,NA,20.1278476349521,30.8253490007531
2058-08-30 12:00:00,2058,8,30,NA,24.0419642979204,30.6646684567076
2058-08-31 12:00:00,2058,8,31,NA,25.4689563790676,32.8356975720399
2058-09-01 12:00:00,2058,9,1,NA,24.6505561495248,33.5103509425335
2058-09-02 12:00:00,2058,9,2,NA,24.8194607980898,32.8267744948511
2058-09-03 12:00:00,2058,9,3,NA,22.1179585844222,33.8971581025921
2058-09-04 12:00:00,2058,9,4,NA,21.6625658063383,32.2445557431847
2058-09-05 12:00:00,2058,9,5,NA,21.8623285528146,33.4011763518528
2058-09-06 12:00:00,2058,9,6,NA,22.9880987372181,33.1764138845925
2058-09-07 12:00:00,2058,9,7,NA,21.2298925699835,35.6025155376685
2058-09-08 12:00:00,2058,9,8,NA,20.7334927333535,34.1240304351755
2058-09-09 12:00:00,2058,9,9,NA,21.2936345768023,35.6666395483294
2058-09-10 12:00:00,2058,9,10,NA,21.1297586318596,35.7225407743137
2058-09-11 12:00:00,2058,9,11,NA,23.7119060135972,31.4051667934226
2058-09-12 12:00:00,2058,9,12,NA,23.699770644374,33.2993388923629
2058-09-13 12:00:00,2058,9,13,NA,24.6247844355982,31.6287537583243
2058-09-14 12:00:00,2058,9,14,NA,19.1034820317398,28.5087338828264
2058-09-15 12:00:00,2058,9,15,NA,17.8637856906221,30.5248538267497
2058-09-16 12:00:00,2058,9,16,NA,17.9763344791902,28.8233701475879
2058-09-17 12:00:00,2058,9,17,NA,17.6418585640114,28.86100013247
2058-09-18 12:00:00,2058,9,18,NA,19.6632551349183,30.6624398603442
2058-09-19 12:00:00,2058,9,19,NA,18.5655105837295,29.1293918053493
2058-09-20 12:00:00,2058,9,20,NA,17.4541115838692,25.2361002285159
2058-09-21 12:00:00,2058,9,21,NA,17.0149068384977,28.5629024826528
2058-09-22 12:00:00,2058,9,22,NA,18.4143508316237,29.4127377424335
2058-09-23 12:00:00,2058,9,23,NA,19.6762589267987,29.6013142328097
2058-09-24 12:00:00,2058,9,24,NA,20.3710206482515,27.0001561021719
2058-09-25 12:00:00,2058,9,25,NA,17.0943159284819,25.9677940105486
2058-09-26 12:00:00,2058,9,26,NA,20.9345120977925,22.6959966284509
2058-09-27 12:00:00,2058,9,27,NA,20.2538740970229,26.8830095509434
2058-09-28 12:00:00,2058,9,28,NA,17.7431518613275,27.3639203481138
2058-09-29 12:00:00,2058,9,29,NA,15.7828675279127,26.3342170522121
2058-09-30 12:00:00,2058,9,30,NA,15.7308956342348,26.2609459533017
2058-10-01 12:00:00,2058,10,1,NA,15.6416350573621,22.4862869692165
2058-10-02 12:00:00,2058,10,2,NA,14.4671115273535,25.4556593084256
2058-10-03 12:00:00,2058,10,3,NA,11.2557760229487,22.7130111665072
2058-10-04 12:00:00,2058,10,4,NA,14.2062682142676,18.0409359643762
2058-10-05 12:00:00,2058,10,5,NA,10.0868431176654,24.7243795636423
2058-10-06 12:00:00,2058,10,6,NA,11.255574849545,24.8193330817954
2058-10-07 12:00:00,2058,10,7,NA,14.4587197217192,26.2125577812575
2058-10-08 12:00:00,2058,10,8,NA,15.7299318027655,28.2386698512512
2058-10-09 12:00:00,2058,10,9,NA,16.6047138939834,28.3518882247906
2058-10-10 12:00:00,2058,10,10,NA,13.8943880999829,22.3441645203169
2058-10-11 12:00:00,2058,10,11,NA,14.7599221483007,23.3720185583388
2058-10-12 12:00:00,2058,10,12,NA,12.7511912479698,29.7277785683553
2058-10-13 12:00:00,2058,10,13,NA,13.5844311327235,27.0839656610648
2058-10-14 12:00:00,2058,10,14,NA,13.978892663395,24.7550066092752
2058-10-15 12:00:00,2058,10,15,NA,12.0487576113823,26.2644621196346
2058-10-16 12:00:00,2058,10,16,NA,16.4231081109947,28.773671605401
2058-10-17 12:00:00,2058,10,17,NA,16.0787155023944,28.5740979791136
2058-10-18 12:00:00,2058,10,18,NA,14.4281843714701,26.3375871161917
2058-10-19 12:00:00,2058,10,19,NA,12.7096881593485,28.4445270529474
2058-10-20 12:00:00,2058,10,20,NA,12.3962810083556,25.6715653090206
2058-10-21 12:00:00,2058,10,21,NA,11.4028825107954,19.7362067485964
2058-10-22 12:00:00,2058,10,22,NA,10.022239462909,17.0865109285975
2058-10-23 12:00:00,2058,10,23,NA,9.89562866933372,22.8491740822622
2058-10-24 12:00:00,2058,10,24,NA,10.7579690310761,19.6366617018017
2058-10-25 12:00:00,2058,10,25,NA,12.4303780484444,21.0509780158504
2058-10-26 12:00:00,2058,10,26,NA,9.4233910706411,21.6604820078711
2058-10-27 12:00:00,2058,10,27,NA,10.5483191918321,24.5089532320763
2058-10-28 12:00:00,2058,10,28,NA,13.656429439827,24.8571117577384
2058-10-29 12:00:00,2058,10,29,NA,11.1141240559385,24.5725860231335
2058-10-30 12:00:00,2058,10,30,NA,10.3135329623611,24.2741670026052
2058-10-31 12:00:00,2058,10,31,NA,8.7826640314961,23.6640520622125
2058-11-01 12:00:00,2058,11,1,NA,9.01500901370298,23.0057786486796
2058-11-02 12:00:00,2058,11,2,NA,10.6065474207025,24.1309829303763
2058-11-03 12:00:00,2058,11,3,NA,12.1381703359244,20.7551713491816
2058-11-04 12:00:00,2058,11,4,NA,7.94952362584213,18.2768921734363
2058-11-05 12:00:00,2058,11,5,NA,7.21145056007346,12.3017112573104
2058-11-06 12:00:00,2058,11,6,NA,3.19839371964945,16.3760821474665
2058-11-07 12:00:00,2058,11,7,NA,7.6269448979881,20.40018398064
2058-11-08 12:00:00,2058,11,8,NA,5.71288020858833,14.9765535531659
2058-11-09 12:00:00,2058,11,9,NA,4.38742745350612,13.3535155789119
2058-11-10 12:00:00,2058,11,10,NA,3.64527016452415,16.3355885506598
2058-11-11 12:00:00,2058,11,11,NA,4.99271688574924,18.8442762472262
2058-11-12 12:00:00,2058,11,12,NA,4.49619507159894,17.0262850355201
2058-11-13 12:00:00,2058,11,13,NA,4.08004608496828,17.2577345127854
2058-11-14 12:00:00,2058,11,14,NA,1.36032688604578,9.2315562872058
2058-11-15 12:00:00,2058,11,15,NA,3.36847502716194,16.9158088767544
2058-11-16 12:00:00,2058,11,16,NA,5.56434667932528,16.9472584875937
2058-11-17 12:00:00,2058,11,17,NA,2.22777576494006,14.0140263932191
2058-11-18 12:00:00,2058,11,18,NA,5.34196058731512,11.0900941222479
2058-11-19 12:00:00,2058,11,19,NA,5.36463118484906,16.767574921699
2058-11-20 12:00:00,2058,11,20,NA,3.60610455356692,16.8596388904453
2058-11-21 12:00:00,2058,11,21,NA,4.83482926243384,15.1826105963459
2058-11-22 12:00:00,2058,11,22,NA,3.74544617342404,9.14091337826807
2058-11-23 12:00:00,2058,11,23,NA,3.74990764445929,13.1198773640876
2058-11-24 12:00:00,2058,11,24,NA,3.2828081715121,12.5848112132854
2058-11-25 12:00:00,2058,11,25,NA,2.47265583264849,14.7753899140908
2058-11-26 12:00:00,2058,11,26,NA,4.00659510872504,15.2666915694583
2058-11-27 12:00:00,2058,11,27,NA,1.2959457426636,10.387468269495
2058-11-28 12:00:00,2058,11,28,NA,0.0570764771605665,8.17178826256819
2058-11-29 12:00:00,2058,11,29,NA,2.40459130654644,13.8075350433963
2058-11-30 12:00:00,2058,11,30,NA,-0.321203069104897,13.1451820781433
2058-12-01 12:00:00,2058,12,1,NA,2.79770473086558,14.2116485729224
2058-12-02 12:00:00,2058,12,2,NA,2.00770958740052,14.3250460461755
2058-12-03 12:00:00,2058,12,3,NA,1.2146012475067,9.31348355995577
2058-12-04 12:00:00,2058,12,4,NA,3.59150248115153,10.0927883114447
2058-12-05 12:00:00,2058,12,5,NA,3.15709928808074,14.6622802087697
2058-12-06 12:00:00,2058,12,6,NA,1.79711518063489,15.9484776117521
2058-12-07 12:00:00,2058,12,7,NA,1.73792607809435,10.8476632826291
2058-12-08 12:00:00,2058,12,8,NA,0.158551753443945,9.06458579615557
2058-12-09 12:00:00,2058,12,9,NA,-0.832593145095024,9.71617747463249
2058-12-10 12:00:00,2058,12,10,NA,-3.20033822224925,11.1795199558392
2058-12-11 12:00:00,2058,12,11,NA,0.20570576458922,12.1227105797395
2058-12-12 12:00:00,2058,12,12,NA,-2.36704113636958,13.1607779996988
2058-12-13 12:00:00,2058,12,13,NA,-0.919619729872795,13.2506716648021
2058-12-14 12:00:00,2058,12,14,NA,0.287721768663597,10.4072606256773
2058-12-15 12:00:00,2058,12,15,NA,-0.398952650911922,11.9209544842906
2058-12-16 12:00:00,2058,12,16,NA,-3.87505021681508,9.42036054622796
2058-12-17 12:00:00,2058,12,17,NA,-0.75291849663718,12.512412707366
2058-12-18 12:00:00,2058,12,18,NA,-0.965452888473111,10.3486245502168
2058-12-19 12:00:00,2058,12,19,NA,3.08697229616831,9.12209741853425
2058-12-20 12:00:00,2058,12,20,NA,2.64491082673136,4.97507122644993
2058-12-21 12:00:00,2058,12,21,NA,2.08609684365002,7.22098275645614
2058-12-22 12:00:00,2058,12,22,NA,-0.16033858596677,6.08686326347774
2058-12-23 12:00:00,2058,12,23,NA,-0.293219869662735,7.73465207314276
2058-12-24 12:00:00,2058,12,24,NA,-5.48509728283518,0.653135751267024
2058-12-25 12:00:00,2058,12,25,NA,-5.90483487947251,5.51542703622798
2058-12-26 12:00:00,2058,12,26,NA,-5.34343889664742,5.98865924688898
2058-12-27 12:00:00,2058,12,27,NA,-3.01420614413332,5.68519096573563
2058-12-28 12:00:00,2058,12,28,NA,-1.79407280203214,6.2980602477516
2058-12-29 12:00:00,2058,12,29,NA,1.52323070641667,7.75415347415367
2058-12-30 12:00:00,2058,12,30,NA,-0.363564035797777,9.8823752319391
2058-12-31 12:00:00,2058,12,31,NA,-2.83344788090127,8.40168619087915
2059-01-01 12:00:00,2059,1,1,NA,-4.67888199576696,8.79128408139587
2059-01-02 12:00:00,2059,1,2,NA,-5.00407614410995,6.00482201204146
2059-01-03 12:00:00,2059,1,3,NA,-3.24002596071955,11.6449295072455
2059-01-04 12:00:00,2059,1,4,NA,-1.5780564423353,9.92428649352573
2059-01-05 12:00:00,2059,1,5,NA,-3.43848573868342,8.27008049275987
2059-01-06 12:00:00,2059,1,6,NA,-7.49092734432081,-2.67082825433542
2059-01-07 12:00:00,2059,1,7,NA,-5.34153530838948,-1.89741863836427
2059-01-08 12:00:00,2059,1,8,NA,-7.61789869044858,1.47888509588654
2059-01-09 12:00:00,2059,1,9,NA,-7.50488004422012,9.20846079485541
2059-01-10 12:00:00,2059,1,10,NA,-2.04418009675443,10.0039630316852
2059-01-11 12:00:00,2059,1,11,NA,-2.20029783934586,12.4524744296474
2059-01-12 12:00:00,2059,1,12,NA,-1.11880404377266,4.96782843525951
2059-01-13 12:00:00,2059,1,13,NA,-2.80673879558103,5.80082159904103
2059-01-14 12:00:00,2059,1,14,NA,-8.04498719000037,-0.659757353243098
2059-01-15 12:00:00,2059,1,15,NA,-7.07924140269094,2.82492267662783
2059-01-16 12:00:00,2059,1,16,NA,-5.96817557577325,6.42658198351347
2059-01-17 12:00:00,2059,1,17,NA,-6.92563659315531,1.11668422882476
2059-01-18 12:00:00,2059,1,18,NA,-6.5266107091759,2.45131248020634
2059-01-19 12:00:00,2059,1,19,NA,-5.75844295044206,3.33224124305415
2059-01-20 12:00:00,2059,1,20,NA,-5.663677218657,3.27098140865158
2059-01-21 12:00:00,2059,1,21,NA,-7.86389513929695,0.565863262913598
2059-01-22 12:00:00,2059,1,22,NA,-6.46386826698545,3.03290201814227
2059-01-23 12:00:00,2059,1,23,NA,-4.84947395796947,5.95981901597452
2059-01-24 12:00:00,2059,1,24,NA,-4.98391909065629,4.90103710084598
2059-01-25 12:00:00,2059,1,25,NA,-2.23243259572276,6.67398276633304
2059-01-26 12:00:00,2059,1,26,NA,-2.59416210381606,8.8315136880931
2059-01-27 12:00:00,2059,1,27,NA,-2.73754898090227,9.08634849584543
2059-01-28 12:00:00,2059,1,28,NA,-4.26558826329983,5.94650750672762
2059-01-29 12:00:00,2059,1,29,NA,-3.394631472853,7.49621642713002
2059-01-30 12:00:00,2059,1,30,NA,-6.53763987206543,3.60888359800895
2059-01-31 12:00:00,2059,1,31,NA,-5.83606804617697,4.0964276457655
2059-02-01 12:00:00,2059,2,1,NA,-3.89344900514642,6.32921993058587
2059-02-02 12:00:00,2059,2,2,NA,-3.60592180673256,5.15795319451281
2059-02-03 12:00:00,2059,2,3,NA,-3.48252401950392,9.40509134448314
2059-02-04 12:00:00,2059,2,4,NA,-2.87233190489002,9.69306106484294
2059-02-05 12:00:00,2059,2,5,NA,-1.58267901598017,6.75340972097636
2059-02-06 12:00:00,2059,2,6,NA,0.318453251802112,11.1861205112321
2059-02-07 12:00:00,2059,2,7,NA,6.46487749356291,10.6410072536047
2059-02-08 12:00:00,2059,2,8,NA,-0.189896043114874,9.14206555226817
2059-02-09 12:00:00,2059,2,9,NA,-6.64448696511182,7.72865863158292
2059-02-10 12:00:00,2059,2,10,NA,-6.8642312518048,7.94262382692297
2059-02-11 12:00:00,2059,2,11,NA,-3.56481522785992,11.0664947222331
2059-02-12 12:00:00,2059,2,12,NA,-3.21612682603089,7.38075814851473
2059-02-13 12:00:00,2059,2,13,NA,-3.02405431394666,4.04532650032472
2059-02-14 12:00:00,2059,2,14,NA,-5.77124861216531,4.99737424784689
2059-02-15 12:00:00,2059,2,15,NA,-3.6643128161092,12.0424705281
2059-02-16 12:00:00,2059,2,16,NA,1.31731862807848,11.8214823665699
2059-02-17 12:00:00,2059,2,17,NA,-1.43345886134546,8.7005891907553
2059-02-18 12:00:00,2059,2,18,NA,0.0470971912159888,9.37905878659903
2059-02-19 12:00:00,2059,2,19,NA,0.367382909763252,12.3839860090483
2059-02-20 12:00:00,2059,2,20,NA,-0.757342373969455,6.98718896506487
2059-02-21 12:00:00,2059,2,21,NA,-3.7112937397704,12.768373749237
2059-02-22 12:00:00,2059,2,22,NA,0.256840533360889,14.0066035768557
2059-02-23 12:00:00,2059,2,23,NA,2.1028209727508,11.7684625423708
2059-02-24 12:00:00,2059,2,24,NA,-3.87030762604875,11.5949656755488
2059-02-25 12:00:00,2059,2,25,NA,-0.516804152893875,13.650005445976
2059-02-26 12:00:00,2059,2,26,NA,3.93700487920325,16.1649042458901
2059-02-27 12:00:00,2059,2,27,NA,5.72088955200003,16.1210614671807
2059-02-28 12:00:00,2059,2,28,NA,3.99279694761179,13.3978266857162
2059-03-01 12:00:00,2059,3,1,NA,7.6223506024715,11.8899491697937
2059-03-02 12:00:00,2059,3,2,NA,5.8183400414201,11.4466828482159
2059-03-03 12:00:00,2059,3,3,NA,2.80841862668283,12.5211527947728
2059-03-04 12:00:00,2059,3,4,NA,1.50635609731019,15.7885160017288
2059-03-05 12:00:00,2059,3,5,NA,2.76988940244248,21.1878984902187
2059-03-06 12:00:00,2059,3,6,NA,4.58791583184013,17.5149946123239
2059-03-07 12:00:00,2059,3,7,NA,3.66933498962922,17.0655908687629
2059-03-08 12:00:00,2059,3,8,NA,1.78068411218359,11.2922556532135
2059-03-09 12:00:00,2059,3,9,NA,2.15331056520844,14.6111297732602
2059-03-10 12:00:00,2059,3,10,NA,2.48481734459376,8.86336284606412
2059-03-11 12:00:00,2059,3,11,NA,2.6454484303978,6.4440524536851
2059-03-12 12:00:00,2059,3,12,NA,4.04711919221012,5.81730511152133
2059-03-13 12:00:00,2059,3,13,NA,1.51201711388182,8.63541819166439
2059-03-14 12:00:00,2059,3,14,NA,-0.393724860876476,8.07288416717775
2059-03-15 12:00:00,2059,3,15,NA,-0.701054439032613,7.15265126202727
2059-03-16 12:00:00,2059,3,16,NA,4.97774779073704,15.0673414985678
2059-03-17 12:00:00,2059,3,17,NA,3.6408898084424,16.5219753323105
2059-03-18 12:00:00,2059,3,18,NA,1.65014261355794,18.0199721920572
2059-03-19 12:00:00,2059,3,19,NA,1.09556399964891,12.1790588037843
2059-03-20 12:00:00,2059,3,20,NA,2.22941890782905,15.3935238927215
2059-03-21 12:00:00,2059,3,21,NA,1.47436615408826,12.286723898665
2059-03-22 12:00:00,2059,3,22,NA,-0.796526911410293,11.7286570833153
2059-03-23 12:00:00,2059,3,23,NA,-0.450034687568118,17.2743311089341
2059-03-24 12:00:00,2059,3,24,NA,1.13159066697543,12.880109440605
2059-03-25 12:00:00,2059,3,25,NA,-0.628647951213504,12.7361507774112
2059-03-26 12:00:00,2059,3,26,NA,-1.20021835356338,16.3488972674759
2059-03-27 12:00:00,2059,3,27,NA,0.467083233299403,12.344488038098
2059-03-28 12:00:00,2059,3,28,NA,-0.880196157468067,17.0466137148867
2059-03-29 12:00:00,2059,3,29,NA,2.45200925409209,10.938480493487
2059-03-30 12:00:00,2059,3,30,NA,2.92432784178168,9.99868685646071
2059-03-31 12:00:00,2059,3,31,NA,5.02073510544502,11.4156768775118
2059-04-01 12:00:00,2059,4,1,NA,4.24708478029794,18.4507224404518
2059-04-02 12:00:00,2059,4,2,NA,6.74325122122106,22.8933467925269
2059-04-03 12:00:00,2059,4,3,NA,5.98432888641177,20.3753791702213
2059-04-04 12:00:00,2059,4,4,NA,9.68547858181635,21.0574088523255
2059-04-05 12:00:00,2059,4,5,NA,5.58330283038592,23.2013446535525
2059-04-06 12:00:00,2059,4,6,NA,7.75126267830304,17.9406413964578
2059-04-07 12:00:00,2059,4,7,NA,12.3688430560352,21.1067620581431
2059-04-08 12:00:00,2059,4,8,NA,8.98321183043989,25.5399618137403
2059-04-09 12:00:00,2059,4,9,NA,9.34597637549559,18.6353960581005
2059-04-10 12:00:00,2059,4,10,NA,10.4275780763601,15.7320417709101
2059-04-11 12:00:00,2059,4,11,NA,6.36705108474928,14.8944183503457
2059-04-12 12:00:00,2059,4,12,NA,4.47849322720981,17.0096427464139
2059-04-13 12:00:00,2059,4,13,NA,5.12118789841148,21.0098854754018
2059-04-14 12:00:00,2059,4,14,NA,8.39328466565177,26.198021340111
2059-04-15 12:00:00,2059,4,15,NA,11.889906917335,25.2564946034653
2059-04-16 12:00:00,2059,4,16,NA,13.06944180332,23.6476120206283
2059-04-17 12:00:00,2059,4,17,NA,13.4461568700702,22.5521028817588
2059-04-18 12:00:00,2059,4,18,NA,10.5809402761808,22.499369155178
2059-04-19 12:00:00,2059,4,19,NA,8.71989816568096,23.9500453192854
2059-04-20 12:00:00,2059,4,20,NA,8.76477456111551,18.6397530089756
2059-04-21 12:00:00,2059,4,21,NA,7.96943717022567,18.3557827239857
2059-04-22 12:00:00,2059,4,22,NA,5.61227798757117,23.1626043051952
2059-04-23 12:00:00,2059,4,23,NA,6.57666822957712,21.4939723105937
2059-04-24 12:00:00,2059,4,24,NA,7.45907554797699,24.9637493048931
2059-04-25 12:00:00,2059,4,25,NA,10.8564161945683,17.8036611388335
2059-04-26 12:00:00,2059,4,26,NA,6.59607535797866,23.3693321670228
2059-04-27 12:00:00,2059,4,27,NA,8.59161138006645,23.508915461083
2059-04-28 12:00:00,2059,4,28,NA,8.92396038547002,23.1098463342373
2059-04-29 12:00:00,2059,4,29,NA,10.9593215501696,20.1438232731955
2059-04-30 12:00:00,2059,4,30,NA,-0.547917565165619,16.9489649119907
2059-05-01 12:00:00,2059,5,1,NA,5.65704312680612,17.2629030512423
2059-05-02 12:00:00,2059,5,2,NA,5.81071380052588,19.0368410919844
2059-05-03 12:00:00,2059,5,3,NA,6.91900678358224,24.4365925979381
2059-05-04 12:00:00,2059,5,4,NA,13.0999248497157,26.9008885251818
2059-05-05 12:00:00,2059,5,5,NA,12.5839348026904,28.729875895667
2059-05-06 12:00:00,2059,5,6,NA,16.4729786213093,22.3439235074853
2059-05-07 12:00:00,2059,5,7,NA,16.7916673410877,19.5622449137956
2059-05-08 12:00:00,2059,5,8,NA,12.7686193415676,18.4415185196746
2059-05-09 12:00:00,2059,5,9,NA,11.7758327219864,23.2540755783257
2059-05-10 12:00:00,2059,5,10,NA,10.9293825992962,17.7823024878535
2059-05-11 12:00:00,2059,5,11,NA,10.0292358854761,21.8840399452657
2059-05-12 12:00:00,2059,5,12,NA,10.1837415092598,18.0563586710648
2059-05-13 12:00:00,2059,5,13,NA,12.0719808147213,21.9263137330398
2059-05-14 12:00:00,2059,5,14,NA,10.8536638354468,26.7722179655103
2059-05-15 12:00:00,2059,5,15,NA,12.1169728402905,22.9733932820872
2059-05-16 12:00:00,2059,5,16,NA,11.5419584527205,25.0913882592764
2059-05-17 12:00:00,2059,5,17,NA,12.524649137728,24.6429344479038
2059-05-18 12:00:00,2059,5,18,NA,13.3073273511604,23.4718586501763
2059-05-19 12:00:00,2059,5,19,NA,11.4195470870221,17.9666340672171
2059-05-20 12:00:00,2059,5,20,NA,10.0287022578347,18.2740231867392
2059-05-21 12:00:00,2059,5,21,NA,8.43622331761819,21.5927244291156
2059-05-22 12:00:00,2059,5,22,NA,9.25859602815292,18.0779989609559
2059-05-23 12:00:00,2059,5,23,NA,9.38536933391167,23.3991226221302
2059-05-24 12:00:00,2059,5,24,NA,13.7274424227807,25.0421825517897
2059-05-25 12:00:00,2059,5,25,NA,11.0138945676426,23.9138588191097
2059-05-26 12:00:00,2059,5,26,NA,2.9721777068438,24.7275503074067
2059-05-27 12:00:00,2059,5,27,NA,8.31670300635138,26.6364523988312
2059-05-28 12:00:00,2059,5,28,NA,12.0783628217119,27.1125120874062
2059-05-29 12:00:00,2059,5,29,NA,11.4258817635151,29.1426844650056
2059-05-30 12:00:00,2059,5,30,NA,10.8555269381357,26.8505557185615
2059-05-31 12:00:00,2059,5,31,NA,10.7641814978614,27.71495653724
2059-06-01 12:00:00,2059,6,1,NA,13.5974249822889,31.6003708649318
2059-06-02 12:00:00,2059,6,2,NA,14.4964175135051,30.1511353409264
2059-06-03 12:00:00,2059,6,3,NA,15.7298966418907,25.4992277725591
2059-06-04 12:00:00,2059,6,4,NA,16.8772157360966,28.1631222051919
2059-06-05 12:00:00,2059,6,5,NA,16.6672395268004,29.1123136526331
2059-06-06 12:00:00,2059,6,6,NA,19.7352070811284,29.6063371215022
2059-06-07 12:00:00,2059,6,7,NA,18.7274322386988,24.5597609893264
2059-06-08 12:00:00,2059,6,8,NA,17.5003584510632,26.5181353356139
2059-06-09 12:00:00,2059,6,9,NA,18.9345369797571,29.1308251796255
2059-06-10 12:00:00,2059,6,10,NA,19.8549477878567,29.405276881208
2059-06-11 12:00:00,2059,6,11,NA,20.7134236306672,30.9947883178794
2059-06-12 12:00:00,2059,6,12,NA,21.8534033661436,30.8922725275568
2059-06-13 12:00:00,2059,6,13,NA,21.3949955969938,30.8539178886114
2059-06-14 12:00:00,2059,6,14,NA,20.5424184454468,35.6340078737957
2059-06-15 12:00:00,2059,6,15,NA,23.0005358349012,32.7600109798999
2059-06-16 12:00:00,2059,6,16,NA,22.131788094986,30.2691423516932
2059-06-17 12:00:00,2059,6,17,NA,22.2355048960372,32.2754907607294
2059-06-18 12:00:00,2059,6,18,NA,21.5921209912982,30.7092923979454
2059-06-19 12:00:00,2059,6,19,NA,18.7155013898457,29.0802660184705
2059-06-20 12:00:00,2059,6,20,NA,18.4504303805494,27.3925605666064
2059-06-21 12:00:00,2059,6,21,NA,19.6180961541452,26.6629559947223
2059-06-22 12:00:00,2059,6,22,NA,20.6045491367502,27.6519312331201
2059-06-23 12:00:00,2059,6,23,NA,19.1769275981559,30.8901186714588
2059-06-24 12:00:00,2059,6,24,NA,18.8391618809022,30.8970983915732
2059-06-25 12:00:00,2059,6,25,NA,23.3579602196677,26.9860252760937
2059-06-26 12:00:00,2059,6,26,NA,21.2123171825519,30.2744034572158
2059-06-27 12:00:00,2059,6,27,NA,21.4204126450979,26.4515359278441
2059-06-28 12:00:00,2059,6,28,NA,23.5722557294638,26.7039329922901
2059-06-29 12:00:00,2059,6,29,NA,23.2432928918165,32.2610697763672
2059-06-30 12:00:00,2059,6,30,NA,23.9803293223131,28.6945236846197
2059-07-01 12:00:00,2059,7,1,NA,21.072899901393,30.8031765578063
2059-07-02 12:00:00,2059,7,2,NA,20.4599472075836,33.5242409488759
2059-07-03 12:00:00,2059,7,3,NA,25.7395820912626,32.3560601006632
2059-07-04 12:00:00,2059,7,4,NA,24.5169775773922,32.8705063287869
2059-07-05 12:00:00,2059,7,5,NA,24.7997547203472,31.8877210602614
2059-07-06 12:00:00,2059,7,6,NA,25.9586483424267,28.3618495050864
2059-07-07 12:00:00,2059,7,7,NA,26.9620322610278,30.244406756453
2059-07-08 12:00:00,2059,7,8,NA,25.3600225099586,29.2912751624713
2059-07-09 12:00:00,2059,7,9,NA,23.5837880831365,29.5306947900951
2059-07-10 12:00:00,2059,7,10,NA,22.7032646366424,27.5701625584084
2059-07-11 12:00:00,2059,7,11,NA,18.1744650818246,26.2778324568951
2059-07-12 12:00:00,2059,7,12,NA,20.6325665749559,28.2119724580679
2059-07-13 12:00:00,2059,7,13,NA,20.9225353482207,30.0802802144079
2059-07-14 12:00:00,2059,7,14,NA,23.8096946926675,31.0823355628946
2059-07-15 12:00:00,2059,7,15,NA,22.6431324817806,30.5144246389405
2059-07-16 12:00:00,2059,7,16,NA,23.8079191454827,30.5914937573917
2059-07-17 12:00:00,2059,7,17,NA,22.0205222949699,27.7096140116909
2059-07-18 12:00:00,2059,7,18,NA,20.7183213531342,28.9552407735197
2059-07-19 12:00:00,2059,7,19,NA,21.8766097758382,30.6158248577093
2059-07-20 12:00:00,2059,7,20,NA,26.0014780714758,32.9372458745132
2059-07-21 12:00:00,2059,7,21,NA,26.3016295449638,31.6443446668621
2059-07-22 12:00:00,2059,7,22,NA,24.595956413703,31.5626234674175
2059-07-23 12:00:00,2059,7,23,NA,22.6403503937069,27.9438288552419
2059-07-24 12:00:00,2059,7,24,NA,21.1593984011102,30.6061263464528
2059-07-25 12:00:00,2059,7,25,NA,22.8444909873421,31.7635587408149
2059-07-26 12:00:00,2059,7,26,NA,24.1737226137115,31.2758140362755
2059-07-27 12:00:00,2059,7,27,NA,21.7230582571391,29.9547672784082
2059-07-28 12:00:00,2059,7,28,NA,23.5744139754302,32.1410319111919
2059-07-29 12:00:00,2059,7,29,NA,23.4507021605463,34.1992944960579
2059-07-30 12:00:00,2059,7,30,NA,22.1113272216423,26.1853712152939
2059-07-31 12:00:00,2059,7,31,NA,22.3112640115278,28.5304898028681
2059-08-01 12:00:00,2059,8,1,NA,21.0650166282608,27.6963678958335
2059-08-02 12:00:00,2059,8,2,NA,22.0743062091979,25.4135990107237
2059-08-03 12:00:00,2059,8,3,NA,21.8469492324287,29.5229063163451
2059-08-04 12:00:00,2059,8,4,NA,22.3152315986345,33.262512844749
2059-08-05 12:00:00,2059,8,5,NA,22.7944589538711,34.1410481053489
2059-08-06 12:00:00,2059,8,6,NA,26.0976329806557,30.4270472983415
2059-08-07 12:00:00,2059,8,7,NA,25.7489870032723,31.5775178852366
2059-08-08 12:00:00,2059,8,8,NA,23.5034172054413,31.6123670295245
2059-08-09 12:00:00,2059,8,9,NA,24.6704330164873,30.1666290743091
2059-08-10 12:00:00,2059,8,10,NA,27.8795580579175,34.6114204592089
2059-08-11 12:00:00,2059,8,11,NA,27.715822286944,35.4208410472231
2059-08-12 12:00:00,2059,8,12,NA,27.788759978114,34.1024123769738
2059-08-13 12:00:00,2059,8,13,NA,25.9810821663793,34.045366825131
2059-08-14 12:00:00,2059,8,14,NA,23.649794710384,31.1539206633278
2059-08-15 12:00:00,2059,8,15,NA,24.436609405034,32.8941779798919
2059-08-16 12:00:00,2059,8,16,NA,24.4800090254566,33.7309921512556
2059-08-17 12:00:00,2059,8,17,NA,24.8399271968675,35.2025094834004
2059-08-18 12:00:00,2059,8,18,NA,24.5604324460397,35.1278135917228
2059-08-19 12:00:00,2059,8,19,NA,24.6251537909062,34.2236754731569
2059-08-20 12:00:00,2059,8,20,NA,23.5737722485829,33.7682506824567
2059-08-21 12:00:00,2059,8,21,NA,23.8567580147582,32.7271066499115
2059-08-22 12:00:00,2059,8,22,NA,23.9953986060421,31.0596333693996
2059-08-23 12:00:00,2059,8,23,NA,22.5068422705223,28.4313714241894
2059-08-24 12:00:00,2059,8,24,NA,21.1508474823796,26.874101273381
2059-08-25 12:00:00,2059,8,25,NA,20.094691960962,23.5658719557313
2059-08-26 12:00:00,2059,8,26,NA,19.4212577799647,30.5943830681889
2059-08-27 12:00:00,2059,8,27,NA,20.4859336016616,28.3409430465879
2059-08-28 12:00:00,2059,8,28,NA,18.1068846497944,23.0823723232204
2059-08-29 12:00:00,2059,8,29,NA,14.6882277496059,28.147693773782
2059-08-30 12:00:00,2059,8,30,NA,17.7776803033318,29.6826089526952
2059-08-31 12:00:00,2059,8,31,NA,20.2577781475532,31.5784691943917
2059-09-01 12:00:00,2059,9,1,NA,20.6940728427736,31.2590775203792
2059-09-02 12:00:00,2059,9,2,NA,20.8090610749278,26.5649259953148
2059-09-03 12:00:00,2059,9,3,NA,20.0644879675457,30.4709236107959
2059-09-04 12:00:00,2059,9,4,NA,21.39463821602,35.3211949079984
2059-09-05 12:00:00,2059,9,5,NA,22.9258171571121,31.7216938230689
2059-09-06 12:00:00,2059,9,6,NA,23.8411015756983,30.721046158509
2059-09-07 12:00:00,2059,9,7,NA,20.3048981640106,31.8025455770046
2059-09-08 12:00:00,2059,9,8,NA,18.7038983093462,32.5108699650745
2059-09-09 12:00:00,2059,9,9,NA,18.4351648786164,33.0279470210706
2059-09-10 12:00:00,2059,9,10,NA,19.9658014051678,32.4125796804503
2059-09-11 12:00:00,2059,9,11,NA,22.3764726554419,34.835585025339
2059-09-12 12:00:00,2059,9,12,NA,22.9246427929305,29.0121096245151
2059-09-13 12:00:00,2059,9,13,NA,21.4533316075255,28.9257758498645
2059-09-14 12:00:00,2059,9,14,NA,19.4817337846178,28.4110200121862
2059-09-15 12:00:00,2059,9,15,NA,16.8507396597205,24.5990781602354
2059-09-16 12:00:00,2059,9,16,NA,17.5940892483665,29.2748543445594
2059-09-17 12:00:00,2059,9,17,NA,17.4353530137319,27.9798705198172
2059-09-18 12:00:00,2059,9,18,NA,16.7676817956274,28.2757739696347
2059-09-19 12:00:00,2059,9,19,NA,16.750394219713,27.065991672702
2059-09-20 12:00:00,2059,9,20,NA,14.195687894118,25.6163437361909
2059-09-21 12:00:00,2059,9,21,NA,16.9433161712052,25.6040416820421
2059-09-22 12:00:00,2059,9,22,NA,16.2376058350072,27.8655707737626
2059-09-23 12:00:00,2059,9,23,NA,15.773712587654,26.9351159648902
2059-09-24 12:00:00,2059,9,24,NA,15.4061871809949,24.0669126918318
2059-09-25 12:00:00,2059,9,25,NA,16.849080788664,27.4265563655012
2059-09-26 12:00:00,2059,9,26,NA,16.7731885218005,29.1653700699883
2059-09-27 12:00:00,2059,9,27,NA,16.2569108730548,28.8506455047767
2059-09-28 12:00:00,2059,9,28,NA,18.6937035320381,29.7365301843636
2059-09-29 12:00:00,2059,9,29,NA,17.962105866548,27.8414968317161
2059-09-30 12:00:00,2059,9,30,NA,21.3682245487817,22.9676439024113
2059-10-01 12:00:00,2059,10,1,NA,19.5692742729633,25.9154661034986
2059-10-02 12:00:00,2059,10,2,NA,19.3590958476742,22.6108032443262
2059-10-03 12:00:00,2059,10,3,NA,17.3073925361935,28.4417436176328
2059-10-04 12:00:00,2059,10,4,NA,18.0242155863746,27.6573849562667
2059-10-05 12:00:00,2059,10,5,NA,20.2938808891008,26.5598992267207
2059-10-06 12:00:00,2059,10,6,NA,19.2494747074781,21.1709964338183
2059-10-07 12:00:00,2059,10,7,NA,15.5568717994862,25.5156554899385
2059-10-08 12:00:00,2059,10,8,NA,16.6889624937313,26.6318480113788
2059-10-09 12:00:00,2059,10,9,NA,11.5575458256685,21.041114081805
2059-10-10 12:00:00,2059,10,10,NA,11.8571178367094,21.6317512882842
2059-10-11 12:00:00,2059,10,11,NA,8.91821821335219,19.4465326715189
2059-10-12 12:00:00,2059,10,12,NA,9.15142560555116,24.5270262764429
2059-10-13 12:00:00,2059,10,13,NA,7.38112126102798,17.6087220795168
2059-10-14 12:00:00,2059,10,14,NA,6.66453038567609,14.9318824427317
2059-10-15 12:00:00,2059,10,15,NA,8.42133332987069,17.3384203074312
2059-10-16 12:00:00,2059,10,16,NA,7.1702247025279,15.4145098610636
2059-10-17 12:00:00,2059,10,17,NA,8.14467918885183,18.4680813709515
2059-10-18 12:00:00,2059,10,18,NA,10.1455414891813,19.2224112332768
2059-10-19 12:00:00,2059,10,19,NA,10.0703650436748,23.5033773396489
2059-10-20 12:00:00,2059,10,20,NA,10.1569354312858,22.2353629112378
2059-10-21 12:00:00,2059,10,21,NA,10.3396406997821,23.7179120670567
2059-10-22 12:00:00,2059,10,22,NA,9.53644576037173,19.0663689851625
2059-10-23 12:00:00,2059,10,23,NA,8.26030342768113,15.3245748933697
2059-10-24 12:00:00,2059,10,24,NA,5.26103972476019,20.6018778713334
2059-10-25 12:00:00,2059,10,25,NA,6.9031621538444,20.5903062246913
2059-10-26 12:00:00,2059,10,26,NA,8.46447184537034,22.8232120631471
2059-10-27 12:00:00,2059,10,27,NA,10.7069836487511,17.3908499384008
2059-10-28 12:00:00,2059,10,28,NA,8.42447341345441,17.1987811802968
2059-10-29 12:00:00,2059,10,29,NA,9.84798471151058,21.8124305824448
2059-10-30 12:00:00,2059,10,30,NA,8.7066935714287,20.2712021858572
2059-10-31 12:00:00,2059,10,31,NA,7.50742789535761,19.0526747638652
2059-11-01 12:00:00,2059,11,1,NA,10.7040184937114,19.6530142571684
2059-11-02 12:00:00,2059,11,2,NA,7.65483469186656,20.3304474235494
2059-11-03 12:00:00,2059,11,3,NA,6.3881827032652,18.938085520917
2059-11-04 12:00:00,2059,11,4,NA,4.90407921503552,18.094655032684
2059-11-05 12:00:00,2059,11,5,NA,6.88010937971008,14.8496415998837
2059-11-06 12:00:00,2059,11,6,NA,6.96030466485814,17.1509579465622
2059-11-07 12:00:00,2059,11,7,NA,5.5988288158068,17.7567036635847
2059-11-08 12:00:00,2059,11,8,NA,7.04492524374826,15.8537475546587
2059-11-09 12:00:00,2059,11,9,NA,5.21175038229894,14.6327671380112
2059-11-10 12:00:00,2059,11,10,NA,2.3404160909859,7.78397091588872
2059-11-11 12:00:00,2059,11,11,NA,-3.1306948097304,14.1824831372977
2059-11-12 12:00:00,2059,11,12,NA,-0.753025670550763,17.067935758355
2059-11-13 12:00:00,2059,11,13,NA,3.67294578362101,15.4138869054629
2059-11-14 12:00:00,2059,11,14,NA,3.33133733377384,16.8040197682176
2059-11-15 12:00:00,2059,11,15,NA,6.6570665831062,16.1231574532939
2059-11-16 12:00:00,2059,11,16,NA,10.7326585176148,16.4807920525475
2059-11-17 12:00:00,2059,11,17,NA,8.23613570995652,17.3168128701608
2059-11-18 12:00:00,2059,11,18,NA,6.38016510032743,18.2626132113255
2059-11-19 12:00:00,2059,11,19,NA,9.14771974508524,18.3318334655352
2059-11-20 12:00:00,2059,11,20,NA,8.07429301982711,14.789896719693
2059-11-21 12:00:00,2059,11,21,NA,6.08108209463848,15.4024692624749
2059-11-22 12:00:00,2059,11,22,NA,5.29197514225956,14.2580632676653
2059-11-23 12:00:00,2059,11,23,NA,4.34511062253277,15.1586360272205
2059-11-24 12:00:00,2059,11,24,NA,0.0993253575448243,10.4687593237891
2059-11-25 12:00:00,2059,11,25,NA,-3.60576706596446,15.1164557109779
2059-11-26 12:00:00,2059,11,26,NA,2.80167355662775,14.1702920004027
2059-11-27 12:00:00,2059,11,27,NA,3.60132766463696,14.8663606686695
2059-11-28 12:00:00,2059,11,28,NA,1.84227803908571,15.0600226248186
2059-11-29 12:00:00,2059,11,29,NA,1.97155761779503,13.3759721337425
2059-11-30 12:00:00,2059,11,30,NA,-1.10693788374257,10.3283594306436
2059-12-01 12:00:00,2059,12,1,NA,-1.0537515778098,15.5028364444128
2059-12-02 12:00:00,2059,12,2,NA,3.03930887806789,15.4579637139228
2059-12-03 12:00:00,2059,12,3,NA,1.819895835604,9.23077641622676
2059-12-04 12:00:00,2059,12,4,NA,-0.585350238417606,8.21931087001351
2059-12-05 12:00:00,2059,12,5,NA,-2.10796145906142,1.40823992222634
2059-12-06 12:00:00,2059,12,6,NA,1.47452808622445,7.078178336548
2059-12-07 12:00:00,2059,12,7,NA,-6.33496475062039,3.63955559685729
2059-12-08 12:00:00,2059,12,8,NA,-6.7291552164927,7.32878574456364
2059-12-09 12:00:00,2059,12,9,NA,-3.55047397136753,11.483675485078
2059-12-10 12:00:00,2059,12,10,NA,-3.04134942046202,5.33381343123631
2059-12-11 12:00:00,2059,12,11,NA,-2.45427030776265,6.04385090046444
2059-12-12 12:00:00,2059,12,12,NA,-3.84667090818543,9.01579882861399
2059-12-13 12:00:00,2059,12,13,NA,-3.15150514003281,10.8609006138108
2059-12-14 12:00:00,2059,12,14,NA,-1.54174540391693,11.7536653591261
2059-12-15 12:00:00,2059,12,15,NA,-0.47621715021436,10.8122728663393
2059-12-16 12:00:00,2059,12,16,NA,0.241088125209272,10.7898587449368
2059-12-17 12:00:00,2059,12,17,NA,1.77544924548396,7.8378761504865
2059-12-18 12:00:00,2059,12,18,NA,-0.075196362127008,5.42338902500634
2059-12-19 12:00:00,2059,12,19,NA,-0.400273752558984,8.71465413223167
2059-12-20 12:00:00,2059,12,20,NA,-0.218652040189537,7.08648697270505
2059-12-21 12:00:00,2059,12,21,NA,-2.52594864894447,4.54915022198364
2059-12-22 12:00:00,2059,12,22,NA,-1.77261598662544,-0.462016273024519
2059-12-23 12:00:00,2059,12,23,NA,-5.8827104463751,-2.46010897053088
2059-12-24 12:00:00,2059,12,24,NA,-7.6421255769895,-4.55910184278163
2059-12-25 12:00:00,2059,12,25,NA,-11.5657482135378,-7.80084798573229
2059-12-26 12:00:00,2059,12,26,NA,-15.3564524720044,-4.2500708472798
2059-12-27 12:00:00,2059,12,27,NA,-10.0712619470644,2.16273640320376
2059-12-28 12:00:00,2059,12,28,NA,-6.03219981131131,4.10710970329531
2059-12-29 12:00:00,2059,12,29,NA,0.127109991179579,11.0032090119853
2059-12-30 12:00:00,2059,12,30,NA,-0.809029979926642,11.9022672214798
2059-12-31 12:00:00,2059,12,31,NA,-0.340971563616332,9.93757942184712
2060-01-01 12:00:00,2060,1,1,NA,-1.4343495047843,7.8788753981818
2060-01-02 12:00:00,2060,1,2,NA,-1.54320829637981,6.43413273044418
2060-01-03 12:00:00,2060,1,3,NA,-2.88909439764826,6.33987438287046
2060-01-04 12:00:00,2060,1,4,NA,-0.990264060745605,8.40828947104277
2060-01-05 12:00:00,2060,1,5,NA,-4.94390136702722,1.21517181463801
2060-01-06 12:00:00,2060,1,6,NA,-3.92055934062976,1.59100759160348
2060-01-07 12:00:00,2060,1,7,NA,-2.56488119160102,2.47558694248772
2060-01-08 12:00:00,2060,1,8,NA,-2.45415559131166,3.6324768877205
2060-01-09 12:00:00,2060,1,9,NA,-3.99907315935899,8.4366363257738
2060-01-10 12:00:00,2060,1,10,NA,-3.76340862805689,2.40075487972263
2060-01-11 12:00:00,2060,1,11,NA,-4.85416092408749,4.4894544839495
2060-01-12 12:00:00,2060,1,12,NA,-6.183571404338,2.15981381747894
2060-01-13 12:00:00,2060,1,13,NA,-4.7366705141719,3.11153208841265
2060-01-14 12:00:00,2060,1,14,NA,-2.89807046530305,7.3973148013054
2060-01-15 12:00:00,2060,1,15,NA,-5.04255579202334,0.917755743002158
2060-01-16 12:00:00,2060,1,16,NA,-3.09865268586369,2.76345163478572
2060-01-17 12:00:00,2060,1,17,NA,-6.05434754637212,-0.0271256645271509
2060-01-18 12:00:00,2060,1,18,NA,-7.46192122795447,-0.25844114314474
2060-01-19 12:00:00,2060,1,19,NA,-6.06156663563983,4.72032009530924
2060-01-20 12:00:00,2060,1,20,NA,-0.910633545007415,7.6246036755612
2060-01-21 12:00:00,2060,1,21,NA,-2.53961922113545,7.47010977806421
2060-01-22 12:00:00,2060,1,22,NA,-2.44305699262033,5.60420830815066
2060-01-23 12:00:00,2060,1,23,NA,6.90198562095585,14.8232966601789
2060-01-24 12:00:00,2060,1,24,NA,6.08679667518109,12.515104193985
2060-01-25 12:00:00,2060,1,25,NA,1.87632917877512,7.90402978931418
2060-01-26 12:00:00,2060,1,26,NA,1.81186388607625,7.67396820672566
2060-01-27 12:00:00,2060,1,27,NA,0.58440638869078,6.10668961245836
2060-01-28 12:00:00,2060,1,28,NA,-0.779759050562035,6.67697165813756
2060-01-29 12:00:00,2060,1,29,NA,-1.08239692700298,5.27999783983296
2060-01-30 12:00:00,2060,1,30,NA,0.529546025399896,12.0499635206467
2060-01-31 12:00:00,2060,1,31,NA,1.56491984991143,11.2352748966923
2060-02-01 12:00:00,2060,2,1,NA,0.81108354589206,12.7072316032757
2060-02-02 12:00:00,2060,2,2,NA,0.230211574787947,8.15152261401098
2060-02-03 12:00:00,2060,2,3,NA,-0.468003520974717,8.65839353482671
2060-02-04 12:00:00,2060,2,4,NA,-0.73189605181874,10.7708648396453
2060-02-05 12:00:00,2060,2,5,NA,-2.63482558404333,7.38944441589289
2060-02-06 12:00:00,2060,2,6,NA,-1.08190456061663,11.2771601107559
2060-02-07 12:00:00,2060,2,7,NA,-1.46365098608755,11.7483818133945
2060-02-08 12:00:00,2060,2,8,NA,-0.583701403513987,14.9046421472719
2060-02-09 12:00:00,2060,2,9,NA,2.0971738861411,13.0911914475256
2060-02-10 12:00:00,2060,2,10,NA,-0.41602041846256,11.8609016541307
2060-02-11 12:00:00,2060,2,11,NA,1.19002546151319,12.1159026093517
2060-02-12 12:00:00,2060,2,12,NA,0.652474742138675,6.27350050136248
2060-02-13 12:00:00,2060,2,13,NA,-2.92955163079897,8.4651301650007
2060-02-14 12:00:00,2060,2,14,NA,-0.4490844046139,13.5251754612939
2060-02-15 12:00:00,2060,2,15,NA,-1.45786969414078,5.98025517914165
2060-02-16 12:00:00,2060,2,16,NA,-8.6500223506646,-0.624489056663422
2060-02-17 12:00:00,2060,2,17,NA,-7.2819186885034,0.0524605110039462
2060-02-18 12:00:00,2060,2,18,NA,-10.7655944114213,-1.09995284180125
2060-02-19 12:00:00,2060,2,19,NA,-10.680268393548,3.56856932739176
2060-02-20 12:00:00,2060,2,20,NA,-7.9211942109289,6.11582502629114
2060-02-21 12:00:00,2060,2,21,NA,-2.36576882349955,9.62424678647851
2060-02-22 12:00:00,2060,2,22,NA,0.105579632500313,8.56020237317135
2060-02-23 12:00:00,2060,2,23,NA,2.74451505365402,7.33905217661865
2060-02-24 12:00:00,2060,2,24,NA,0.983053505179036,9.86061686896722
2060-02-25 12:00:00,2060,2,25,NA,6.18689779742211,17.0150751529317
2060-02-26 12:00:00,2060,2,26,NA,7.30005560068804,14.4950761542853
2060-02-27 12:00:00,2060,2,27,NA,3.08223862737908,12.5423993548625
2060-02-28 12:00:00,2060,2,28,NA,5.34225516079437,11.7678475773235
2060-02-29 12:00:00,2060,2,29,NA,2.79762810463073,11.889142859115
2060-03-01 12:00:00,2060,3,1,NA,5.79339148846733,14.1473845012606
2060-03-02 12:00:00,2060,3,2,NA,4.85451131351717,12.3074053715305
2060-03-03 12:00:00,2060,3,3,NA,1.55104636288973,14.8235663659138
2060-03-04 12:00:00,2060,3,4,NA,1.39555909629103,16.692649940178
2060-03-05 12:00:00,2060,3,5,NA,3.59037709352,15.7539244982226
2060-03-06 12:00:00,2060,3,6,NA,1.74324362754558,14.8658757309725
2060-03-07 12:00:00,2060,3,7,NA,-2.16723584764853,12.0200969456039
2060-03-08 12:00:00,2060,3,8,NA,1.0542224505266,13.1150479261391
2060-03-09 12:00:00,2060,3,9,NA,0.316101802155493,8.24998031353077
2060-03-10 12:00:00,2060,3,10,NA,-0.074934715685008,9.95471580639829
2060-03-11 12:00:00,2060,3,11,NA,-0.991595059682373,9.41657247194645
2060-03-12 12:00:00,2060,3,12,NA,-1.47526839783358,10.6244781034441
2060-03-13 12:00:00,2060,3,13,NA,-1.3556732730627,12.0251878315189
2060-03-14 12:00:00,2060,3,14,NA,-1.4792211461174,13.4888258970581
2060-03-15 12:00:00,2060,3,15,NA,0.798818555767327,9.25370803620467
2060-03-16 12:00:00,2060,3,16,NA,10.3062069184999,16.2719998109659
2060-03-17 12:00:00,2060,3,17,NA,2.22867579531924,16.1446718508438
2060-03-18 12:00:00,2060,3,18,NA,2.87739334849042,16.0493652919631
2060-03-19 12:00:00,2060,3,19,NA,0.48790340507322,17.977568999061
2060-03-20 12:00:00,2060,3,20,NA,3.14618898316818,17.0728960177881
2060-03-21 12:00:00,2060,3,21,NA,2.63772536644216,17.8540112056555
2060-03-22 12:00:00,2060,3,22,NA,4.63057733930364,22.3111763370544
2060-03-23 12:00:00,2060,3,23,NA,6.07364469531061,17.189048714932
2060-03-24 12:00:00,2060,3,24,NA,5.29217505513418,17.4478325402755
2060-03-25 12:00:00,2060,3,25,NA,4.84099284902705,17.5489087469823
2060-03-26 12:00:00,2060,3,26,NA,12.3836474182645,19.4520265250133
2060-03-27 12:00:00,2060,3,27,NA,7.43706361585009,14.4424840298
2060-03-28 12:00:00,2060,3,28,NA,6.03643116490578,12.7338286132965
2060-03-29 12:00:00,2060,3,29,NA,3.30587472917496,16.1063547352322
2060-03-30 12:00:00,2060,3,30,NA,6.37007277042888,17.273271495712
2060-03-31 12:00:00,2060,3,31,NA,7.34105567375069,19.3583485654646
2060-04-01 12:00:00,2060,4,1,NA,4.79758529642211,16.9445308720119
2060-04-02 12:00:00,2060,4,2,NA,5.3400163532451,17.1721004123525
2060-04-03 12:00:00,2060,4,3,NA,3.40446738092563,22.2919004072021
2060-04-04 12:00:00,2060,4,4,NA,4.79698575379647,22.039970910988
2060-04-05 12:00:00,2060,4,5,NA,7.70162497235115,23.4022309311072
2060-04-06 12:00:00,2060,4,6,NA,7.8834530925036,22.9338860049304
2060-04-07 12:00:00,2060,4,7,NA,8.66243139819667,19.3468057814169
2060-04-08 12:00:00,2060,4,8,NA,10.4384245631989,23.7601468005384
2060-04-09 12:00:00,2060,4,9,NA,8.893942082807,24.6152296793631
2060-04-10 12:00:00,2060,4,10,NA,7.02410377247042,24.1110489530714
2060-04-11 12:00:00,2060,4,11,NA,6.37390168926226,18.3576482698717
2060-04-12 12:00:00,2060,4,12,NA,5.8939348905215,21.4864876773541
2060-04-13 12:00:00,2060,4,13,NA,7.12218478792099,24.600472600942
2060-04-14 12:00:00,2060,4,14,NA,13.4494228096123,20.3321731116366
2060-04-15 12:00:00,2060,4,15,NA,7.97390386582272,18.6893098133266
2060-04-16 12:00:00,2060,4,16,NA,7.9924681779878,23.0429010904146
2060-04-17 12:00:00,2060,4,17,NA,5.3402114327075,22.7320151055877
2060-04-18 12:00:00,2060,4,18,NA,8.58765199551606,23.4749480574248
2060-04-19 12:00:00,2060,4,19,NA,11.3311452390439,19.588491392471
2060-04-20 12:00:00,2060,4,20,NA,9.75384675812745,24.4865528533273
2060-04-21 12:00:00,2060,4,21,NA,8.79359225498669,24.5750018554263
2060-04-22 12:00:00,2060,4,22,NA,10.1646845237385,23.4452152147681
2060-04-23 12:00:00,2060,4,23,NA,12.0341589770466,27.7457002228912
2060-04-24 12:00:00,2060,4,24,NA,14.0981398396486,23.9155519797342
2060-04-25 12:00:00,2060,4,25,NA,11.0742796522029,23.8914624077301
2060-04-26 12:00:00,2060,4,26,NA,12.1335589023745,22.7339792622058
2060-04-27 12:00:00,2060,4,27,NA,10.5252787917745,18.0944925255988
2060-04-28 12:00:00,2060,4,28,NA,8.47221358824299,23.1952850363829
2060-04-29 12:00:00,2060,4,29,NA,7.25101965550767,22.1792036175376
2060-04-30 12:00:00,2060,4,30,NA,7.4202730868156,21.558132133691
2060-05-01 12:00:00,2060,5,1,NA,8.75597242219039,22.488646239359
2060-05-02 12:00:00,2060,5,2,NA,7.77562579471974,25.1531659057227
2060-05-03 12:00:00,2060,5,3,NA,7.26360610028411,23.1219969189866
2060-05-04 12:00:00,2060,5,4,NA,9.83225848130827,24.1125798478082
2060-05-05 12:00:00,2060,5,5,NA,10.8575749042134,24.0140760157108
2060-05-06 12:00:00,2060,5,6,NA,13.3249957394859,27.4145344274929
2060-05-07 12:00:00,2060,5,7,NA,14.3069804008966,22.5109808836885
2060-05-08 12:00:00,2060,5,8,NA,14.7719040852792,23.8999863706472
2060-05-09 12:00:00,2060,5,9,NA,16.1114366804268,24.1789539725681
2060-05-10 12:00:00,2060,5,10,NA,14.8485760996058,26.956997054989
2060-05-11 12:00:00,2060,5,11,NA,13.8085364543651,27.9768544279399
2060-05-12 12:00:00,2060,5,12,NA,19.9713787048441,23.1994258017664
2060-05-13 12:00:00,2060,5,13,NA,20.3266683714693,24.2370831408028
2060-05-14 12:00:00,2060,5,14,NA,14.5869388300874,24.4127249799582
2060-05-15 12:00:00,2060,5,15,NA,14.5428983959494,22.3696628239969
2060-05-16 12:00:00,2060,5,16,NA,13.386424971421,25.7316973139562
2060-05-17 12:00:00,2060,5,17,NA,12.7325206116989,21.7002724877431
2060-05-18 12:00:00,2060,5,18,NA,12.042750810889,19.8766098660512
2060-05-19 12:00:00,2060,5,19,NA,12.5180081839393,24.1259999883458
2060-05-20 12:00:00,2060,5,20,NA,12.5058713182004,23.3230422145177
2060-05-21 12:00:00,2060,5,21,NA,15.1641969010387,17.9347744737466
2060-05-22 12:00:00,2060,5,22,NA,13.7263069798117,16.6836729280918
2060-05-23 12:00:00,2060,5,23,NA,12.1168695613387,20.9987414277671
2060-05-24 12:00:00,2060,5,24,NA,11.981966872453,26.2797720346843
2060-05-25 12:00:00,2060,5,25,NA,14.4068709664309,25.6626231416888
2060-05-26 12:00:00,2060,5,26,NA,16.4461892904094,26.9957907354497
2060-05-27 12:00:00,2060,5,27,NA,16.7548054091116,29.2718334747642
2060-05-28 12:00:00,2060,5,28,NA,15.4277617811855,26.4523830805378
2060-05-29 12:00:00,2060,5,29,NA,14.6882171357945,27.7341858238703
2060-05-30 12:00:00,2060,5,30,NA,15.0301095508594,25.9974875565996
2060-05-31 12:00:00,2060,5,31,NA,13.8575660686148,28.850164486516
2060-06-01 12:00:00,2060,6,1,NA,17.6311080876191,27.4179758011931
2060-06-02 12:00:00,2060,6,2,NA,17.1399488132246,29.5690419149673
2060-06-03 12:00:00,2060,6,3,NA,20.3419646927601,29.2825292599656
2060-06-04 12:00:00,2060,6,4,NA,21.6121684901871,23.7346364424581
2060-06-05 12:00:00,2060,6,5,NA,17.1697327133458,21.5989514354833
2060-06-06 12:00:00,2060,6,6,NA,15.5066961000542,24.4472606672596
2060-06-07 12:00:00,2060,6,7,NA,14.5675007279343,26.580763221378
2060-06-08 12:00:00,2060,6,8,NA,16.8636065752537,26.9444507523292
2060-06-09 12:00:00,2060,6,9,NA,17.8207884611023,28.5854029555836
2060-06-10 12:00:00,2060,6,10,NA,17.8738497246063,27.9765199316268
2060-06-11 12:00:00,2060,6,11,NA,18.295076890205,29.9686311527355
2060-06-12 12:00:00,2060,6,12,NA,21.180733562529,30.2637719251272
2060-06-13 12:00:00,2060,6,13,NA,19.9928278097241,31.4868974974814
2060-06-14 12:00:00,2060,6,14,NA,21.5061452186119,31.1042072915679
2060-06-15 12:00:00,2060,6,15,NA,21.1058076024113,34.5145549798184
2060-06-16 12:00:00,2060,6,16,NA,24.9975813497415,29.1185723121208
2060-06-17 12:00:00,2060,6,17,NA,22.0653242308035,29.8386666738485
2060-06-18 12:00:00,2060,6,18,NA,19.9726665634286,31.6488348137418
2060-06-19 12:00:00,2060,6,19,NA,18.9835147676987,30.0702863040196
2060-06-20 12:00:00,2060,6,20,NA,23.5110809715521,26.8047004503025
2060-06-21 12:00:00,2060,6,21,NA,20.4899885015378,29.4928566559678
2060-06-22 12:00:00,2060,6,22,NA,18.3553709730598,33.7471972110007
2060-06-23 12:00:00,2060,6,23,NA,19.9433256601312,31.4070343374303
2060-06-24 12:00:00,2060,6,24,NA,21.8552673233521,30.9311136426543
2060-06-25 12:00:00,2060,6,25,NA,20.3235394825663,34.8303464775331
2060-06-26 12:00:00,2060,6,26,NA,20.9411096479646,32.0643169591914
2060-06-27 12:00:00,2060,6,27,NA,22.021311660722,25.760260251088
2060-06-28 12:00:00,2060,6,28,NA,19.6832119110429,28.1381796260101
2060-06-29 12:00:00,2060,6,29,NA,20.4284536250697,30.9528902832045
2060-06-30 12:00:00,2060,6,30,NA,20.7887150235918,31.8811549490113
2060-07-01 12:00:00,2060,7,1,NA,18.8973778135812,27.3523455285483
2060-07-02 12:00:00,2060,7,2,NA,21.0038956503779,29.0474129879294
2060-07-03 12:00:00,2060,7,3,NA,21.47288390457,31.4123012463395
2060-07-04 12:00:00,2060,7,4,NA,22.6487793942034,29.4757249374475
2060-07-05 12:00:00,2060,7,5,NA,22.3734635954413,28.379174390014
2060-07-06 12:00:00,2060,7,6,NA,23.2072449529821,31.9542066528038
2060-07-07 12:00:00,2060,7,7,NA,24.1200105040423,33.7395246936151
2060-07-08 12:00:00,2060,7,8,NA,25.0148974156051,33.9206110886563
2060-07-09 12:00:00,2060,7,9,NA,22.8087346995938,30.828146591332
2060-07-10 12:00:00,2060,7,10,NA,23.8089381139515,33.5077888012697
2060-07-11 12:00:00,2060,7,11,NA,22.8128792812112,30.6003031380849
2060-07-12 12:00:00,2060,7,12,NA,22.6182175085653,27.7775104724127
2060-07-13 12:00:00,2060,7,13,NA,24.3088944443777,31.8974244513056
2060-07-14 12:00:00,2060,7,14,NA,23.7720651202787,28.6063290613087
2060-07-15 12:00:00,2060,7,15,NA,23.7947460902222,30.7958466459226
2060-07-16 12:00:00,2060,7,16,NA,23.2802776597864,33.6856244537606
2060-07-17 12:00:00,2060,7,17,NA,21.9750552483279,33.0557454787985
2060-07-18 12:00:00,2060,7,18,NA,22.4479439545229,29.8594426361596
2060-07-19 12:00:00,2060,7,19,NA,20.0299056264533,25.5519900213377
2060-07-20 12:00:00,2060,7,20,NA,20.3623151760351,26.5394094106758
2060-07-21 12:00:00,2060,7,21,NA,19.2288514065378,26.0426595817871
2060-07-22 12:00:00,2060,7,22,NA,22.5648739637879,27.5074458851133
2060-07-23 12:00:00,2060,7,23,NA,23.1183891656268,27.2998666809074
2060-07-24 12:00:00,2060,7,24,NA,24.2720101705785,25.8583669851022
2060-07-25 12:00:00,2060,7,25,NA,27.1842871789707,32.4007122795365
2060-07-26 12:00:00,2060,7,26,NA,29.1421226585864,35.0443870034496
2060-07-27 12:00:00,2060,7,27,NA,28.4066060761696,30.7230414604385
2060-07-28 12:00:00,2060,7,28,NA,24.5378863813887,28.7840196783333
2060-07-29 12:00:00,2060,7,29,NA,22.0319936823143,29.3669602740374
2060-07-30 12:00:00,2060,7,30,NA,22.3001991361207,29.4022905586847
2060-07-31 12:00:00,2060,7,31,NA,25.4392238730164,33.0841267000726
2060-08-01 12:00:00,2060,8,1,NA,24.6565440921193,32.2450740990473
2060-08-02 12:00:00,2060,8,2,NA,23.9015408187091,32.6185264636929
2060-08-03 12:00:00,2060,8,3,NA,25.3944250823185,32.7087649725854
2060-08-04 12:00:00,2060,8,4,NA,26.2856232505081,33.0314744820765
2060-08-05 12:00:00,2060,8,5,NA,25.0034095680887,31.9559734832434
2060-08-06 12:00:00,2060,8,6,NA,26.010513862893,32.7426384244531
2060-08-07 12:00:00,2060,8,7,NA,24.3314700394089,33.7444741602561
2060-08-08 12:00:00,2060,8,8,NA,24.9347228941539,33.9107504166686
2060-08-09 12:00:00,2060,8,9,NA,23.5250927628775,31.6869846235284
2060-08-10 12:00:00,2060,8,10,NA,24.0667347686658,36.6532208370277
2060-08-11 12:00:00,2060,8,11,NA,25.0073303347876,37.3938523245489
2060-08-12 12:00:00,2060,8,12,NA,26.1362204542072,37.5739774934046
2060-08-13 12:00:00,2060,8,13,NA,26.3337119342538,36.4267602086714
2060-08-14 12:00:00,2060,8,14,NA,25.2205696104169,35.7843941673875
2060-08-15 12:00:00,2060,8,15,NA,22.4945357054535,31.6714492931471
2060-08-16 12:00:00,2060,8,16,NA,23.1151069971594,33.1974304097658
2060-08-17 12:00:00,2060,8,17,NA,24.1365537071733,32.8892459490468
2060-08-18 12:00:00,2060,8,18,NA,24.829351943957,32.6308957849451
2060-08-19 12:00:00,2060,8,19,NA,25.5728813554011,34.9878976976162
2060-08-20 12:00:00,2060,8,20,NA,28.244437621875,34.1217708033841
2060-08-21 12:00:00,2060,8,21,NA,27.0584174177705,32.1915853941395
2060-08-22 12:00:00,2060,8,22,NA,27.7930629562054,32.0133960709582
2060-08-23 12:00:00,2060,8,23,NA,23.5182953067769,26.1984096400064
2060-08-24 12:00:00,2060,8,24,NA,21.1135976558958,23.3066043398577
2060-08-25 12:00:00,2060,8,25,NA,17.684758535129,24.4166209364204
2060-08-26 12:00:00,2060,8,26,NA,16.8457846509933,23.7810886193096
2060-08-27 12:00:00,2060,8,27,NA,17.94401294825,27.8308573841257
2060-08-28 12:00:00,2060,8,28,NA,18.7536175632131,26.0085169016253
2060-08-29 12:00:00,2060,8,29,NA,14.6712108870557,21.6703824801246
2060-08-30 12:00:00,2060,8,30,NA,19.1819692064842,22.5424862995763
2060-08-31 12:00:00,2060,8,31,NA,19.4722522426634,25.6144422570999
2060-09-01 12:00:00,2060,9,1,NA,19.7968199693666,25.7875094206356
2060-09-02 12:00:00,2060,9,2,NA,18.3073664876277,24.0661176164933
2060-09-03 12:00:00,2060,9,3,NA,18.949114696725,27.3222998765116
2060-09-04 12:00:00,2060,9,4,NA,19.1063382912766,23.3304343869266
2060-09-05 12:00:00,2060,9,5,NA,20.6977022936487,24.5450086195713
2060-09-06 12:00:00,2060,9,6,NA,20.6624830245164,25.5291623583958
2060-09-07 12:00:00,2060,9,7,NA,18.3988680309892,31.1956444797612
2060-09-08 12:00:00,2060,9,8,NA,19.0332332774148,32.0371854097969
2060-09-09 12:00:00,2060,9,9,NA,19.1684457473304,28.7254931575036
2060-09-10 12:00:00,2060,9,10,NA,20.4330421877421,28.7088051921645
2060-09-11 12:00:00,2060,9,11,NA,16.6090196306076,26.7092537111473
2060-09-12 12:00:00,2060,9,12,NA,16.3966166736222,29.8222373465005
2060-09-13 12:00:00,2060,9,13,NA,14.228919940618,29.5846934485744
2060-09-14 12:00:00,2060,9,14,NA,17.4125021483924,29.0324799041809
2060-09-15 12:00:00,2060,9,15,NA,18.4560819809078,27.578785632254
2060-09-16 12:00:00,2060,9,16,NA,19.7446580271471,23.9569882595836
2060-09-17 12:00:00,2060,9,17,NA,17.3320037830347,27.8766073101475
2060-09-18 12:00:00,2060,9,18,NA,17.8359532184856,28.8245009995577
2060-09-19 12:00:00,2060,9,19,NA,15.2564523411691,28.6764702214796
2060-09-20 12:00:00,2060,9,20,NA,15.3588608483196,30.3543849810951
2060-09-21 12:00:00,2060,9,21,NA,13.1992979361966,28.8632963678029
2060-09-22 12:00:00,2060,9,22,NA,15.6848308123755,31.3488292439817
2060-09-23 12:00:00,2060,9,23,NA,17.5702732806466,30.0338062354518
2060-09-24 12:00:00,2060,9,24,NA,18.5027120966059,28.0890106060549
2060-09-25 12:00:00,2060,9,25,NA,20.8833493734491,30.8133291903418
2060-09-26 12:00:00,2060,9,26,NA,18.9523507781011,32.069516157945
2060-09-27 12:00:00,2060,9,27,NA,21.260091842801,29.2042724744481
2060-09-28 12:00:00,2060,9,28,NA,19.1446584846611,30.6423058976551
2060-09-29 12:00:00,2060,9,29,NA,19.4910113560194,24.1908493829574
2060-09-30 12:00:00,2060,9,30,NA,17.4644429481894,27.0534943530109
2060-10-01 12:00:00,2060,10,1,NA,15.1148206342011,26.4390422200639
2060-10-02 12:00:00,2060,10,2,NA,14.2176541763636,23.2283832134563
2060-10-03 12:00:00,2060,10,3,NA,12.4144194995749,23.1005791918061
2060-10-04 12:00:00,2060,10,4,NA,12.316914120596,25.2375871627563
2060-10-05 12:00:00,2060,10,5,NA,12.3279283706382,24.6784918650445
2060-10-06 12:00:00,2060,10,6,NA,14.6603447802422,19.4672052849717
2060-10-07 12:00:00,2060,10,7,NA,12.5415600988889,23.0543267971373
2060-10-08 12:00:00,2060,10,8,NA,13.6668775471743,24.2453467772028
2060-10-09 12:00:00,2060,10,9,NA,12.3423081735738,25.9965520209142
2060-10-10 12:00:00,2060,10,10,NA,11.0761743316619,22.2105254131012
2060-10-11 12:00:00,2060,10,11,NA,10.0818165531715,24.6664405483701
2060-10-12 12:00:00,2060,10,12,NA,12.3810582756639,26.1758131082294
2060-10-13 12:00:00,2060,10,13,NA,14.4911054863208,23.1117054537268
2060-10-14 12:00:00,2060,10,14,NA,15.1410228913536,23.2760043082967
2060-10-15 12:00:00,2060,10,15,NA,13.2139464811937,26.3581189848822
2060-10-16 12:00:00,2060,10,16,NA,16.9870786984701,19.2793591535217
2060-10-17 12:00:00,2060,10,17,NA,14.7520506833763,17.8400524450118
2060-10-18 12:00:00,2060,10,18,NA,11.0432601868759,19.0094591298638
2060-10-19 12:00:00,2060,10,19,NA,10.2432139896375,22.972949104872
2060-10-20 12:00:00,2060,10,20,NA,14.0073845803468,34.3514779724827
2060-10-21 12:00:00,2060,10,21,NA,14.9846808771979,32.8925499141323
2060-10-22 12:00:00,2060,10,22,NA,14.9368668700492,31.8795689881144
2060-10-23 12:00:00,2060,10,23,NA,15.3980305603455,30.7524266895446
2060-10-24 12:00:00,2060,10,24,NA,17.3405112032897,22.2055745578186
2060-10-25 12:00:00,2060,10,25,NA,12.6145390103501,23.9983613029903
2060-10-26 12:00:00,2060,10,26,NA,11.7796897741785,25.0549740748435
2060-10-27 12:00:00,2060,10,27,NA,5.38875063009941,20.985296182101
2060-10-28 12:00:00,2060,10,28,NA,11.1773263793386,23.0831220418387
2060-10-29 12:00:00,2060,10,29,NA,8.64437524246571,21.7675550212176
2060-10-30 12:00:00,2060,10,30,NA,9.57191395520335,24.156537950402
2060-10-31 12:00:00,2060,10,31,NA,10.7993076001296,25.4831969359782
2060-11-01 12:00:00,2060,11,1,NA,10.8606546211502,22.9696195668763
2060-11-02 12:00:00,2060,11,2,NA,7.64622079130018,18.2720511890169
2060-11-03 12:00:00,2060,11,3,NA,6.57441620274621,16.6442967198016
2060-11-04 12:00:00,2060,11,4,NA,4.59241917752059,14.662299694576
2060-11-05 12:00:00,2060,11,5,NA,4.13725437088343,12.9262698289905
2060-11-06 12:00:00,2060,11,6,NA,6.32733300559928,12.9407730878926
2060-11-07 12:00:00,2060,11,7,NA,5.76861369824035,17.3073784902952
2060-11-08 12:00:00,2060,11,8,NA,5.08470891224363,20.051719362109
2060-11-09 12:00:00,2060,11,9,NA,9.2010082061675,22.4104394726575
2060-11-10 12:00:00,2060,11,10,NA,8.93133751624757,19.2958745324368
2060-11-11 12:00:00,2060,11,11,NA,10.0646879002841,20.4101739157689
2060-11-12 12:00:00,2060,11,12,NA,6.26894787257897,18.9789549143091
2060-11-13 12:00:00,2060,11,13,NA,7.22216437180118,15.8085020485443
2060-11-14 12:00:00,2060,11,14,NA,4.68784906468075,16.3032884135609
2060-11-15 12:00:00,2060,11,15,NA,2.37205075062114,16.5082883055122
2060-11-16 12:00:00,2060,11,16,NA,7.14884457080225,18.112060350964
2060-11-17 12:00:00,2060,11,17,NA,7.62695337979604,17.9846335712812
2060-11-18 12:00:00,2060,11,18,NA,4.73541480368427,17.9721023422062
2060-11-19 12:00:00,2060,11,19,NA,3.11781587503651,17.8229749953513
2060-11-20 12:00:00,2060,11,20,NA,3.00743943845937,15.3163904944408
2060-11-21 12:00:00,2060,11,21,NA,2.79658227818381,17.5017413984986
2060-11-22 12:00:00,2060,11,22,NA,3.79933148776413,19.233319452301
2060-11-23 12:00:00,2060,11,23,NA,6.89199997174284,20.0322234920998
2060-11-24 12:00:00,2060,11,24,NA,5.13579252542628,16.1221389803993
2060-11-25 12:00:00,2060,11,25,NA,5.60760920984185,17.4076757218911
2060-11-26 12:00:00,2060,11,26,NA,5.62924596930544,19.3128052717356
2060-11-27 12:00:00,2060,11,27,NA,7.25108554565132,17.4338792844209
2060-11-28 12:00:00,2060,11,28,NA,1.4590590549552,19.0107070735187
2060-11-29 12:00:00,2060,11,29,NA,1.5603073727141,20.3112445940534
2060-11-30 12:00:00,2060,11,30,NA,5.01934694714955,18.0489524858938
2060-12-01 12:00:00,2060,12,1,NA,4.22674230063961,17.1061441371263
2060-12-02 12:00:00,2060,12,2,NA,3.23204994033357,13.4032802720784
2060-12-03 12:00:00,2060,12,3,NA,1.50288581358568,7.02010441286091
2060-12-04 12:00:00,2060,12,4,NA,6.53308406405949,12.5183847202866
2060-12-05 12:00:00,2060,12,5,NA,2.41239950663713,8.397760252225
2060-12-06 12:00:00,2060,12,6,NA,1.03845215164307,10.6580395183685
2060-12-07 12:00:00,2060,12,7,NA,-0.420394635740856,10.8936828029491
2060-12-08 12:00:00,2060,12,8,NA,1.62276285579919,9.41874864257404
2060-12-09 12:00:00,2060,12,9,NA,0.431590773044021,13.9575324080211
2060-12-10 12:00:00,2060,12,10,NA,1.38308693908894,15.1302893970622
2060-12-11 12:00:00,2060,12,11,NA,-2.30957306164614,9.83059671806028
2060-12-12 12:00:00,2060,12,12,NA,1.20297562100649,8.61385620162925
2060-12-13 12:00:00,2060,12,13,NA,1.54469444463707,9.54954519361074
2060-12-14 12:00:00,2060,12,14,NA,0.710605520690125,7.59219785612914
2060-12-15 12:00:00,2060,12,15,NA,-2.92477607813117,8.31289683152556
2060-12-16 12:00:00,2060,12,16,NA,0.244121168400715,10.7026315605933
2060-12-17 12:00:00,2060,12,17,NA,-1.5600119649375,4.5261113121565
2060-12-18 12:00:00,2060,12,18,NA,-5.21305124570888,2.93492215597296
2060-12-19 12:00:00,2060,12,19,NA,-6.77842396912431,1.71969723910278
2060-12-20 12:00:00,2060,12,20,NA,-4.47626650833937,7.36446292093128
2060-12-21 12:00:00,2060,12,21,NA,-4.67665655137313,9.66179591978197
2060-12-22 12:00:00,2060,12,22,NA,-2.93378582174605,10.3104454487711
2060-12-23 12:00:00,2060,12,23,NA,-1.25058713265968,5.82312848730694
2060-12-24 12:00:00,2060,12,24,NA,-2.61878956479853,8.66970045175517
2060-12-25 12:00:00,2060,12,25,NA,-4.29885259289105,6.01964412322451
2060-12-26 12:00:00,2060,12,26,NA,-4.95328604593282,6.9408726017893
2060-12-27 12:00:00,2060,12,27,NA,-8.34513312493407,3.00936169225815
2060-12-28 12:00:00,2060,12,28,NA,-8.07418554785799,-0.219972616115911
2060-12-29 12:00:00,2060,12,29,NA,-10.2910547596402,2.48633563082748
2060-12-30 12:00:00,2060,12,30,NA,-7.11910434246754,3.78983540039509
2060-12-31 12:00:00,2060,12,31,NA,-5.39875420399217,6.74141557571425
2061-01-01 12:00:00,2061,1,1,NA,-6.99443891467788,2.38348567978079
2061-01-02 12:00:00,2061,1,2,NA,-4.07585733334085,5.13071423359602
2061-01-03 12:00:00,2061,1,3,NA,-3.77869297647683,8.39395901251416
2061-01-04 12:00:00,2061,1,4,NA,-11.1236766591805,0.439988234951072
2061-01-05 12:00:00,2061,1,5,NA,-7.01660466308038,5.6512936479455
2061-01-06 12:00:00,2061,1,6,NA,-6.4385208783482,9.97356561200303
2061-01-07 12:00:00,2061,1,7,NA,-6.70443368817534,6.80457208250469
2061-01-08 12:00:00,2061,1,8,NA,-1.28847276920276,8.52935797680462
2061-01-09 12:00:00,2061,1,9,NA,-1.33375225510257,4.87833003970438
2061-01-10 12:00:00,2061,1,10,NA,-0.439243125396161,6.74175088072315
2061-01-11 12:00:00,2061,1,11,NA,-0.542957351902373,5.99068831079297
2061-01-12 12:00:00,2061,1,12,NA,-4.99144839096269,-0.932298825376075
2061-01-13 12:00:00,2061,1,13,NA,-7.91461668916727,2.20877704468564
2061-01-14 12:00:00,2061,1,14,NA,-4.57835366063907,4.35147344285506
2061-01-15 12:00:00,2061,1,15,NA,-5.55267903193331,2.80739828983877
2061-01-16 12:00:00,2061,1,16,NA,-8.41468816294012,-0.589431463424083
2061-01-17 12:00:00,2061,1,17,NA,-9.83989747400767,4.09378117119747
2061-01-18 12:00:00,2061,1,18,NA,-6.48589313653356,0.94178162026709
2061-01-19 12:00:00,2061,1,19,NA,-9.04429752608967,2.47314664117496
2061-01-20 12:00:00,2061,1,20,NA,-5.61756095205123,4.00107244626948
2061-01-21 12:00:00,2061,1,21,NA,-7.93220925395489,2.72764322426108
2061-01-22 12:00:00,2061,1,22,NA,-10.0652573964884,-4.03623588737887
2061-01-23 12:00:00,2061,1,23,NA,-7.13274757093999,4.92868947303756
2061-01-24 12:00:00,2061,1,24,NA,-3.29854678085378,3.76629861125559
2061-01-25 12:00:00,2061,1,25,NA,-4.59345130086995,3.97565722314635
2061-01-26 12:00:00,2061,1,26,NA,-3.09873775244997,2.54880731282068
2061-01-27 12:00:00,2061,1,27,NA,-6.61404147258979,1.93339326260855
2061-01-28 12:00:00,2061,1,28,NA,-3.962496726032,6.30464049071756
2061-01-29 12:00:00,2061,1,29,NA,-2.39063670195922,6.17847182205708
2061-01-30 12:00:00,2061,1,30,NA,-3.62506713992714,5.77348639186123
2061-01-31 12:00:00,2061,1,31,NA,-3.86292522043941,5.17698039162077
2061-02-01 12:00:00,2061,2,1,NA,-2.14325105771926,6.21682626405282
2061-02-02 12:00:00,2061,2,2,NA,-0.476804791418507,8.29988246576827
2061-02-03 12:00:00,2061,2,3,NA,-2.893169201605,12.7789854627768
2061-02-04 12:00:00,2061,2,4,NA,-1.56035511965012,10.0697546904814
2061-02-05 12:00:00,2061,2,5,NA,-7.21478233776772,0.340614804388867
2061-02-06 12:00:00,2061,2,6,NA,-9.89182762678864,-4.13013627285328
2061-02-07 12:00:00,2061,2,7,NA,-9.12142176696204,-2.67210999086704
2061-02-08 12:00:00,2061,2,8,NA,-5.58925333958713,-1.80417737473729
2061-02-09 12:00:00,2061,2,9,NA,-2.37961769770644,2.33394786125769
2061-02-10 12:00:00,2061,2,10,NA,-0.660300413457822,7.36523288054335
2061-02-11 12:00:00,2061,2,11,NA,-2.49811274682725,10.4800005116458
2061-02-12 12:00:00,2061,2,12,NA,-2.6339774589089,9.94169870500712
2061-02-13 12:00:00,2061,2,13,NA,-1.07433084394576,2.93447073549013
2061-02-14 12:00:00,2061,2,14,NA,-2.42390725325664,7.2649555803012
2061-02-15 12:00:00,2061,2,15,NA,-2.77410938392861,13.8923435972423
2061-02-16 12:00:00,2061,2,16,NA,2.88230752254226,10.1696003952908
2061-02-17 12:00:00,2061,2,17,NA,-0.992064098164636,9.06161830265622
2061-02-18 12:00:00,2061,2,18,NA,-0.344590515620548,6.8693031444082
2061-02-19 12:00:00,2061,2,19,NA,-1.54420820052199,8.51653287727976
2061-02-20 12:00:00,2061,2,20,NA,1.81610823299213,13.4462180431236
2061-02-21 12:00:00,2061,2,21,NA,1.01310111586474,14.7628641593596
2061-02-22 12:00:00,2061,2,22,NA,2.57048093192147,14.5855612077852
2061-02-23 12:00:00,2061,2,23,NA,5.42901875114948,14.6933854311403
2061-02-24 12:00:00,2061,2,24,NA,0.877012035264608,5.0572444758812
2061-02-25 12:00:00,2061,2,25,NA,-2.24938105762503,10.6237489511426
2061-02-26 12:00:00,2061,2,26,NA,-2.07637556664877,11.9606436705713
2061-02-27 12:00:00,2061,2,27,NA,-1.63021529744492,12.6441664028291
2061-02-28 12:00:00,2061,2,28,NA,-2.57341261737057,5.64315419758754
2061-03-01 12:00:00,2061,3,1,NA,-2.55279453290076,7.13606830065707
2061-03-02 12:00:00,2061,3,2,NA,-1.41855841467842,15.2538777003575
2061-03-03 12:00:00,2061,3,3,NA,1.06169505597099,14.2819613906255
2061-03-04 12:00:00,2061,3,4,NA,-0.193370018580718,14.0429258317091
2061-03-05 12:00:00,2061,3,5,NA,-2.26972862443011,12.6541981180177
2061-03-06 12:00:00,2061,3,6,NA,-0.874953778395628,12.6142482314322
2061-03-07 12:00:00,2061,3,7,NA,-1.92134182631641,14.8243879703681
2061-03-08 12:00:00,2061,3,8,NA,-1.19466385078303,14.584708765413
2061-03-09 12:00:00,2061,3,9,NA,-1.85431692384665,15.2227448536971
2061-03-10 12:00:00,2061,3,10,NA,4.290157280242,19.6182963039087
2061-03-11 12:00:00,2061,3,11,NA,6.46168638281242,23.9513519768002
2061-03-12 12:00:00,2061,3,12,NA,12.249523554213,23.553909097125
2061-03-13 12:00:00,2061,3,13,NA,9.20612008663758,19.826404349331
2061-03-14 12:00:00,2061,3,14,NA,4.10082755835142,15.9223272561519
2061-03-15 12:00:00,2061,3,15,NA,3.97345491383923,14.131715948835
2061-03-16 12:00:00,2061,3,16,NA,2.6624036623624,17.6067552943565
2061-03-17 12:00:00,2061,3,17,NA,8.49244999590209,19.2967934134293
2061-03-18 12:00:00,2061,3,18,NA,6.05021243349661,17.9133811177965
2061-03-19 12:00:00,2061,3,19,NA,11.1077020576343,17.4650862891457
2061-03-20 12:00:00,2061,3,20,NA,11.2602694746605,16.4527065070946
2061-03-21 12:00:00,2061,3,21,NA,6.9735561971571,17.3582736738663
2061-03-22 12:00:00,2061,3,22,NA,9.7003964073533,18.7416403469164
2061-03-23 12:00:00,2061,3,23,NA,10.2933314658796,24.4317153831481
2061-03-24 12:00:00,2061,3,24,NA,6.859826029702,21.5108513518069
2061-03-25 12:00:00,2061,3,25,NA,7.89178189442298,21.881353024207
2061-03-26 12:00:00,2061,3,26,NA,10.1989828490386,22.3652821207632
2061-03-27 12:00:00,2061,3,27,NA,7.94436658153775,16.6934091665989
2061-03-28 12:00:00,2061,3,28,NA,7.07360887868106,21.5806805020897
2061-03-29 12:00:00,2061,3,29,NA,9.81484506798206,21.1986611496376
2061-03-30 12:00:00,2061,3,30,NA,6.65768607811364,15.8222481354979
2061-03-31 12:00:00,2061,3,31,NA,5.27849626336592,9.19411387640643
2061-04-01 12:00:00,2061,4,1,NA,5.95617865613479,13.2313022046636
2061-04-02 12:00:00,2061,4,2,NA,2.84332128163379,13.7191271549468
2061-04-03 12:00:00,2061,4,3,NA,2.3877066596044,9.16356177024893
2061-04-04 12:00:00,2061,4,4,NA,3.11693021808523,12.0581258868661
2061-04-05 12:00:00,2061,4,5,NA,4.37422957833281,20.076505689938
2061-04-06 12:00:00,2061,4,6,NA,8.09062610917877,21.873864331165
2061-04-07 12:00:00,2061,4,7,NA,6.8378568652169,15.2200047996405
2061-04-08 12:00:00,2061,4,8,NA,6.65420420102055,18.2144728905239
2061-04-09 12:00:00,2061,4,9,NA,8.30259034508599,19.4725123839453
2061-04-10 12:00:00,2061,4,10,NA,8.32953206622157,23.77875677761
2061-04-11 12:00:00,2061,4,11,NA,3.45662973991807,16.460408928429
2061-04-12 12:00:00,2061,4,12,NA,1.99169151720105,14.7718633614279
2061-04-13 12:00:00,2061,4,13,NA,0.901282270945241,17.5230812021684
2061-04-14 12:00:00,2061,4,14,NA,3.18145100774278,18.1809020397887
2061-04-15 12:00:00,2061,4,15,NA,7.23649997001669,22.879172103535
2061-04-16 12:00:00,2061,4,16,NA,7.99062076070051,20.6183300392984
2061-04-17 12:00:00,2061,4,17,NA,9.13822694415477,23.0469851380301
2061-04-18 12:00:00,2061,4,18,NA,10.973425610743,22.5374040283954
2061-04-19 12:00:00,2061,4,19,NA,11.4923846566881,21.8523111285942
2061-04-20 12:00:00,2061,4,20,NA,10.745608603485,25.3025534821679
2061-04-21 12:00:00,2061,4,21,NA,13.1840971911215,26.8621861558005
2061-04-22 12:00:00,2061,4,22,NA,13.1096832092022,24.7471035722031
2061-04-23 12:00:00,2061,4,23,NA,14.0108277842725,22.0102168319873
2061-04-24 12:00:00,2061,4,24,NA,9.11771800408298,26.3607031612745
2061-04-25 12:00:00,2061,4,25,NA,9.26099431855969,26.0007855575707
2061-04-26 12:00:00,2061,4,26,NA,8.90024894046926,24.3494736518577
2061-04-27 12:00:00,2061,4,27,NA,12.3401458310436,25.3889153246658
2061-04-28 12:00:00,2061,4,28,NA,13.088024521868,25.0174548516298
2061-04-29 12:00:00,2061,4,29,NA,12.623593719389,26.1241569958802
2061-04-30 12:00:00,2061,4,30,NA,11.2714759345647,28.227204825927
2061-05-01 12:00:00,2061,5,1,NA,11.4108650641547,28.2271886306286
2061-05-02 12:00:00,2061,5,2,NA,12.6439798096625,26.3476193872148
2061-05-03 12:00:00,2061,5,3,NA,13.3081185308292,25.737211632572
2061-05-04 12:00:00,2061,5,4,NA,16.0214742783811,26.8369262068828
2061-05-05 12:00:00,2061,5,5,NA,12.8489796515815,24.2182121673577
2061-05-06 12:00:00,2061,5,6,NA,11.8792876508113,24.6022548233205
2061-05-07 12:00:00,2061,5,7,NA,12.6270100994904,26.0630983925678
2061-05-08 12:00:00,2061,5,8,NA,13.4643558101085,20.4724329035661
2061-05-09 12:00:00,2061,5,9,NA,8.91169506871226,23.5797404998027
2061-05-10 12:00:00,2061,5,10,NA,10.595844333719,24.8093139273588
2061-05-11 12:00:00,2061,5,11,NA,14.2315634001064,28.5285578285497
2061-05-12 12:00:00,2061,5,12,NA,14.2091128586843,28.4134501389723
2061-05-13 12:00:00,2061,5,13,NA,13.1578918390064,26.3143929505038
2061-05-14 12:00:00,2061,5,14,NA,11.78030637923,25.5375659104077
2061-05-15 12:00:00,2061,5,15,NA,12.0316628398198,29.8061272242594
2061-05-16 12:00:00,2061,5,16,NA,11.7738658566764,25.9344469890941
2061-05-17 12:00:00,2061,5,17,NA,12.5362571906474,28.2782205044028
2061-05-18 12:00:00,2061,5,18,NA,13.2422991187349,27.9641620506607
2061-05-19 12:00:00,2061,5,19,NA,13.9699905610057,28.6380359920961
2061-05-20 12:00:00,2061,5,20,NA,12.4932992089373,23.1960271301787
2061-05-21 12:00:00,2061,5,21,NA,12.6655836083561,27.3014911146953
2061-05-22 12:00:00,2061,5,22,NA,14.1660141767433,23.1645192439108
2061-05-23 12:00:00,2061,5,23,NA,16.8068636277804,25.5992942056529
2061-05-24 12:00:00,2061,5,24,NA,15.1135909895563,27.5479129755516
2061-05-25 12:00:00,2061,5,25,NA,15.6014155216262,27.3581950642912
2061-05-26 12:00:00,2061,5,26,NA,14.7183189545212,20.4762535315647
2061-05-27 12:00:00,2061,5,27,NA,13.4439940099308,26.6621618244389
2061-05-28 12:00:00,2061,5,28,NA,18.6898301655178,21.9178772624401
2061-05-29 12:00:00,2061,5,29,NA,16.8671738594596,23.4959882744506
2061-05-30 12:00:00,2061,5,30,NA,14.9266065943478,28.7325156998404
2061-05-31 12:00:00,2061,5,31,NA,15.1300189367775,29.8518818687033
2061-06-01 12:00:00,2061,6,1,NA,14.1437282367864,26.57003420284
2061-06-02 12:00:00,2061,6,2,NA,14.2534176300771,19.5164424102146
2061-06-03 12:00:00,2061,6,3,NA,14.1856780611311,18.7154912192472
2061-06-04 12:00:00,2061,6,4,NA,12.8370520017703,23.7352840254641
2061-06-05 12:00:00,2061,6,5,NA,12.0174713221508,28.173903589196
2061-06-06 12:00:00,2061,6,6,NA,16.3493253889461,30.964163123378
2061-06-07 12:00:00,2061,6,7,NA,18.439078428122,27.3796429953274
2061-06-08 12:00:00,2061,6,8,NA,18.7688076501639,22.9093903723397
2061-06-09 12:00:00,2061,6,9,NA,16.9730178743861,27.9358626958892
2061-06-10 12:00:00,2061,6,10,NA,16.7033526310195,28.37690689355
2061-06-11 12:00:00,2061,6,11,NA,19.527429280714,27.6173323451471
2061-06-12 12:00:00,2061,6,12,NA,15.4555218984822,24.3960864656876
2061-06-13 12:00:00,2061,6,13,NA,15.9710587508781,27.7709684857829
2061-06-14 12:00:00,2061,6,14,NA,18.5415400906671,24.2264075679808
2061-06-15 12:00:00,2061,6,15,NA,22.9822459000591,27.0048459614301
2061-06-16 12:00:00,2061,6,16,NA,17.3310903112548,27.2022203516286
2061-06-17 12:00:00,2061,6,17,NA,18.3348723058019,29.400534405866
2061-06-18 12:00:00,2061,6,18,NA,21.2535751113874,30.6987097736177
2061-06-19 12:00:00,2061,6,19,NA,21.564598148745,30.5823750332957
2061-06-20 12:00:00,2061,6,20,NA,19.6913761886998,29.4423238841221
2061-06-21 12:00:00,2061,6,21,NA,18.6890441278931,30.7445790087234
2061-06-22 12:00:00,2061,6,22,NA,18.6055471747978,31.7095145900574
2061-06-23 12:00:00,2061,6,23,NA,20.1811178468143,30.1600818831011
2061-06-24 12:00:00,2061,6,24,NA,19.5330239337933,30.3380189397264
2061-06-25 12:00:00,2061,6,25,NA,22.3377887687665,30.5940515733746
2061-06-26 12:00:00,2061,6,26,NA,22.6771253140836,29.4684798329211
2061-06-27 12:00:00,2061,6,27,NA,23.9284816673414,29.985450423905
2061-06-28 12:00:00,2061,6,28,NA,23.6059899467916,34.7284972329747
2061-06-29 12:00:00,2061,6,29,NA,26.5191665934383,33.9722402800108
2061-06-30 12:00:00,2061,6,30,NA,27.5717757493367,30.6049551620476
2061-07-01 12:00:00,2061,7,1,NA,22.2014886318585,32.6223462698165
2061-07-02 12:00:00,2061,7,2,NA,21.9091521355703,31.9491380002625
2061-07-03 12:00:00,2061,7,3,NA,24.8682942680842,27.7968273837268
2061-07-04 12:00:00,2061,7,4,NA,22.9565941775011,26.6630696385273
2061-07-05 12:00:00,2061,7,5,NA,22.8942828081725,32.8049916600636
2061-07-06 12:00:00,2061,7,6,NA,23.1086127649241,32.8267119711958
2061-07-07 12:00:00,2061,7,7,NA,21.2834363978313,30.1449581937364
2061-07-08 12:00:00,2061,7,8,NA,21.193767999533,29.8016042051998
2061-07-09 12:00:00,2061,7,9,NA,21.3086445683778,25.4690990399825
2061-07-10 12:00:00,2061,7,10,NA,19.672407147313,27.9041161685821
2061-07-11 12:00:00,2061,7,11,NA,22.1330054090892,32.3162195387437
2061-07-12 12:00:00,2061,7,12,NA,23.3547929101135,34.8569893771486
2061-07-13 12:00:00,2061,7,13,NA,23.6683110678528,35.3254439124515
2061-07-14 12:00:00,2061,7,14,NA,23.2457339738979,34.6213063470748
2061-07-15 12:00:00,2061,7,15,NA,23.1588669982586,34.0862827471491
2061-07-16 12:00:00,2061,7,16,NA,23.8250194925334,34.5892559977456
2061-07-17 12:00:00,2061,7,17,NA,24.1749769889945,33.7068219969018
2061-07-18 12:00:00,2061,7,18,NA,24.1459530503972,33.8097899619422
2061-07-19 12:00:00,2061,7,19,NA,27.1574291433133,33.6850350600927
2061-07-20 12:00:00,2061,7,20,NA,26.0287546833315,33.6736575103877
2061-07-21 12:00:00,2061,7,21,NA,25.6231277304518,31.606765880062
2061-07-22 12:00:00,2061,7,22,NA,22.6453405442176,31.563759912645
2061-07-23 12:00:00,2061,7,23,NA,22.8186388777984,33.0600408386628
2061-07-24 12:00:00,2061,7,24,NA,22.4854990426748,30.1599955167194
2061-07-25 12:00:00,2061,7,25,NA,23.4895945680286,29.7079367878294
2061-07-26 12:00:00,2061,7,26,NA,22.7540325051194,29.9381740313552
2061-07-27 12:00:00,2061,7,27,NA,22.6797071795629,30.6409419937909
2061-07-28 12:00:00,2061,7,28,NA,23.2257783637625,28.887277449811
2061-07-29 12:00:00,2061,7,29,NA,23.534823682254,30.0114536174565
2061-07-30 12:00:00,2061,7,30,NA,22.884294179049,31.6877826982872
2061-07-31 12:00:00,2061,7,31,NA,22.3740047455601,29.7374091660849
2061-08-01 12:00:00,2061,8,1,NA,24.4908298180041,28.1088974445447
2061-08-02 12:00:00,2061,8,2,NA,22.7779693892522,29.6817301675893
2061-08-03 12:00:00,2061,8,3,NA,24.0139380827427,31.7146468316228
2061-08-04 12:00:00,2061,8,4,NA,22.9269068004657,28.219035454431
2061-08-05 12:00:00,2061,8,5,NA,22.3251485485379,29.635197178587
2061-08-06 12:00:00,2061,8,6,NA,21.0554591040781,29.9281429144558
2061-08-07 12:00:00,2061,8,7,NA,20.6147020279866,30.9248069483918
2061-08-08 12:00:00,2061,8,8,NA,21.5463433550078,28.6653910567566
2061-08-09 12:00:00,2061,8,9,NA,23.7372535799214,31.4175710018574
2061-08-10 12:00:00,2061,8,10,NA,21.3269176985866,28.5061786373054
2061-08-11 12:00:00,2061,8,11,NA,22.8637357012155,31.8879206019897
2061-08-12 12:00:00,2061,8,12,NA,24.7582730453401,34.7687087446458
2061-08-13 12:00:00,2061,8,13,NA,24.3601810393187,32.1650182348542
2061-08-14 12:00:00,2061,8,14,NA,24.8903443502134,34.983392624631
2061-08-15 12:00:00,2061,8,15,NA,25.6559482438054,29.4530069967069
2061-08-16 12:00:00,2061,8,16,NA,24.9533459182627,31.3208966885589
2061-08-17 12:00:00,2061,8,17,NA,26.3800528178391,35.7281241853866
2061-08-18 12:00:00,2061,8,18,NA,25.484660258239,35.1049177836964
2061-08-19 12:00:00,2061,8,19,NA,26.1373077668296,33.5720851252281
2061-08-20 12:00:00,2061,8,20,NA,26.0597744692012,32.779343651753
2061-08-21 12:00:00,2061,8,21,NA,23.526664102241,31.3378733191966
2061-08-22 12:00:00,2061,8,22,NA,22.7158667347323,31.6041194008486
2061-08-23 12:00:00,2061,8,23,NA,23.906868746153,32.5803313727092
2061-08-24 12:00:00,2061,8,24,NA,23.5769325435063,34.1583320234809
2061-08-25 12:00:00,2061,8,25,NA,24.8960422181521,34.7998308299772
2061-08-26 12:00:00,2061,8,26,NA,24.3487593225457,33.9128805757292
2061-08-27 12:00:00,2061,8,27,NA,26.3711500309302,30.4952259549071
2061-08-28 12:00:00,2061,8,28,NA,25.2942231592298,29.2441203495396
2061-08-29 12:00:00,2061,8,29,NA,24.3883650122824,32.0933837725615
2061-08-30 12:00:00,2061,8,30,NA,24.5553171953501,31.7700829255199
2061-08-31 12:00:00,2061,8,31,NA,24.3924787366068,33.4826894549345
2061-09-01 12:00:00,2061,9,1,NA,24.8171473279258,31.5462267306354
2061-09-02 12:00:00,2061,9,2,NA,23.0643380797709,30.6519929425265
2061-09-03 12:00:00,2061,9,3,NA,19.8836641887954,29.4774922374555
2061-09-04 12:00:00,2061,9,4,NA,18.6079350738807,22.2417560777245
2061-09-05 12:00:00,2061,9,5,NA,16.9868988869853,25.1614222484826
2061-09-06 12:00:00,2061,9,6,NA,16.7892457528771,28.9460205674224
2061-09-07 12:00:00,2061,9,7,NA,16.6359174863043,26.734454912552
2061-09-08 12:00:00,2061,9,8,NA,18.2598329438189,29.8798106996074
2061-09-09 12:00:00,2061,9,9,NA,21.1845709248057,25.5144275849094
2061-09-10 12:00:00,2061,9,10,NA,18.19806508584,24.5468755875515
2061-09-11 12:00:00,2061,9,11,NA,18.0928475800651,24.3509413032889
2061-09-12 12:00:00,2061,9,12,NA,16.8471785362202,21.7517460047877
2061-09-13 12:00:00,2061,9,13,NA,16.1448701229953,24.3766955989188
2061-09-14 12:00:00,2061,9,14,NA,17.6713971066336,23.3299649188484
2061-09-15 12:00:00,2061,9,15,NA,15.3035613422822,27.0596995207984
2061-09-16 12:00:00,2061,9,16,NA,16.4801593219733,28.041390174529
2061-09-17 12:00:00,2061,9,17,NA,18.8491852026918,28.8916409688192
2061-09-18 12:00:00,2061,9,18,NA,18.7180657677256,27.6291473268397
2061-09-19 12:00:00,2061,9,19,NA,21.2080477125156,23.9870282309742
2061-09-20 12:00:00,2061,9,20,NA,19.1418734569265,25.4885814277116
2061-09-21 12:00:00,2061,9,21,NA,17.7632087112115,27.1432393958727
2061-09-22 12:00:00,2061,9,22,NA,15.9015332105201,23.3221176235757
2061-09-23 12:00:00,2061,9,23,NA,13.0081787808181,22.3369172648099
2061-09-24 12:00:00,2061,9,24,NA,11.0597914723085,21.1600255528482
2061-09-25 12:00:00,2061,9,25,NA,13.2147117074179,24.3524668718896
2061-09-26 12:00:00,2061,9,26,NA,15.0724693278322,26.5072613374796
2061-09-27 12:00:00,2061,9,27,NA,16.475431589848,23.0359309497007
2061-09-28 12:00:00,2061,9,28,NA,14.7740581711442,23.9136326995146
2061-09-29 12:00:00,2061,9,29,NA,15.6737615181095,26.2182790241948
2061-09-30 12:00:00,2061,9,30,NA,12.5489085214565,25.8822952670819
2061-10-01 12:00:00,2061,10,1,NA,15.2744921663117,24.9856307184332
2061-10-02 12:00:00,2061,10,2,NA,15.9765149170952,26.2307654869987
2061-10-03 12:00:00,2061,10,3,NA,12.6055376479296,25.0303292201346
2061-10-04 12:00:00,2061,10,4,NA,13.8185456014733,26.6902739020337
2061-10-05 12:00:00,2061,10,5,NA,12.8082746814683,27.094631378615
2061-10-06 12:00:00,2061,10,6,NA,14.292704351448,28.7155473502356
2061-10-07 12:00:00,2061,10,7,NA,15.4837720991172,29.5701631924654
2061-10-08 12:00:00,2061,10,8,NA,14.2963105609256,28.5267483134396
2061-10-09 12:00:00,2061,10,9,NA,13.4102517800478,29.5430206980375
2061-10-10 12:00:00,2061,10,10,NA,13.1726989548717,26.9403016349657
2061-10-11 12:00:00,2061,10,11,NA,14.6283408329631,29.007204707436
2061-10-12 12:00:00,2061,10,12,NA,13.9678009022119,29.4431932331268
2061-10-13 12:00:00,2061,10,13,NA,13.3059848108601,25.8324165633999
2061-10-14 12:00:00,2061,10,14,NA,15.258749840757,23.768746503801
2061-10-15 12:00:00,2061,10,15,NA,8.98486760097471,22.523666919091
2061-10-16 12:00:00,2061,10,16,NA,9.17407035093911,24.4948543639229
2061-10-17 12:00:00,2061,10,17,NA,13.2486932902405,21.9071445981366
2061-10-18 12:00:00,2061,10,18,NA,11.6386879351841,23.4327782644126
2061-10-19 12:00:00,2061,10,19,NA,11.0122450378805,25.6326020416867
2061-10-20 12:00:00,2061,10,20,NA,11.5883352344055,24.7080979750328
2061-10-21 12:00:00,2061,10,21,NA,12.8711247457301,25.3583786448371
2061-10-22 12:00:00,2061,10,22,NA,11.7569335487344,23.6548623706351
2061-10-23 12:00:00,2061,10,23,NA,11.9351768449864,25.3134482122611
2061-10-24 12:00:00,2061,10,24,NA,11.7770505112298,24.6042763019151
2061-10-25 12:00:00,2061,10,25,NA,13.9604182841352,23.5343176351805
2061-10-26 12:00:00,2061,10,26,NA,11.460077653178,22.5944287346173
2061-10-27 12:00:00,2061,10,27,NA,9.28236103218721,20.8588858674439
2061-10-28 12:00:00,2061,10,28,NA,8.12675759218506,20.340228115153
2061-10-29 12:00:00,2061,10,29,NA,6.32468496239723,18.0733071254293
2061-10-30 12:00:00,2061,10,30,NA,9.35613708447039,16.7923894707299
2061-10-31 12:00:00,2061,10,31,NA,5.35856596042136,17.940893912931
2061-11-01 12:00:00,2061,11,1,NA,3.80399398557202,15.3329125375368
2061-11-02 12:00:00,2061,11,2,NA,5.94694206282618,15.4980474812992
2061-11-03 12:00:00,2061,11,3,NA,3.07321060768745,14.0438416424991
2061-11-04 12:00:00,2061,11,4,NA,4.23052598363859,19.9950720919848
2061-11-05 12:00:00,2061,11,5,NA,4.70736460643963,21.9112869023797
2061-11-06 12:00:00,2061,11,6,NA,6.79630780091273,23.6530754311006
2061-11-07 12:00:00,2061,11,7,NA,5.32222599535902,21.8479589802176
2061-11-08 12:00:00,2061,11,8,NA,4.86098671217572,20.0466498457741
2061-11-09 12:00:00,2061,11,9,NA,4.85628989309688,21.1082585152436
2061-11-10 12:00:00,2061,11,10,NA,1.63216896034483,15.0896981244118
2061-11-11 12:00:00,2061,11,11,NA,4.5512503889927,19.5085553772816
2061-11-12 12:00:00,2061,11,12,NA,4.6926769000063,19.6992027784783
2061-11-13 12:00:00,2061,11,13,NA,3.80899545640596,17.5032383004538
2061-11-14 12:00:00,2061,11,14,NA,3.43836277763966,20.6422850735798
2061-11-15 12:00:00,2061,11,15,NA,5.86267640381733,20.6165984649398
2061-11-16 12:00:00,2061,11,16,NA,6.1346618962375,19.5765152421175
2061-11-17 12:00:00,2061,11,17,NA,9.66399770771909,19.7958377257694
2061-11-18 12:00:00,2061,11,18,NA,11.187146830305,17.3914483999732
2061-11-19 12:00:00,2061,11,19,NA,7.58304202656766,17.7542723583125
2061-11-20 12:00:00,2061,11,20,NA,2.03374912509005,14.1199166125232
2061-11-21 12:00:00,2061,11,21,NA,6.32522091544753,13.4655267583324
2061-11-22 12:00:00,2061,11,22,NA,7.02367370172856,16.7275979798055
2061-11-23 12:00:00,2061,11,23,NA,7.37360965507552,14.4626193408273
2061-11-24 12:00:00,2061,11,24,NA,5.40076628790979,12.7558897910419
2061-11-25 12:00:00,2061,11,25,NA,8.09365603382989,16.2086252306772
2061-11-26 12:00:00,2061,11,26,NA,5.87089324405014,16.1063315091303
2061-11-27 12:00:00,2061,11,27,NA,3.07511334519733,13.3004464590122
2061-11-28 12:00:00,2061,11,28,NA,0.808098575398261,13.5493541205287
2061-11-29 12:00:00,2061,11,29,NA,1.36897023458707,17.0771173304593
2061-11-30 12:00:00,2061,11,30,NA,0.883613460753077,16.5917605566253
2061-12-01 12:00:00,2061,12,1,NA,2.53889757705122,19.0662771161391
2061-12-02 12:00:00,2061,12,2,NA,2.60437176887346,16.651823751339
2061-12-03 12:00:00,2061,12,3,NA,-0.808799175853275,11.2361819151755
2061-12-04 12:00:00,2061,12,4,NA,-0.469069685536848,7.69019668627784
2061-12-05 12:00:00,2061,12,5,NA,-1.70239510772995,10.0835012492396
2061-12-06 12:00:00,2061,12,6,NA,-1.62433000732442,9.5800365731858
2061-12-07 12:00:00,2061,12,7,NA,-0.850243998651321,10.7693768189008
2061-12-08 12:00:00,2061,12,8,NA,-3.14455152528335,8.77245328986695
2061-12-09 12:00:00,2061,12,9,NA,-3.01500636443825,12.5300175174762
2061-12-10 12:00:00,2061,12,10,NA,-0.745193516494124,8.59069658802727
2061-12-11 12:00:00,2061,12,11,NA,1.22898288112923,10.3230185471771
2061-12-12 12:00:00,2061,12,12,NA,0.0825789156189392,7.8785647023938
2061-12-13 12:00:00,2061,12,13,NA,-1.60424516757598,9.81688120230923
2061-12-14 12:00:00,2061,12,14,NA,4.0204295905534,12.4517467953148
2061-12-15 12:00:00,2061,12,15,NA,3.78906755039602,12.9044988056195
2061-12-16 12:00:00,2061,12,16,NA,7.50985546890509,12.9492262085892
2061-12-17 12:00:00,2061,12,17,NA,4.12939433819606,12.0525753220546
2061-12-18 12:00:00,2061,12,18,NA,3.74495203763795,12.3332799280726
2061-12-19 12:00:00,2061,12,19,NA,2.46963991634801,11.5744234323791
2061-12-20 12:00:00,2061,12,20,NA,-0.0973942049496443,13.246410512553
2061-12-21 12:00:00,2061,12,21,NA,0.316285427386269,14.184648459169
2061-12-22 12:00:00,2061,12,22,NA,0.667613456309842,12.1207869116493
2061-12-23 12:00:00,2061,12,23,NA,-0.77356666733027,13.38281261158
2061-12-24 12:00:00,2061,12,24,NA,0.0252517177917646,8.90934037670291
2061-12-25 12:00:00,2061,12,25,NA,-1.33939569801311,6.85729043213855
2061-12-26 12:00:00,2061,12,26,NA,-2.28037684887189,10.0029617057937
2061-12-27 12:00:00,2061,12,27,NA,-6.73301876270597,4.66279880989885
2061-12-28 12:00:00,2061,12,28,NA,-1.97027704209965,2.60957146701066
2061-12-29 12:00:00,2061,12,29,NA,-7.75832889600487,-2.62344298319875
2061-12-30 12:00:00,2061,12,30,NA,-6.25364724999977,-0.527748890575113
2061-12-31 12:00:00,2061,12,31,NA,-8.11251348454396,3.14202922532135
2062-01-01 12:00:00,2062,1,1,NA,-2.84737646641569,7.68367253321474
2062-01-02 12:00:00,2062,1,2,NA,-4.06101842237078,6.4980073823404
2062-01-03 12:00:00,2062,1,3,NA,-5.51986422668133,5.79598977232951
2062-01-04 12:00:00,2062,1,4,NA,-3.85219615735506,9.24540580267975
2062-01-05 12:00:00,2062,1,5,NA,-4.2348161264479,5.18291265555524
2062-01-06 12:00:00,2062,1,6,NA,-7.43186141098517,1.83242546264711
2062-01-07 12:00:00,2062,1,7,NA,-6.51959148705501,5.52768257662223
2062-01-08 12:00:00,2062,1,8,NA,-2.34306332846336,8.15599627488774
2062-01-09 12:00:00,2062,1,9,NA,-1.95656486871372,7.86626120742424
2062-01-10 12:00:00,2062,1,10,NA,-7.80092910622323,-1.77090448887328
2062-01-11 12:00:00,2062,1,11,NA,-9.3915779611548,-1.82365165565095
2062-01-12 12:00:00,2062,1,12,NA,-5.53544169672707,2.99979552384154
2062-01-13 12:00:00,2062,1,13,NA,-8.4364465570386,1.3803742362243
2062-01-14 12:00:00,2062,1,14,NA,-7.76248041859978,5.1994068281179
2062-01-15 12:00:00,2062,1,15,NA,-3.13953539454828,9.19718473111871
2062-01-16 12:00:00,2062,1,16,NA,-1.26345348381901,11.0748679656047
2062-01-17 12:00:00,2062,1,17,NA,1.70012503203716,12.0840335736281
2062-01-18 12:00:00,2062,1,18,NA,2.14834136837714,5.66359523431074
2062-01-19 12:00:00,2062,1,19,NA,1.06006537092233,6.65879463303637
2062-01-20 12:00:00,2062,1,20,NA,3.00376179446685,9.70826272060589
2062-01-21 12:00:00,2062,1,21,NA,1.10766124339693,10.0004114413203
2062-01-22 12:00:00,2062,1,22,NA,0.388720718440677,8.44397601155757
2062-01-23 12:00:00,2062,1,23,NA,0.830766085078742,10.1059778245532
2062-01-24 12:00:00,2062,1,24,NA,1.30828295135296,12.9749244510865
2062-01-25 12:00:00,2062,1,25,NA,0.504844189337664,11.5067478233117
2062-01-26 12:00:00,2062,1,26,NA,1.82673847983738,12.4865909580533
2062-01-27 12:00:00,2062,1,27,NA,0.75063297049542,12.2598853874285
2062-01-28 12:00:00,2062,1,28,NA,1.8328688779337,11.6504865578069
2062-01-29 12:00:00,2062,1,29,NA,2.5295636541651,11.4359790162209
2062-01-30 12:00:00,2062,1,30,NA,2.60663632782316,12.0358876459486
2062-01-31 12:00:00,2062,1,31,NA,-1.66023268652738,7.49673812274053
2062-02-01 12:00:00,2062,2,1,NA,-1.76081303427112,6.78662170092722
2062-02-02 12:00:00,2062,2,2,NA,2.17197003073334,6.51445922893273
2062-02-03 12:00:00,2062,2,3,NA,2.61686479237275,8.77585466769629
2062-02-04 12:00:00,2062,2,4,NA,1.84973248626977,9.80699707627341
2062-02-05 12:00:00,2062,2,5,NA,-0.96304773014124,15.4961144699985
2062-02-06 12:00:00,2062,2,6,NA,1.06520250949753,13.9383325182651
2062-02-07 12:00:00,2062,2,7,NA,6.50818588998834,16.9635481867141
2062-02-08 12:00:00,2062,2,8,NA,5.7754953330763,16.8600411204774
2062-02-09 12:00:00,2062,2,9,NA,3.60662924912154,12.6313102463347
2062-02-10 12:00:00,2062,2,10,NA,6.06048613588572,9.29754105194065
2062-02-11 12:00:00,2062,2,11,NA,3.48737851095394,12.645371355381
2062-02-12 12:00:00,2062,2,12,NA,5.15180040068024,15.62764461007
2062-02-13 12:00:00,2062,2,13,NA,5.25451018922199,11.6352143965264
2062-02-14 12:00:00,2062,2,14,NA,4.0402803225382,11.8075780326589
2062-02-15 12:00:00,2062,2,15,NA,1.53340245802727,13.5598051950093
2062-02-16 12:00:00,2062,2,16,NA,2.22486749575978,12.993490355772
2062-02-17 12:00:00,2062,2,17,NA,0.96721574117299,13.85483110516
2062-02-18 12:00:00,2062,2,18,NA,2.46331495499673,10.4084663503435
2062-02-19 12:00:00,2062,2,19,NA,3.93313678846818,8.9835197087314
2062-02-20 12:00:00,2062,2,20,NA,-1.93811552993112,4.23776323669979
2062-02-21 12:00:00,2062,2,21,NA,1.82973197157789,9.7945702905775
2062-02-22 12:00:00,2062,2,22,NA,2.88121331576848,10.5028265306948
2062-02-23 12:00:00,2062,2,23,NA,5.15423537478978,13.9411030603812
2062-02-24 12:00:00,2062,2,24,NA,2.97542430126031,11.3294173140536
2062-02-25 12:00:00,2062,2,25,NA,3.22284232870952,9.60354653601398
2062-02-26 12:00:00,2062,2,26,NA,-1.48791418020779,10.4872141796592
2062-02-27 12:00:00,2062,2,27,NA,4.73984849598185,13.4044754711851
2062-02-28 12:00:00,2062,2,28,NA,3.1794970596894,13.6836607981808
2062-03-01 12:00:00,2062,3,1,NA,0.998516554131574,8.55027984034705
2062-03-02 12:00:00,2062,3,2,NA,1.05591586961854,10.9167898406393
2062-03-03 12:00:00,2062,3,3,NA,-0.467403686790553,10.3117563588058
2062-03-04 12:00:00,2062,3,4,NA,-0.240858762608465,16.3733919830376
2062-03-05 12:00:00,2062,3,5,NA,0.349780084988595,17.5508274677304
2062-03-06 12:00:00,2062,3,6,NA,3.41489448993473,17.4815104546224
2062-03-07 12:00:00,2062,3,7,NA,2.90425385849356,11.444912135129
2062-03-08 12:00:00,2062,3,8,NA,2.38567078072898,4.77289746571214
2062-03-09 12:00:00,2062,3,9,NA,-1.25596067254575,12.2120510749821
2062-03-10 12:00:00,2062,3,10,NA,-0.263823525840944,15.6915989889423
2062-03-11 12:00:00,2062,3,11,NA,0.240355172372269,10.6536354222944
2062-03-12 12:00:00,2062,3,12,NA,0.331273370111037,8.66220336651412
2062-03-13 12:00:00,2062,3,13,NA,-0.407522526664462,6.29749251047277
2062-03-14 12:00:00,2062,3,14,NA,-0.395562347120828,8.57524534004498
2062-03-15 12:00:00,2062,3,15,NA,-3.89103500467215,14.1101483160052
2062-03-16 12:00:00,2062,3,16,NA,2.9283953470496,15.1254909080319
2062-03-17 12:00:00,2062,3,17,NA,3.1004154133655,16.1854467289803
2062-03-18 12:00:00,2062,3,18,NA,0.92905575412024,17.208374167946
2062-03-19 12:00:00,2062,3,19,NA,3.87046043242393,23.3397275824871
2062-03-20 12:00:00,2062,3,20,NA,5.39574620422782,23.7008584888464
2062-03-21 12:00:00,2062,3,21,NA,8.00915493996391,18.0987486477947
2062-03-22 12:00:00,2062,3,22,NA,9.80254952873664,21.6137969935611
2062-03-23 12:00:00,2062,3,23,NA,8.1794880034152,21.3021201068421
2062-03-24 12:00:00,2062,3,24,NA,5.2331188203868,17.0443662852112
2062-03-25 12:00:00,2062,3,25,NA,9.35784528796412,14.3777937490411
2062-03-26 12:00:00,2062,3,26,NA,8.57997269971316,20.5147855291839
2062-03-27 12:00:00,2062,3,27,NA,6.25506158952955,12.8982737096656
2062-03-28 12:00:00,2062,3,28,NA,3.60786866739133,16.0656878754431
2062-03-29 12:00:00,2062,3,29,NA,3.99816881457259,16.2401760773255
2062-03-30 12:00:00,2062,3,30,NA,2.51445639976809,14.5665446197324
2062-03-31 12:00:00,2062,3,31,NA,3.94130747801318,15.2169548012833
2062-04-01 12:00:00,2062,4,1,NA,3.83436217023397,20.7238660833057
2062-04-02 12:00:00,2062,4,2,NA,4.27318636977145,15.8184327155347
2062-04-03 12:00:00,2062,4,3,NA,4.47485609874982,15.3497634692577
2062-04-04 12:00:00,2062,4,4,NA,4.68325282290599,20.3920997166893
2062-04-05 12:00:00,2062,4,5,NA,3.88925824292533,15.8076871219226
2062-04-06 12:00:00,2062,4,6,NA,4.24421634406283,15.0737725921204
2062-04-07 12:00:00,2062,4,7,NA,7.96104738407653,16.5020593823835
2062-04-08 12:00:00,2062,4,8,NA,6.64725190367303,19.7604856627264
2062-04-09 12:00:00,2062,4,9,NA,2.45515311165259,20.4482991415464
2062-04-10 12:00:00,2062,4,10,NA,7.19765595750541,14.7040531050851
2062-04-11 12:00:00,2062,4,11,NA,6.9074805460675,20.774127934241
2062-04-12 12:00:00,2062,4,12,NA,9.40217270988585,20.0865470931061
2062-04-13 12:00:00,2062,4,13,NA,9.13473715241269,19.177526358283
2062-04-14 12:00:00,2062,4,14,NA,9.67096841940248,15.9434253011784
2062-04-15 12:00:00,2062,4,15,NA,9.4029226398404,19.6037475408079
2062-04-16 12:00:00,2062,4,16,NA,10.331460372781,25.2315883824016
2062-04-17 12:00:00,2062,4,17,NA,10.5050877332493,26.4126669324779
2062-04-18 12:00:00,2062,4,18,NA,10.3272577677452,29.2146907940216
2062-04-19 12:00:00,2062,4,19,NA,11.5341154953803,28.7753356707983
2062-04-20 12:00:00,2062,4,20,NA,8.97969137860424,26.4843651355204
2062-04-21 12:00:00,2062,4,21,NA,12.5443512148938,30.2998600602749
2062-04-22 12:00:00,2062,4,22,NA,13.2565190763195,24.1457398787389
2062-04-23 12:00:00,2062,4,23,NA,9.47312265202051,20.4063825963106
2062-04-24 12:00:00,2062,4,24,NA,10.4266521709673,20.7463209683329
2062-04-25 12:00:00,2062,4,25,NA,10.0794065991899,25.0075905612198
2062-04-26 12:00:00,2062,4,26,NA,11.3459703708613,28.2294973969423
2062-04-27 12:00:00,2062,4,27,NA,9.41371596442382,24.6832022832352
2062-04-28 12:00:00,2062,4,28,NA,10.7477644832751,23.3570281534242
2062-04-29 12:00:00,2062,4,29,NA,11.4418248517987,16.8082649105347
2062-04-30 12:00:00,2062,4,30,NA,10.395424976451,13.6105467297791
2062-05-01 12:00:00,2062,5,1,NA,8.72867005658842,22.3602863061788
2062-05-02 12:00:00,2062,5,2,NA,11.1012878890425,22.6874476869601
2062-05-03 12:00:00,2062,5,3,NA,11.3773064447065,24.5619740129053
2062-05-04 12:00:00,2062,5,4,NA,10.7791773507083,26.6114921364181
2062-05-05 12:00:00,2062,5,5,NA,11.2684878459517,27.3330863738118
2062-05-06 12:00:00,2062,5,6,NA,15.3320422237739,26.309422865917
2062-05-07 12:00:00,2062,5,7,NA,15.7121167359454,22.5650366245026
2062-05-08 12:00:00,2062,5,8,NA,14.0505079356068,25.5692480165594
2062-05-09 12:00:00,2062,5,9,NA,16.7507229373299,29.7506446043948
2062-05-10 12:00:00,2062,5,10,NA,17.9151474967532,31.6724070279309
2062-05-11 12:00:00,2062,5,11,NA,15.3134737126125,31.055437026368
2062-05-12 12:00:00,2062,5,12,NA,18.2766343778806,30.7029403439342
2062-05-13 12:00:00,2062,5,13,NA,14.9261275801337,26.6745390720261
2062-05-14 12:00:00,2062,5,14,NA,15.121119693893,24.8195543661891
2062-05-15 12:00:00,2062,5,15,NA,15.41781401776,27.69049592381
2062-05-16 12:00:00,2062,5,16,NA,15.1885259910392,24.8614857701325
2062-05-17 12:00:00,2062,5,17,NA,14.1312215246208,22.6699685415364
2062-05-18 12:00:00,2062,5,18,NA,12.5939604449706,24.7121853948095
2062-05-19 12:00:00,2062,5,19,NA,10.2343966080743,26.6294903153986
2062-05-20 12:00:00,2062,5,20,NA,10.5366326908805,24.6998021125699
2062-05-21 12:00:00,2062,5,21,NA,12.1307876944162,26.8175256156563
2062-05-22 12:00:00,2062,5,22,NA,12.4246927083978,26.4384459966164
2062-05-23 12:00:00,2062,5,23,NA,14.1510198994567,29.1847548818191
2062-05-24 12:00:00,2062,5,24,NA,15.3272348181512,28.9130381683347
2062-05-25 12:00:00,2062,5,25,NA,15.3903789126681,24.7844926699535
2062-05-26 12:00:00,2062,5,26,NA,17.846188082949,24.7049668888319
2062-05-27 12:00:00,2062,5,27,NA,16.2059703762762,27.9575370887437
2062-05-28 12:00:00,2062,5,28,NA,17.1928975072677,30.0039694582676
2062-05-29 12:00:00,2062,5,29,NA,16.2944417312544,22.6361388645262
2062-05-30 12:00:00,2062,5,30,NA,12.3107118446212,24.9805872542435
2062-05-31 12:00:00,2062,5,31,NA,15.8658438383185,26.0382605690971
2062-06-01 12:00:00,2062,6,1,NA,16.1684503869369,30.5693775969164
2062-06-02 12:00:00,2062,6,2,NA,18.3311350864301,31.5153078675255
2062-06-03 12:00:00,2062,6,3,NA,21.586809261938,30.9386563203451
2062-06-04 12:00:00,2062,6,4,NA,23.1090351275924,31.9574714835145
2062-06-05 12:00:00,2062,6,5,NA,19.8155435113329,32.4909593203498
2062-06-06 12:00:00,2062,6,6,NA,23.0798293514543,29.007293885294
2062-06-07 12:00:00,2062,6,7,NA,19.1072708694257,28.8582185648479
2062-06-08 12:00:00,2062,6,8,NA,20.9441158292042,27.6098474792022
2062-06-09 12:00:00,2062,6,9,NA,21.1066571171341,24.7222019409558
2062-06-10 12:00:00,2062,6,10,NA,18.1283476245321,28.9545359724702
2062-06-11 12:00:00,2062,6,11,NA,17.8910089739768,28.340622850308
2062-06-12 12:00:00,2062,6,12,NA,18.7210285640161,24.2395852584233
2062-06-13 12:00:00,2062,6,13,NA,19.6545131034903,26.140804765518
2062-06-14 12:00:00,2062,6,14,NA,19.1441437660594,26.0322552253193
2062-06-15 12:00:00,2062,6,15,NA,18.3449846213749,32.8517916163417
2062-06-16 12:00:00,2062,6,16,NA,20.0346814185355,29.3915813493218
2062-06-17 12:00:00,2062,6,17,NA,18.8712971834508,27.3151392270773
2062-06-18 12:00:00,2062,6,18,NA,18.2867300365698,24.9160800009974
2062-06-19 12:00:00,2062,6,19,NA,16.7615998942405,30.8746970336791
2062-06-20 12:00:00,2062,6,20,NA,17.9674435679805,31.6044964174974
2062-06-21 12:00:00,2062,6,21,NA,18.997237199516,32.0766528732273
2062-06-22 12:00:00,2062,6,22,NA,20.6609349005119,33.1546432650275
2062-06-23 12:00:00,2062,6,23,NA,21.7214614196713,28.7992329356572
2062-06-24 12:00:00,2062,6,24,NA,25.2139212476195,28.3455985104458
2062-06-25 12:00:00,2062,6,25,NA,23.7774070735687,29.8201367132051
2062-06-26 12:00:00,2062,6,26,NA,24.3700084387592,27.3865490224307
2062-06-27 12:00:00,2062,6,27,NA,21.061127665405,26.6887942490582
2062-06-28 12:00:00,2062,6,28,NA,21.8953006795324,25.9240121628502
2062-06-29 12:00:00,2062,6,29,NA,23.3838062343357,29.6938027741309
2062-06-30 12:00:00,2062,6,30,NA,21.4728318550513,33.9182811263593
2062-07-01 12:00:00,2062,7,1,NA,20.1228378033116,34.2328217231948
2062-07-02 12:00:00,2062,7,2,NA,21.494097971202,34.1543116367524
2062-07-03 12:00:00,2062,7,3,NA,21.3083629870963,29.7450687857348
2062-07-04 12:00:00,2062,7,4,NA,25.4189857420651,31.7614860765926
2062-07-05 12:00:00,2062,7,5,NA,23.2869911282684,31.8719714196171
2062-07-06 12:00:00,2062,7,6,NA,21.599770513993,26.2276794233759
2062-07-07 12:00:00,2062,7,7,NA,23.0397600885736,25.944364722043
2062-07-08 12:00:00,2062,7,8,NA,24.3925430184018,28.3168227207462
2062-07-09 12:00:00,2062,7,9,NA,20.0536988565602,23.1888922661219
2062-07-10 12:00:00,2062,7,10,NA,24.5936020845348,29.4291380333211
2062-07-11 12:00:00,2062,7,11,NA,25.2396492983365,34.1011710942416
2062-07-12 12:00:00,2062,7,12,NA,24.9204211110264,26.4410880690971
2062-07-13 12:00:00,2062,7,13,NA,22.000764750535,25.4549172758856
2062-07-14 12:00:00,2062,7,14,NA,21.7098705666242,27.7984332064519
2062-07-15 12:00:00,2062,7,15,NA,21.7688663019401,28.7456840919391
2062-07-16 12:00:00,2062,7,16,NA,21.5605720282939,27.4178018342054
2062-07-17 12:00:00,2062,7,17,NA,22.5853531248248,27.0961632892467
2062-07-18 12:00:00,2062,7,18,NA,23.200190370684,29.1470970776426
2062-07-19 12:00:00,2062,7,19,NA,23.4884836526954,30.1955039658029
2062-07-20 12:00:00,2062,7,20,NA,23.0793739240682,32.4703054433312
2062-07-21 12:00:00,2062,7,21,NA,23.7121536570254,33.2998311175577
2062-07-22 12:00:00,2062,7,22,NA,20.9102184167822,32.8489857059303
2062-07-23 12:00:00,2062,7,23,NA,22.5377781904654,33.3020146956776
2062-07-24 12:00:00,2062,7,24,NA,23.8711518347185,32.1109020999576
2062-07-25 12:00:00,2062,7,25,NA,23.9421425435988,32.8592945337613
2062-07-26 12:00:00,2062,7,26,NA,25.1806912400839,34.4085021780255
2062-07-27 12:00:00,2062,7,27,NA,25.5894551421061,33.4529244837771
2062-07-28 12:00:00,2062,7,28,NA,25.8290821925446,33.6925515342156
2062-07-29 12:00:00,2062,7,29,NA,25.3586258490847,31.8839064077332
2062-07-30 12:00:00,2062,7,30,NA,24.6915659711922,34.7169239981483
2062-07-31 12:00:00,2062,7,31,NA,27.7826462469923,31.7163150257975
2062-08-01 12:00:00,2062,8,1,NA,27.5361125751628,32.0469227395847
2062-08-02 12:00:00,2062,8,2,NA,26.692714373045,33.1684966865429
2062-08-03 12:00:00,2062,8,3,NA,25.5244358718908,30.3213974845073
2062-08-04 12:00:00,2062,8,4,NA,26.8029527478484,31.6166030445815
2062-08-05 12:00:00,2062,8,5,NA,24.6576937573624,31.3772629399142
2062-08-06 12:00:00,2062,8,6,NA,23.8105279653005,31.6119046733275
2062-08-07 12:00:00,2062,8,7,NA,22.9673740383795,34.4871236231103
2062-08-08 12:00:00,2062,8,8,NA,24.4203105837276,34.9774329100735
2062-08-09 12:00:00,2062,8,9,NA,22.750264851083,32.8397170493551
2062-08-10 12:00:00,2062,8,10,NA,22.7968216039155,33.3585571590027
2062-08-11 12:00:00,2062,8,11,NA,24.7687676597602,34.3664342936459
2062-08-12 12:00:00,2062,8,12,NA,26.2333943005881,34.3212105586428
2062-08-13 12:00:00,2062,8,13,NA,25.1445558022621,35.6094361680311
2062-08-14 12:00:00,2062,8,14,NA,25.9873113243025,36.3934955838445
2062-08-15 12:00:00,2062,8,15,NA,28.0047864811052,37.8809743962032
2062-08-16 12:00:00,2062,8,16,NA,27.5717676147672,36.2088729573258
2062-08-17 12:00:00,2062,8,17,NA,24.9806656063459,35.5759431775581
2062-08-18 12:00:00,2062,8,18,NA,26.1201898495453,36.7993863329731
2062-08-19 12:00:00,2062,8,19,NA,25.5238082579043,36.0829695548378
2062-08-20 12:00:00,2062,8,20,NA,23.6960360548578,31.6295004351811
2062-08-21 12:00:00,2062,8,21,NA,22.4615961387707,27.1642628724156
2062-08-22 12:00:00,2062,8,22,NA,21.9115770128488,23.090258310481
2062-08-23 12:00:00,2062,8,23,NA,22.9944776548718,26.7915364077732
2062-08-24 12:00:00,2062,8,24,NA,21.0984628046301,31.6708730996139
2062-08-25 12:00:00,2062,8,25,NA,24.658974876609,33.3022041522534
2062-08-26 12:00:00,2062,8,26,NA,25.2249963006883,33.245650760542
2062-08-27 12:00:00,2062,8,27,NA,25.8438612848241,31.8873289533954
2062-08-28 12:00:00,2062,8,28,NA,25.8099013171699,34.4610978705907
2062-08-29 12:00:00,2062,8,29,NA,25.2553860340436,32.3499105938106
2062-08-30 12:00:00,2062,8,30,NA,23.2058911124856,33.0605618632922
2062-08-31 12:00:00,2062,8,31,NA,25.8155124313263,31.8578765573227
2062-09-01 12:00:00,2062,9,1,NA,22.9437506626373,29.5743006293318
2062-09-02 12:00:00,2062,9,2,NA,21.8106148156033,31.3327599174331
2062-09-03 12:00:00,2062,9,3,NA,23.7324904513932,29.9706735583734
2062-09-04 12:00:00,2062,9,4,NA,25.4431129300343,31.0962641440033
2062-09-05 12:00:00,2062,9,5,NA,27.1287166768962,28.8896226299171
2062-09-06 12:00:00,2062,9,6,NA,23.8494114192644,32.1067561471692
2062-09-07 12:00:00,2062,9,7,NA,23.6794686529648,28.7525730855686
2062-09-08 12:00:00,2062,9,8,NA,20.8237497973282,24.6737208145067
2062-09-09 12:00:00,2062,9,9,NA,17.9945664718487,28.879059093724
2062-09-10 12:00:00,2062,9,10,NA,20.72202458755,27.8698669464416
2062-09-11 12:00:00,2062,9,11,NA,18.8119281234859,31.271040493383
2062-09-12 12:00:00,2062,9,12,NA,18.153929631186,29.0009652995837
2062-09-13 12:00:00,2062,9,13,NA,18.9953038201956,30.0596607250419
2062-09-14 12:00:00,2062,9,14,NA,18.0746481636566,28.2562176798578
2062-09-15 12:00:00,2062,9,15,NA,16.5650695050896,26.3993820476617
2062-09-16 12:00:00,2062,9,16,NA,16.7565067950573,28.1719279460551
2062-09-17 12:00:00,2062,9,17,NA,17.3166093948932,23.1946981107667
2062-09-18 12:00:00,2062,9,18,NA,17.9841855790444,22.8907837879756
2062-09-19 12:00:00,2062,9,19,NA,16.7851913178119,26.379019366472
2062-09-20 12:00:00,2062,9,20,NA,14.1182101863009,22.7495942233697
2062-09-21 12:00:00,2062,9,21,NA,13.6531450395757,24.2306206164129
2062-09-22 12:00:00,2062,9,22,NA,16.2394468489407,29.6579681767017
2062-09-23 12:00:00,2062,9,23,NA,18.396280186855,31.9448285996242
2062-09-24 12:00:00,2062,9,24,NA,17.5542082126604,30.9658287561507
2062-09-25 12:00:00,2062,9,25,NA,18.1342377335983,29.4584593194611
2062-09-26 12:00:00,2062,9,26,NA,15.5566225851871,23.8271784735518
2062-09-27 12:00:00,2062,9,27,NA,17.0207221074808,28.4413779495536
2062-09-28 12:00:00,2062,9,28,NA,18.0447411027824,27.8096102754905
2062-09-29 12:00:00,2062,9,29,NA,17.6692030750239,27.2941253400838
2062-09-30 12:00:00,2062,9,30,NA,19.4350663998468,21.3019956133663
2062-10-01 12:00:00,2062,10,1,NA,19.0998862167448,23.5367987038062
2062-10-02 12:00:00,2062,10,2,NA,17.0247049213013,25.4134787649535
2062-10-03 12:00:00,2062,10,3,NA,13.2871235929425,25.1538022746346
2062-10-04 12:00:00,2062,10,4,NA,14.3532845229605,27.7611284587976
2062-10-05 12:00:00,2062,10,5,NA,15.7143022495255,28.3935555192641
2062-10-06 12:00:00,2062,10,6,NA,15.990368529151,26.7692300191431
2062-10-07 12:00:00,2062,10,7,NA,12.3965172275357,22.6467804914094
2062-10-08 12:00:00,2062,10,8,NA,13.3859548527446,19.9767864276398
2062-10-09 12:00:00,2062,10,9,NA,10.849943077263,22.2128929507822
2062-10-10 12:00:00,2062,10,10,NA,12.6374626436138,24.000412517133
2062-10-11 12:00:00,2062,10,11,NA,13.7812733208585,27.1867959105254
2062-10-12 12:00:00,2062,10,12,NA,15.2263339896941,25.6138762028304
2062-10-13 12:00:00,2062,10,13,NA,14.8545219283776,21.7492193464812
2062-10-14 12:00:00,2062,10,14,NA,16.6935528015974,21.3266156530224
2062-10-15 12:00:00,2062,10,15,NA,15.7175317094578,27.0566271613217
2062-10-16 12:00:00,2062,10,16,NA,15.8486549510244,27.9832286105563
2062-10-17 12:00:00,2062,10,17,NA,16.1399383242879,28.0410586773947
2062-10-18 12:00:00,2062,10,18,NA,10.7150352429562,26.812829176417
2062-10-19 12:00:00,2062,10,19,NA,10.8087095409537,26.3213353647169
2062-10-20 12:00:00,2062,10,20,NA,9.09410775167247,24.7597367350698
2062-10-21 12:00:00,2062,10,21,NA,8.54260912060478,20.7797000578348
2062-10-22 12:00:00,2062,10,22,NA,10.4489787006119,17.9866945798415
2062-10-23 12:00:00,2062,10,23,NA,11.8677853640111,15.8731535905569
2062-10-24 12:00:00,2062,10,24,NA,8.78936820817988,21.9450582513769
2062-10-25 12:00:00,2062,10,25,NA,10.8234084673501,24.4143770230032
2062-10-26 12:00:00,2062,10,26,NA,12.5844818915165,26.6116924922031
2062-10-27 12:00:00,2062,10,27,NA,14.5147829764071,22.2228544508485
2062-10-28 12:00:00,2062,10,28,NA,14.6438398689023,20.9498588572799
2062-10-29 12:00:00,2062,10,29,NA,15.4792353364001,21.9083019532081
2062-10-30 12:00:00,2062,10,30,NA,13.2563773778788,19.6082818579908
2062-10-31 12:00:00,2062,10,31,NA,11.2984074762913,18.6005934558235
2062-11-01 12:00:00,2062,11,1,NA,8.2715401372327,21.2062671673459
2062-11-02 12:00:00,2062,11,2,NA,13.363028790814,16.2414948645407
2062-11-03 12:00:00,2062,11,3,NA,13.998994438662,15.1446416295296
2062-11-04 12:00:00,2062,11,4,NA,11.2368372523692,15.257056727955
2062-11-05 12:00:00,2062,11,5,NA,7.08986618023237,13.8124543019782
2062-11-06 12:00:00,2062,11,6,NA,8.24111459582129,14.8545546781146
2062-11-07 12:00:00,2062,11,7,NA,8.39761717770593,13.6824335359756
2062-11-08 12:00:00,2062,11,8,NA,7.33046629106084,17.4350572477794
2062-11-09 12:00:00,2062,11,9,NA,8.02232068813521,20.2296357708037
2062-11-10 12:00:00,2062,11,10,NA,7.17019046137759,19.6122050148173
2062-11-11 12:00:00,2062,11,11,NA,3.31329385033373,16.6320310259337
2062-11-12 12:00:00,2062,11,12,NA,7.18166106132239,15.2562801106118
2062-11-13 12:00:00,2062,11,13,NA,5.43385589362433,6.98412572344677
2062-11-14 12:00:00,2062,11,14,NA,0.656351470501508,11.5079146455858
2062-11-15 12:00:00,2062,11,15,NA,3.00833958686727,6.57143918077108
2062-11-16 12:00:00,2062,11,16,NA,2.57776352136129,7.74604634376482
2062-11-17 12:00:00,2062,11,17,NA,0.062813109055436,11.1569831717151
2062-11-18 12:00:00,2062,11,18,NA,-0.884773116784128,6.46986196426412
2062-11-19 12:00:00,2062,11,19,NA,0.30149036332045,5.46266622850614
2062-11-20 12:00:00,2062,11,20,NA,1.07960878114712,6.24046408578497
2062-11-21 12:00:00,2062,11,21,NA,-0.723400871588658,9.70866915440329
2062-11-22 12:00:00,2062,11,22,NA,3.85684791456875,17.4680019779672
2062-11-23 12:00:00,2062,11,23,NA,2.69414826966948,16.9372850807632
2062-11-24 12:00:00,2062,11,24,NA,5.08193161780269,19.7870907381175
2062-11-25 12:00:00,2062,11,25,NA,5.72176528030584,18.1213833263739
2062-11-26 12:00:00,2062,11,26,NA,8.97808232011682,19.7147708686664
2062-11-27 12:00:00,2062,11,27,NA,7.21561635646565,12.7900764866996
2062-11-28 12:00:00,2062,11,28,NA,6.1687476779632,18.9419867606151
2062-11-29 12:00:00,2062,11,29,NA,5.93854350252855,19.873255117488
2062-11-30 12:00:00,2062,11,30,NA,2.33352704723167,13.2967428273935
2062-12-01 12:00:00,2062,12,1,NA,1.64517651815625,12.0083405319391
2062-12-02 12:00:00,2062,12,2,NA,-4.28741514622244,5.38909418301624
2062-12-03 12:00:00,2062,12,3,NA,-4.81856091774558,2.59231966287718
2062-12-04 12:00:00,2062,12,4,NA,-2.6171905558906,6.53529605797186
2062-12-05 12:00:00,2062,12,5,NA,-4.35298738986609,6.76373364660553
2062-12-06 12:00:00,2062,12,6,NA,-3.32295871857536,9.15737224731573
2062-12-07 12:00:00,2062,12,7,NA,-3.16325366188636,11.4811347868697
2062-12-08 12:00:00,2062,12,8,NA,-0.96316697884675,12.1832353238723
2062-12-09 12:00:00,2062,12,9,NA,-1.9429086059696,9.50882041764064
2062-12-10 12:00:00,2062,12,10,NA,-4.22554751475235,2.05754099517295
2062-12-11 12:00:00,2062,12,11,NA,-2.45675668072341,2.82632062165914
2062-12-12 12:00:00,2062,12,12,NA,-1.33027599415136,9.06017211352231
2062-12-13 12:00:00,2062,12,13,NA,-0.965321882780946,11.6942852938823
2062-12-14 12:00:00,2062,12,14,NA,2.54818352560539,15.3138391432402
2062-12-15 12:00:00,2062,12,15,NA,3.01568365007182,8.6165641821407
2062-12-16 12:00:00,2062,12,16,NA,1.62840202913811,10.5607189261776
2062-12-17 12:00:00,2062,12,17,NA,-0.857469181887158,7.6098385396084
2062-12-18 12:00:00,2062,12,18,NA,-2.03409847829421,11.3263742996543
2062-12-19 12:00:00,2062,12,19,NA,0.135773126354239,11.4101581947701
2062-12-20 12:00:00,2062,12,20,NA,-3.35372880597405,5.74797650309701
2062-12-21 12:00:00,2062,12,21,NA,-4.0034026644436,5.20582183441126
2062-12-22 12:00:00,2062,12,22,NA,-3.34673271144621,4.75315035803925
2062-12-23 12:00:00,2062,12,23,NA,-2.82995776881211,5.66571019662866
2062-12-24 12:00:00,2062,12,24,NA,-2.11001927702853,11.0363830256905
2062-12-25 12:00:00,2062,12,25,NA,0.41173386813166,11.8075514407365
2062-12-26 12:00:00,2062,12,26,NA,-1.87731407161379,8.83790087082667
2062-12-27 12:00:00,2062,12,27,NA,1.10287774371318,8.06439903352801
2062-12-28 12:00:00,2062,12,28,NA,-0.173877803033395,6.32740802725979
2062-12-29 12:00:00,2062,12,29,NA,-2.16791442622197,1.81687209284063
2062-12-30 12:00:00,2062,12,30,NA,-2.48210430257102,3.80098420735428
2062-12-31 12:00:00,2062,12,31,NA,0.18874592722152,4.6216937872081
2063-01-01 12:00:00,2063,1,1,NA,-0.0437168208818606,6.13520265615087
2063-01-02 12:00:00,2063,1,2,NA,-3.35729614313704,2.80894776605938
2063-01-03 12:00:00,2063,1,3,NA,-1.7413201848974,7.65723334689097
2063-01-04 12:00:00,2063,1,4,NA,-0.44547948506898,8.85592119747946
2063-01-05 12:00:00,2063,1,5,NA,0.513393057268317,12.4385526515727
2063-01-06 12:00:00,2063,1,6,NA,1.59543501056248,9.65069030367937
2063-01-07 12:00:00,2063,1,7,NA,-0.78744699813724,11.1912192812371
2063-01-08 12:00:00,2063,1,8,NA,-2.64772165190828,9.28217001568934
2063-01-09 12:00:00,2063,1,9,NA,-1.20755973989268,10.2181160520165
2063-01-10 12:00:00,2063,1,10,NA,-3.15413381309147,7.87929949113954
2063-01-11 12:00:00,2063,1,11,NA,-1.09510671459544,9.81465325121912
2063-01-12 12:00:00,2063,1,12,NA,-0.542728964319723,8.35118371511263
2063-01-13 12:00:00,2063,1,13,NA,-1.08008796256882,6.09680206532621
2063-01-14 12:00:00,2063,1,14,NA,-1.78707545848646,6.98522597594413
2063-01-15 12:00:00,2063,1,15,NA,-2.02741649853654,5.41103806087184
2063-01-16 12:00:00,2063,1,16,NA,-8.67917536947273,-3.37913519091425
2063-01-17 12:00:00,2063,1,17,NA,-5.53779129456888,3.76387190866938
2063-01-18 12:00:00,2063,1,18,NA,-2.85045456267892,7.21540904197316
2063-01-19 12:00:00,2063,1,19,NA,-2.78578172856423,8.28066454969606
2063-01-20 12:00:00,2063,1,20,NA,-1.99057107365659,10.4041864856301
2063-01-21 12:00:00,2063,1,21,NA,-5.72580534718961,0.46829652360086
2063-01-22 12:00:00,2063,1,22,NA,-4.35131449368978,5.93969293222551
2063-01-23 12:00:00,2063,1,23,NA,-6.60566803954294,5.93627164063756
2063-01-24 12:00:00,2063,1,24,NA,-6.9686703339869,5.40851909909776
2063-01-25 12:00:00,2063,1,25,NA,-0.311081474314729,8.76003483057388
2063-01-26 12:00:00,2063,1,26,NA,-1.54286983378217,4.29691273444551
2063-01-27 12:00:00,2063,1,27,NA,-0.822554270274127,7.25852108320239
2063-01-28 12:00:00,2063,1,28,NA,-2.42334675268655,5.79405986010777
2063-01-29 12:00:00,2063,1,29,NA,0.560188667722677,11.3420753986717
2063-01-30 12:00:00,2063,1,30,NA,1.43372791895219,11.385911985305
2063-01-31 12:00:00,2063,1,31,NA,1.31210960538885,10.9620984656429
2063-02-01 12:00:00,2063,2,1,NA,2.06594570701445,7.55435010321133
2063-02-02 12:00:00,2063,2,2,NA,-2.42593804304514,5.00173671375551
2063-02-03 12:00:00,2063,2,3,NA,-2.35373476247002,16.4080219348803
2063-02-04 12:00:00,2063,2,4,NA,4.01696184904804,8.49686418040371
2063-02-05 12:00:00,2063,2,5,NA,-0.543169218433168,8.88040507305426
2063-02-06 12:00:00,2063,2,6,NA,1.46512594825488,11.4474766480822
2063-02-07 12:00:00,2063,2,7,NA,-0.274881571022267,9.09726717189397
2063-02-08 12:00:00,2063,2,8,NA,1.31389856484787,9.67569563924503
2063-02-09 12:00:00,2063,2,9,NA,0.0500533864495374,10.8248428645423
2063-02-10 12:00:00,2063,2,10,NA,-3.31069717875422,2.56826250814485
2063-02-11 12:00:00,2063,2,11,NA,-5.83886383702622,-2.31454149165961
2063-02-12 12:00:00,2063,2,12,NA,-7.65868971404213,-1.49722333172414
2063-02-13 12:00:00,2063,2,13,NA,-4.26364373107392,0.979812857129792
2063-02-14 12:00:00,2063,2,14,NA,-5.93075063945152,-1.54235601057228
2063-02-15 12:00:00,2063,2,15,NA,-4.13508889535382,4.30646107877573
2063-02-16 12:00:00,2063,2,16,NA,-6.76076802670077,2.82209982023726
2063-02-17 12:00:00,2063,2,17,NA,-5.04837625700665,7.61198021454303
2063-02-18 12:00:00,2063,2,18,NA,-4.72426895086805,8.73893782258989
2063-02-19 12:00:00,2063,2,19,NA,-4.62903687925871,10.7666002926278
2063-02-20 12:00:00,2063,2,20,NA,-3.14730637419404,8.3661569027932
2063-02-21 12:00:00,2063,2,21,NA,-5.11853044840256,10.277106723484
2063-02-22 12:00:00,2063,2,22,NA,-8.97683946218877,-1.66979349563042
2063-02-23 12:00:00,2063,2,23,NA,-6.3443234954468,4.89833071844296
2063-02-24 12:00:00,2063,2,24,NA,-4.27445027536357,9.2440564890411
2063-02-25 12:00:00,2063,2,25,NA,-17.7198707267668,1.04188597058356
2063-02-26 12:00:00,2063,2,26,NA,-12.5002682028772,8.3792926609731
2063-02-27 12:00:00,2063,2,27,NA,-2.93102494636826,15.6297869258489
2063-02-28 12:00:00,2063,2,28,NA,3.72922378691564,12.9935904669065
2063-03-01 12:00:00,2063,3,1,NA,1.26845999174583,12.7963741993737
2063-03-02 12:00:00,2063,3,2,NA,3.69501411201526,9.91391549054717
2063-03-03 12:00:00,2063,3,3,NA,0.447162702049667,8.6184874113242
2063-03-04 12:00:00,2063,3,4,NA,0.944818809834225,9.69386139489539
2063-03-05 12:00:00,2063,3,5,NA,-0.30771356493986,6.31920194144953
2063-03-06 12:00:00,2063,3,6,NA,-2.36328693264827,8.59321330358379
2063-03-07 12:00:00,2063,3,7,NA,-2.87330262646809,13.6777339496874
2063-03-08 12:00:00,2063,3,8,NA,-2.06660423234799,15.6139947654028
2063-03-09 12:00:00,2063,3,9,NA,-1.50392545813104,13.5852394000501
2063-03-10 12:00:00,2063,3,10,NA,1.6908428186168,10.3732708193801
2063-03-11 12:00:00,2063,3,11,NA,-0.481889871137462,2.63932809746586
2063-03-12 12:00:00,2063,3,12,NA,-0.56731459469503,9.427071744802
2063-03-13 12:00:00,2063,3,13,NA,0.726527031949111,15.0446129524406
2063-03-14 12:00:00,2063,3,14,NA,5.62606510123812,15.4068546980151
2063-03-15 12:00:00,2063,3,15,NA,4.54977743778497,13.5959526903011
2063-03-16 12:00:00,2063,3,16,NA,1.17331727234127,11.8583165711339
2063-03-17 12:00:00,2063,3,17,NA,1.61339127585564,16.6722269080804
2063-03-18 12:00:00,2063,3,18,NA,2.97343679687967,15.129094282021
2063-03-19 12:00:00,2063,3,19,NA,2.79671345626397,12.8563010974835
2063-03-20 12:00:00,2063,3,20,NA,1.58290393248622,5.91719548029297
2063-03-21 12:00:00,2063,3,21,NA,3.26567847956572,8.63614661169673
2063-03-22 12:00:00,2063,3,22,NA,1.17216854758957,14.3441404910623
2063-03-23 12:00:00,2063,3,23,NA,2.98577006048106,10.9484941037754
2063-03-24 12:00:00,2063,3,24,NA,1.15674026461079,10.842157790893
2063-03-25 12:00:00,2063,3,25,NA,2.34257103839066,11.4634022961077
2063-03-26 12:00:00,2063,3,26,NA,2.94454880948421,10.9000968971248
2063-03-27 12:00:00,2063,3,27,NA,0.992563158868129,15.646060270589
2063-03-28 12:00:00,2063,3,28,NA,1.4368348781703,19.7419471627889
2063-03-29 12:00:00,2063,3,29,NA,-1.04088715904361,13.0134147691744
2063-03-30 12:00:00,2063,3,30,NA,0.438512930786984,14.506492317659
2063-03-31 12:00:00,2063,3,31,NA,2.97770983325808,12.2048389305037
2063-04-01 12:00:00,2063,4,1,NA,2.91350171941929,10.8971710444293
2063-04-02 12:00:00,2063,4,2,NA,2.39404790678067,8.9194216738459
2063-04-03 12:00:00,2063,4,3,NA,3.23604766928396,15.6639730776401
2063-04-04 12:00:00,2063,4,4,NA,2.79519506747973,17.7235964354096
2063-04-05 12:00:00,2063,4,5,NA,5.34457073290802,23.1824052156118
2063-04-06 12:00:00,2063,4,6,NA,8.99050302889874,17.7377298954308
2063-04-07 12:00:00,2063,4,7,NA,4.21383878765291,18.9501273983947
2063-04-08 12:00:00,2063,4,8,NA,9.74270985552533,22.2738593747294
2063-04-09 12:00:00,2063,4,9,NA,7.29983032551213,22.6519436587049
2063-04-10 12:00:00,2063,4,10,NA,6.77768134250193,25.2503803382253
2063-04-11 12:00:00,2063,4,11,NA,8.69556291734608,23.4955323610015
2063-04-12 12:00:00,2063,4,12,NA,7.45826286500599,24.2787015279639
2063-04-13 12:00:00,2063,4,13,NA,7.9465459870045,24.6004165651335
2063-04-14 12:00:00,2063,4,14,NA,5.73277783124768,22.6267452758702
2063-04-15 12:00:00,2063,4,15,NA,4.93325426834321,23.367451294641
2063-04-16 12:00:00,2063,4,16,NA,8.12409103101538,23.6155644725598
2063-04-17 12:00:00,2063,4,17,NA,11.3722578191139,19.3398862746026
2063-04-18 12:00:00,2063,4,18,NA,5.87949490945662,16.768715711876
2063-04-19 12:00:00,2063,4,19,NA,11.5820345663141,22.9580315105179
2063-04-20 12:00:00,2063,4,20,NA,10.1722538154992,22.8032426846783
2063-04-21 12:00:00,2063,4,21,NA,14.8946335534168,23.8401113945709
2063-04-22 12:00:00,2063,4,22,NA,10.4104309787542,22.5421431198564
2063-04-23 12:00:00,2063,4,23,NA,9.93165174627363,19.6403384971332
2063-04-24 12:00:00,2063,4,24,NA,6.71435748296793,13.6626973975336
2063-04-25 12:00:00,2063,4,25,NA,7.48590122212569,13.2947820620713
2063-04-26 12:00:00,2063,4,26,NA,10.4642628584731,16.6951909916632
2063-04-27 12:00:00,2063,4,27,NA,10.1490470396297,20.956532349216
2063-04-28 12:00:00,2063,4,28,NA,8.55979292559894,22.2378818902779
2063-04-29 12:00:00,2063,4,29,NA,13.8873608155822,18.3321931029046
2063-04-30 12:00:00,2063,4,30,NA,13.7886068865287,16.4713325503695
2063-05-01 12:00:00,2063,5,1,NA,14.2814986394242,25.152796720404
2063-05-02 12:00:00,2063,5,2,NA,16.2582406088763,29.850789161415
2063-05-03 12:00:00,2063,5,3,NA,15.7562387284591,27.7810274329582
2063-05-04 12:00:00,2063,5,4,NA,16.4925254817832,28.1163711620211
2063-05-05 12:00:00,2063,5,5,NA,15.9225504945104,28.3516435962531
2063-05-06 12:00:00,2063,5,6,NA,13.8692619033892,26.5391373130115
2063-05-07 12:00:00,2063,5,7,NA,13.3282221329393,29.0910019120501
2063-05-08 12:00:00,2063,5,8,NA,14.5519388569489,27.4519031084159
2063-05-09 12:00:00,2063,5,9,NA,13.7756634987062,28.4907500648131
2063-05-10 12:00:00,2063,5,10,NA,14.4320993067758,26.5334624536841
2063-05-11 12:00:00,2063,5,11,NA,13.2421817212384,27.0319504492711
2063-05-12 12:00:00,2063,5,12,NA,15.5908651115116,29.3038148477346
2063-05-13 12:00:00,2063,5,13,NA,13.951226813522,18.021657347772
2063-05-14 12:00:00,2063,5,14,NA,11.6320172110383,25.0184033333579
2063-05-15 12:00:00,2063,5,15,NA,11.4824554876114,23.923563240582
2063-05-16 12:00:00,2063,5,16,NA,12.8684750749978,23.2210545519711
2063-05-17 12:00:00,2063,5,17,NA,12.3748231249357,22.9478208515363
2063-05-18 12:00:00,2063,5,18,NA,14.6296381789041,26.7380591342873
2063-05-19 12:00:00,2063,5,19,NA,15.8539077475884,23.4484563036919
2063-05-20 12:00:00,2063,5,20,NA,16.5437216408754,20.0089695793411
2063-05-21 12:00:00,2063,5,21,NA,12.2659746137781,24.6956759224276
2063-05-22 12:00:00,2063,5,22,NA,12.2798518797864,25.9787805396793
2063-05-23 12:00:00,2063,5,23,NA,12.8814154100412,26.9360889033429
2063-05-24 12:00:00,2063,5,24,NA,10.6340014181573,24.8643848012826
2063-05-25 12:00:00,2063,5,25,NA,11.7654177413062,24.0053042758139
2063-05-26 12:00:00,2063,5,26,NA,13.075237144234,27.3687828058592
2063-05-27 12:00:00,2063,5,27,NA,10.3009834685036,27.6274867478534
2063-05-28 12:00:00,2063,5,28,NA,11.6669308626415,26.4210155336454
2063-05-29 12:00:00,2063,5,29,NA,13.5224549883672,27.3655662511676
2063-05-30 12:00:00,2063,5,30,NA,13.7068627662083,28.1077899761877
2063-05-31 12:00:00,2063,5,31,NA,16.5775637148364,30.3581213925
2063-06-01 12:00:00,2063,6,1,NA,19.0692279846803,29.0122689534074
2063-06-02 12:00:00,2063,6,2,NA,19.3174284901036,28.990388269197
2063-06-03 12:00:00,2063,6,3,NA,21.9899398366805,31.0927821054648
2063-06-04 12:00:00,2063,6,4,NA,20.4481612509548,29.9876067949246
2063-06-05 12:00:00,2063,6,5,NA,18.7274947601057,31.98973886165
2063-06-06 12:00:00,2063,6,6,NA,21.292370395626,30.391313786334
2063-06-07 12:00:00,2063,6,7,NA,20.7590943774778,31.1440231203833
2063-06-08 12:00:00,2063,6,8,NA,20.3437372019257,30.0884148800366
2063-06-09 12:00:00,2063,6,9,NA,21.6198673249246,25.2354121487464
2063-06-10 12:00:00,2063,6,10,NA,20.6133671830023,25.690637797176
2063-06-11 12:00:00,2063,6,11,NA,21.7559624306017,29.8752315856264
2063-06-12 12:00:00,2063,6,12,NA,21.8531403558215,32.6177548503029
2063-06-13 12:00:00,2063,6,13,NA,21.0542270057583,32.7301134548209
2063-06-14 12:00:00,2063,6,14,NA,21.1795136103644,31.1125442350835
2063-06-15 12:00:00,2063,6,15,NA,20.6514369821051,33.3405471008007
2063-06-16 12:00:00,2063,6,16,NA,20.546274468274,31.6119365683381
2063-06-17 12:00:00,2063,6,17,NA,18.4284904261081,33.0611441341355
2063-06-18 12:00:00,2063,6,18,NA,22.3756835841079,25.3855006224065
2063-06-19 12:00:00,2063,6,19,NA,22.4054136365973,29.4820609246993
2063-06-20 12:00:00,2063,6,20,NA,20.8975648301447,29.3525325451119
2063-06-21 12:00:00,2063,6,21,NA,21.5276666290793,29.6175696935125
2063-06-22 12:00:00,2063,6,22,NA,18.4091725769613,33.0311730386613
2063-06-23 12:00:00,2063,6,23,NA,18.2546548495358,35.303644187412
2063-06-24 12:00:00,2063,6,24,NA,22.0889025828018,32.3201528801645
2063-06-25 12:00:00,2063,6,25,NA,26.1533234018569,27.4356934138856
2063-06-26 12:00:00,2063,6,26,NA,26.1737437733141,27.4561137853428
2063-06-27 12:00:00,2063,6,27,NA,22.6345989724762,29.6794588130533
2063-06-28 12:00:00,2063,6,28,NA,24.4855654031117,26.6104762872329
2063-06-29 12:00:00,2063,6,29,NA,22.0396507374829,31.3260112007752
2063-06-30 12:00:00,2063,6,30,NA,21.7812899722672,32.9048348420915
2063-07-01 12:00:00,2063,7,1,NA,20.3767299816822,34.9915677161141
2063-07-02 12:00:00,2063,7,2,NA,21.2521741951916,33.0965198043881
2063-07-03 12:00:00,2063,7,3,NA,22.7547212370062,28.3034677557767
2063-07-04 12:00:00,2063,7,4,NA,22.6427717742834,27.403101907034
2063-07-05 12:00:00,2063,7,5,NA,22.3973200378139,33.080934646778
2063-07-06 12:00:00,2063,7,6,NA,22.9110117698955,31.0326452888617
2063-07-07 12:00:00,2063,7,7,NA,24.2295975539168,30.129668382226
2063-07-08 12:00:00,2063,7,8,NA,24.2815957625438,31.7212219068226
2063-07-09 12:00:00,2063,7,9,NA,21.7065497683661,26.5420857171524
2063-07-10 12:00:00,2063,7,10,NA,20.3972258238436,30.5427076244285
2063-07-11 12:00:00,2063,7,11,NA,21.759140011579,33.9960507293603
2063-07-12 12:00:00,2063,7,12,NA,23.641438731785,35.0170111049619
2063-07-13 12:00:00,2063,7,13,NA,25.3363651702798,35.9807387247535
2063-07-14 12:00:00,2063,7,14,NA,24.9691924990663,30.6983394379942
2063-07-15 12:00:00,2063,7,15,NA,24.0259725164518,31.6736584080203
2063-07-16 12:00:00,2063,7,16,NA,23.9082062304824,30.5246842398829
2063-07-17 12:00:00,2063,7,17,NA,19.8133831287216,22.4353917997972
2063-07-18 12:00:00,2063,7,18,NA,18.6848011570803,23.8440941209277
2063-07-19 12:00:00,2063,7,19,NA,19.1619270552039,26.8880883986681
2063-07-20 12:00:00,2063,7,20,NA,20.6385773533632,28.4203837639547
2063-07-21 12:00:00,2063,7,21,NA,20.1072647000689,28.961596380841
2063-07-22 12:00:00,2063,7,22,NA,21.2959171776211,30.0131531032302
2063-07-23 12:00:00,2063,7,23,NA,21.8537087767034,32.5503017557991
2063-07-24 12:00:00,2063,7,24,NA,22.1583475659831,31.6834338598147
2063-07-25 12:00:00,2063,7,25,NA,22.1295008921764,32.7898534461464
2063-07-26 12:00:00,2063,7,26,NA,20.5346536647231,31.9623300457765
2063-07-27 12:00:00,2063,7,27,NA,22.4114329918135,30.3726678060415
2063-07-28 12:00:00,2063,7,28,NA,23.3179943651028,31.5763137436781
2063-07-29 12:00:00,2063,7,29,NA,26.1846970737954,34.513496337641
2063-07-30 12:00:00,2063,7,30,NA,26.9542392192101,31.1038732500848
2063-07-31 12:00:00,2063,7,31,NA,23.974670847202,32.8361926431072
2063-08-01 12:00:00,2063,8,1,NA,22.9832203639762,33.0003802119663
2063-08-02 12:00:00,2063,8,2,NA,26.4771466158742,34.2292749701447
2063-08-03 12:00:00,2063,8,3,NA,25.787731716725,33.0053947378267
2063-08-04 12:00:00,2063,8,4,NA,27.9985339739699,33.4466062504052
2063-08-05 12:00:00,2063,8,5,NA,28.3099691242712,32.1517916038754
2063-08-06 12:00:00,2063,8,6,NA,27.2929462697646,33.0533627957419
2063-08-07 12:00:00,2063,8,7,NA,26.9311375770525,33.6463825882464
2063-08-08 12:00:00,2063,8,8,NA,25.9244213090622,33.6001330313932
2063-08-09 12:00:00,2063,8,9,NA,29.0833983663967,33.3055872214051
2063-08-10 12:00:00,2063,8,10,NA,28.9297924965926,34.909020704169
2063-08-11 12:00:00,2063,8,11,NA,27.7266803309191,35.5773833834816
2063-08-12 12:00:00,2063,8,12,NA,29.8918382387207,35.0275297142458
2063-08-13 12:00:00,2063,8,13,NA,28.2195656216847,35.3220977387839
2063-08-14 12:00:00,2063,8,14,NA,25.0227291698298,35.4884337164122
2063-08-15 12:00:00,2063,8,15,NA,25.0699422307416,35.6279124333809
2063-08-16 12:00:00,2063,8,16,NA,25.5899785332604,36.1448936932757
2063-08-17 12:00:00,2063,8,17,NA,27.0096729932247,36.8629390511637
2063-08-18 12:00:00,2063,8,18,NA,28.1333710694638,37.397462716148
2063-08-19 12:00:00,2063,8,19,NA,27.7875319901612,36.7889737182033
2063-08-20 12:00:00,2063,8,20,NA,27.6654173487734,36.0544843394285
2063-08-21 12:00:00,2063,8,21,NA,26.8988359919648,36.5109605738773
2063-08-22 12:00:00,2063,8,22,NA,28.2960312067523,34.0636170565057
2063-08-23 12:00:00,2063,8,23,NA,27.1479473886092,34.2654734634261
2063-08-24 12:00:00,2063,8,24,NA,28.1993298392518,34.3366147282802
2063-08-25 12:00:00,2063,8,25,NA,26.357138747745,33.7725481660975
2063-08-26 12:00:00,2063,8,26,NA,26.3081191706389,30.6375334883248
2063-08-27 12:00:00,2063,8,27,NA,23.5608582760485,31.7412607695697
2063-08-28 12:00:00,2063,8,28,NA,25.0276864750453,30.0071834431303
2063-08-29 12:00:00,2063,8,29,NA,24.7332811704796,31.7839075572841
2063-08-30 12:00:00,2063,8,30,NA,22.8745785091777,32.0375906086004
2063-08-31 12:00:00,2063,8,31,NA,19.3866230878764,23.0246023205012
2063-09-01 12:00:00,2063,9,1,NA,19.3817037518846,24.0323396135609
2063-09-02 12:00:00,2063,9,2,NA,22.9530548002003,28.8242120594297
2063-09-03 12:00:00,2063,9,3,NA,21.8922293463221,26.4235667800862
2063-09-04 12:00:00,2063,9,4,NA,20.1985778018381,32.4559482879878
2063-09-05 12:00:00,2063,9,5,NA,21.7148454496282,32.8762488268645
2063-09-06 12:00:00,2063,9,6,NA,22.0908454160214,30.7984790659958
2063-09-07 12:00:00,2063,9,7,NA,20.8283512846908,30.7583311015834
2063-09-08 12:00:00,2063,9,8,NA,23.978368563997,29.631519777966
2063-09-09 12:00:00,2063,9,9,NA,23.0881548366888,26.0727321034755
2063-09-10 12:00:00,2063,9,10,NA,19.1281991340584,30.7746001722361
2063-09-11 12:00:00,2063,9,11,NA,21.5705826602855,33.0861115804144
2063-09-12 12:00:00,2063,9,12,NA,22.8849677198586,32.3250262055908
2063-09-13 12:00:00,2063,9,13,NA,20.908081613047,30.5288500998333
2063-09-14 12:00:00,2063,9,14,NA,20.3780437166766,29.0028988329235
2063-09-15 12:00:00,2063,9,15,NA,19.2840445782337,28.690767353372
2063-09-16 12:00:00,2063,9,16,NA,18.4056798410543,27.9922941822342
2063-09-17 12:00:00,2063,9,17,NA,18.4955160172424,29.0584030265548
2063-09-18 12:00:00,2063,9,18,NA,22.5770730213533,25.4609027534167
2063-09-19 12:00:00,2063,9,19,NA,24.053983326257,26.8342691386527
2063-09-20 12:00:00,2063,9,20,NA,21.8487857687317,30.4769749288543
2063-09-21 12:00:00,2063,9,21,NA,19.5215032175976,27.1952422295761
2063-09-22 12:00:00,2063,9,22,NA,19.4029106168407,28.0256713457725
2063-09-23 12:00:00,2063,9,23,NA,22.8049377621542,24.4043571157838
2063-09-24 12:00:00,2063,9,24,NA,18.6526899494041,28.1494381765269
2063-09-25 12:00:00,2063,9,25,NA,21.3454172947547,30.3001366547573
2063-09-26 12:00:00,2063,9,26,NA,21.0345516980015,28.2396191208976
2063-09-27 12:00:00,2063,9,27,NA,22.7662355966937,27.5575139680673
2063-09-28 12:00:00,2063,9,28,NA,20.6254717886978,27.9256789290921
2063-09-29 12:00:00,2063,9,29,NA,18.74610357977,26.4166829744415
2063-09-30 12:00:00,2063,9,30,NA,16.5243858111405,27.5735411285736
2063-10-01 12:00:00,2063,10,1,NA,17.7487822765067,22.8676084260656
2063-10-02 12:00:00,2063,10,2,NA,15.5455578222376,25.4358809127518
2063-10-03 12:00:00,2063,10,3,NA,14.9942629499428,22.3196904742895
2063-10-04 12:00:00,2063,10,4,NA,17.4111087837655,26.1854165506079
2063-10-05 12:00:00,2063,10,5,NA,15.2131072347645,25.5210485415235
2063-10-06 12:00:00,2063,10,6,NA,15.8019019210044,27.9683666055368
2063-10-07 12:00:00,2063,10,7,NA,18.0004780222746,25.4515219193093
2063-10-08 12:00:00,2063,10,8,NA,15.4962523499585,28.2721085364324
2063-10-09 12:00:00,2063,10,9,NA,16.079174986492,25.4449805770878
2063-10-10 12:00:00,2063,10,10,NA,15.4301287770165,25.6920208613877
2063-10-11 12:00:00,2063,10,11,NA,18.9004700157741,26.7640476983527
2063-10-12 12:00:00,2063,10,12,NA,16.4027566698942,28.254762198371
2063-10-13 12:00:00,2063,10,13,NA,18.9526219400699,28.4972815019525
2063-10-14 12:00:00,2063,10,14,NA,15.7916268989058,25.3977995718705
2063-10-15 12:00:00,2063,10,15,NA,13.9937078803423,23.1865836394356
2063-10-16 12:00:00,2063,10,16,NA,13.8714549613743,23.7626341436225
2063-10-17 12:00:00,2063,10,17,NA,11.460442610067,22.6387555821653
2063-10-18 12:00:00,2063,10,18,NA,11.8661474955075,25.5691474420148
2063-10-19 12:00:00,2063,10,19,NA,11.7749184099962,26.4124548559731
2063-10-20 12:00:00,2063,10,20,NA,12.3020516005954,26.2612294040359
2063-10-21 12:00:00,2063,10,21,NA,11.2402284731708,23.8699952263784
2063-10-22 12:00:00,2063,10,22,NA,9.37993179605487,23.8243672036572
2063-10-23 12:00:00,2063,10,23,NA,11.3933266482965,22.0555024270461
2063-10-24 12:00:00,2063,10,24,NA,10.4887485461199,21.6269451170784
2063-10-25 12:00:00,2063,10,25,NA,11.5058208274828,21.1389901973749
2063-10-26 12:00:00,2063,10,26,NA,12.770890360468,21.8419179118408
2063-10-27 12:00:00,2063,10,27,NA,12.3766337979722,21.4047816734329
2063-10-28 12:00:00,2063,10,28,NA,11.0795519828879,20.9972196578125
2063-10-29 12:00:00,2063,10,29,NA,14.6272432370565,19.434103741786
2063-10-30 12:00:00,2063,10,30,NA,13.0256594486254,23.3490616307251
2063-10-31 12:00:00,2063,10,31,NA,11.4199036938425,26.0045276890411
2063-11-01 12:00:00,2063,11,1,NA,12.5573743939608,29.1502620949077
2063-11-02 12:00:00,2063,11,2,NA,16.0542921269286,26.1497220492557
2063-11-03 12:00:00,2063,11,3,NA,17.4066314141279,27.7424900077689
2063-11-04 12:00:00,2063,11,4,NA,15.7526334367826,20.9271104448772
2063-11-05 12:00:00,2063,11,5,NA,11.461165554081,15.6034768436184
2063-11-06 12:00:00,2063,11,6,NA,8.51864092087447,17.3053315390986
2063-11-07 12:00:00,2063,11,7,NA,12.5824889897816,23.6669335015589
2063-11-08 12:00:00,2063,11,8,NA,16.4539635057345,22.7859732797226
2063-11-09 12:00:00,2063,11,9,NA,14.6757361671567,19.9659455358625
2063-11-10 12:00:00,2063,11,10,NA,12.9804928582415,18.0218426735889
2063-11-11 12:00:00,2063,11,11,NA,7.25421284637108,16.3457353732025
2063-11-12 12:00:00,2063,11,12,NA,3.29384509056491,12.2693643076768
2063-11-13 12:00:00,2063,11,13,NA,5.36607552636353,11.3923061748475
2063-11-14 12:00:00,2063,11,14,NA,2.23824556722995,10.8021805342584
2063-11-15 12:00:00,2063,11,15,NA,1.51669559283214,6.60695629006904
2063-11-16 12:00:00,2063,11,16,NA,-0.732428046550223,5.4816309971403
2063-11-17 12:00:00,2063,11,17,NA,-2.79262763089658,9.22022550400947
2063-11-18 12:00:00,2063,11,18,NA,-3.27772728462331,11.9484017059271
2063-11-19 12:00:00,2063,11,19,NA,1.09643637026209,16.2064801814392
2063-11-20 12:00:00,2063,11,20,NA,3.85037264210942,10.6404152736381
2063-11-21 12:00:00,2063,11,21,NA,3.5685551223266,16.7680008219914
2063-11-22 12:00:00,2063,11,22,NA,3.44160966595086,16.1594290696762
2063-11-23 12:00:00,2063,11,23,NA,2.9079975344891,8.80178074977648
2063-11-24 12:00:00,2063,11,24,NA,0.833953132340881,13.2586633736449
2063-11-25 12:00:00,2063,11,25,NA,1.43713408383958,8.60958997228355
2063-11-26 12:00:00,2063,11,26,NA,2.45844835262039,15.3926890645861
2063-11-27 12:00:00,2063,11,27,NA,1.22435928675394,13.5217915181126
2063-11-28 12:00:00,2063,11,28,NA,4.51337102763737,8.93387427965537
2063-11-29 12:00:00,2063,11,29,NA,-2.10247387808681,5.0912800330969
2063-11-30 12:00:00,2063,11,30,NA,-3.41756455253697,7.98519680342959
2063-12-01 12:00:00,2063,12,1,NA,-0.349275512269816,13.1082536517972
2063-12-02 12:00:00,2063,12,2,NA,5.94363441404877,9.28845007716998
2063-12-03 12:00:00,2063,12,3,NA,3.85201821711839,11.9412147198999
2063-12-04 12:00:00,2063,12,4,NA,-0.892788219494005,3.81926768368123
2063-12-05 12:00:00,2063,12,5,NA,-1.2012912028862,6.89667740953664
2063-12-06 12:00:00,2063,12,6,NA,-0.945580482598887,4.55300490453446
2063-12-07 12:00:00,2063,12,7,NA,-3.53073303959835,4.06463588715411
2063-12-08 12:00:00,2063,12,8,NA,-0.0179356250405327,10.3968742701649
2063-12-09 12:00:00,2063,12,9,NA,-0.828590631135159,10.4038614206506
2063-12-10 12:00:00,2063,12,10,NA,-1.80479854494767,11.5556742330008
2063-12-11 12:00:00,2063,12,11,NA,-4.41814160391503,6.03542927381119
2063-12-12 12:00:00,2063,12,12,NA,-2.2917182741046,9.86618457848423
2063-12-13 12:00:00,2063,12,13,NA,-5.08522227111811,0.453074197848037
2063-12-14 12:00:00,2063,12,14,NA,-3.27763918149937,8.85168502832476
2063-12-15 12:00:00,2063,12,15,NA,-0.729578789986003,8.86038371200628
2063-12-16 12:00:00,2063,12,16,NA,-4.36939514847423,6.13191269591442
2063-12-17 12:00:00,2063,12,17,NA,-0.0581082445298158,4.21644228726766
2063-12-18 12:00:00,2063,12,18,NA,0.338336028633243,8.5350221587849
2063-12-19 12:00:00,2063,12,19,NA,-0.308793206160863,12.5345713228447
2063-12-20 12:00:00,2063,12,20,NA,0.266765991518182,14.7564210228746
2063-12-21 12:00:00,2063,12,21,NA,1.53687966434945,14.9040928614556
2063-12-22 12:00:00,2063,12,22,NA,3.13464845346707,8.42616921102656
2063-12-23 12:00:00,2063,12,23,NA,-0.24387336942008,8.18744383534128
2063-12-24 12:00:00,2063,12,24,NA,-0.140642638728291,8.72535795879526
2063-12-25 12:00:00,2063,12,25,NA,0.0794233960473374,13.2357739989501
2063-12-26 12:00:00,2063,12,26,NA,1.96096143873291,12.8370604595386
2063-12-27 12:00:00,2063,12,27,NA,3.77468425066082,11.2525867300333
2063-12-28 12:00:00,2063,12,28,NA,-3.09599296264617,2.35226206339955
2063-12-29 12:00:00,2063,12,29,NA,-2.55307423111308,1.49981799657454
2063-12-30 12:00:00,2063,12,30,NA,-3.34973401815205,3.77667878511449
2063-12-31 12:00:00,2063,12,31,NA,-8.0572397502085,1.05249745432628
2064-01-01 12:00:00,2064,1,1,NA,-6.80369312310429,2.30702333054474
2064-01-02 12:00:00,2064,1,2,NA,-6.51761701265679,5.61170719716734
2064-01-03 12:00:00,2064,1,3,NA,-7.35962792357125,-1.52601579905785
2064-01-04 12:00:00,2064,1,4,NA,-4.00187199646263,10.6907060388976
2064-01-05 12:00:00,2064,1,5,NA,-0.383105496723917,11.7662458107014
2064-01-06 12:00:00,2064,1,6,NA,3.61904875347796,8.69163833886784
2064-01-07 12:00:00,2064,1,7,NA,2.08298265293236,9.44986862276011
2064-01-08 12:00:00,2064,1,8,NA,5.5341080509041,9.56408723703757
2064-01-09 12:00:00,2064,1,9,NA,3.06527370345473,12.3525062147539
2064-01-10 12:00:00,2064,1,10,NA,-0.594086587508734,2.50361269808684
2064-01-11 12:00:00,2064,1,11,NA,-6.98012073738372,2.33441948076048
2064-01-12 12:00:00,2064,1,12,NA,-3.31257727665814,1.75335172903616
2064-01-13 12:00:00,2064,1,13,NA,-3.97720291978004,6.05787360852294
2064-01-14 12:00:00,2064,1,14,NA,-2.86565109835592,0.967206797479926
2064-01-15 12:00:00,2064,1,15,NA,-1.45297543969043,6.59203563185127
2064-01-16 12:00:00,2064,1,16,NA,-3.44357396560757,4.69118767821524
2064-01-17 12:00:00,2064,1,17,NA,-3.51757046249051,8.25244331082146
2064-01-18 12:00:00,2064,1,18,NA,-2.79699358979748,7.59218206399176
2064-01-19 12:00:00,2064,1,19,NA,4.87299642280626,11.8044925717154
2064-01-20 12:00:00,2064,1,20,NA,0.0396233621323576,5.20159729909287
2064-01-21 12:00:00,2064,1,21,NA,-1.18137258025396,3.87452911840461
2064-01-22 12:00:00,2064,1,22,NA,-1.81204364234523,10.5827139169415
2064-01-23 12:00:00,2064,1,23,NA,-0.381805247960322,9.00059692865673
2064-01-24 12:00:00,2064,1,24,NA,-2.657807044182,8.64729035300112
2064-01-25 12:00:00,2064,1,25,NA,0.799028598147368,7.47146561320186
2064-01-26 12:00:00,2064,1,26,NA,-2.61750107769676,4.26918241652704
2064-01-27 12:00:00,2064,1,27,NA,-6.20588403611515,-0.372271911601755
2064-01-28 12:00:00,2064,1,28,NA,-6.93277353584784,-1.5708110879811
2064-01-29 12:00:00,2064,1,29,NA,-3.63231271730656,7.41296676116669
2064-01-30 12:00:00,2064,1,30,NA,-1.80325132566153,8.73449129466226
2064-01-31 12:00:00,2064,1,31,NA,-2.33454975507021,8.97054764211292
2064-02-01 12:00:00,2064,2,1,NA,-0.151302165935549,10.5249515861928
2064-02-02 12:00:00,2064,2,2,NA,0.517177654607207,16.0957495953324
2064-02-03 12:00:00,2064,2,3,NA,2.87581688043754,16.5905373424394
2064-02-04 12:00:00,2064,2,4,NA,3.42651014524738,14.5110559326485
2064-02-05 12:00:00,2064,2,5,NA,2.42282389285465,12.0915985723042
2064-02-06 12:00:00,2064,2,6,NA,-0.943563807236548,9.49173546775232
2064-02-07 12:00:00,2064,2,7,NA,-3.53502892185365,4.28472487895806
2064-02-08 12:00:00,2064,2,8,NA,-6.44907417176683,2.88288742361622
2064-02-09 12:00:00,2064,2,9,NA,-8.77367982276186,9.00657419798795
2064-02-10 12:00:00,2064,2,10,NA,-4.61168271046247,10.8651539622159
2064-02-11 12:00:00,2064,2,11,NA,-3.16346467829364,12.2370836052705
2064-02-12 12:00:00,2064,2,12,NA,-2.32090369951864,6.855231848073
2064-02-13 12:00:00,2064,2,13,NA,-3.45949080946018,6.80157755698287
2064-02-14 12:00:00,2064,2,14,NA,-1.52489908966391,11.2752363068232
2064-02-15 12:00:00,2064,2,15,NA,-0.152067907459458,16.5203682075765
2064-02-16 12:00:00,2064,2,16,NA,1.79273271927493,13.7672605900177
2064-02-17 12:00:00,2064,2,17,NA,1.80815191633423,11.4737934859543
2064-02-18 12:00:00,2064,2,18,NA,2.64115901752122,10.4807913674474
2064-02-19 12:00:00,2064,2,19,NA,-1.11495970755267,6.37620541179384
2064-02-20 12:00:00,2064,2,20,NA,-0.291260741441686,7.67856813210337
2064-02-21 12:00:00,2064,2,21,NA,-3.62360067429026,12.0190049279213
2064-02-22 12:00:00,2064,2,22,NA,-2.5182865925182,11.0270905457933
2064-02-23 12:00:00,2064,2,23,NA,-2.45373594982465,11.0370772535106
2064-02-24 12:00:00,2064,2,24,NA,0.0873179154456807,12.3152172821325
2064-02-25 12:00:00,2064,2,25,NA,-1.03431438627464,14.1527538757216
2064-02-26 12:00:00,2064,2,26,NA,3.12632143007081,11.6431173799414
2064-02-27 12:00:00,2064,2,27,NA,1.73835782574105,8.40171914396826
2064-02-28 12:00:00,2064,2,28,NA,-1.12620839840365,6.18998415440228
2064-02-29 12:00:00,2064,2,29,NA,0.0810245662724345,14.3702916829964
2064-03-01 12:00:00,2064,3,1,NA,1.65869861720291,13.771290111039
2064-03-02 12:00:00,2064,3,2,NA,3.43526629749427,11.6518331124524
2064-03-03 12:00:00,2064,3,3,NA,1.29985723442351,14.9606548183621
2064-03-04 12:00:00,2064,3,4,NA,-0.806786241021447,14.7954007345987
2064-03-05 12:00:00,2064,3,5,NA,-0.0115826302394773,17.8145218914797
2064-03-06 12:00:00,2064,3,6,NA,0.948285385019219,17.3662588030464
2064-03-07 12:00:00,2064,3,7,NA,-0.467513123932992,12.6551189794939
2064-03-08 12:00:00,2064,3,8,NA,3.84489512213864,18.5796227340558
2064-03-09 12:00:00,2064,3,9,NA,5.36192259244885,13.8822448141537
2064-03-10 12:00:00,2064,3,10,NA,8.52421985495896,13.4087945951683
2064-03-11 12:00:00,2064,3,11,NA,6.95930554389606,14.3809976304832
2064-03-12 12:00:00,2064,3,12,NA,4.93638160257959,9.04413505297781
2064-03-13 12:00:00,2064,3,13,NA,1.05961254482272,10.0222004612029
2064-03-14 12:00:00,2064,3,14,NA,2.10056255876817,8.49550433083498
2064-03-15 12:00:00,2064,3,15,NA,0.246571051170255,10.3502558634299
2064-03-16 12:00:00,2064,3,16,NA,-1.66830063571945,14.7496727823077
2064-03-17 12:00:00,2064,3,17,NA,0.994181829267533,14.1367969411235
2064-03-18 12:00:00,2064,3,18,NA,2.18904281914815,19.678708413136
2064-03-19 12:00:00,2064,3,19,NA,3.96581215292805,14.0653933641724
2064-03-20 12:00:00,2064,3,20,NA,0.485810435408883,11.4162699963462
2064-03-21 12:00:00,2064,3,21,NA,1.04019689113307,10.9227105311405
2064-03-22 12:00:00,2064,3,22,NA,2.14143531065571,10.2301847984926
2064-03-23 12:00:00,2064,3,23,NA,0.294822656406904,17.4958700391487
2064-03-24 12:00:00,2064,3,24,NA,0.608889962021557,15.9020646032187
2064-03-25 12:00:00,2064,3,25,NA,5.53418119231736,13.9700093680268
2064-03-26 12:00:00,2064,3,26,NA,2.74651538925004,6.85426883964825
2064-03-27 12:00:00,2064,3,27,NA,0.47587502564896,6.5942983470012
2064-03-28 12:00:00,2064,3,28,NA,3.31361086146713,5.7008375464503
2064-03-29 12:00:00,2064,3,29,NA,2.49998239256993,5.67562313428771
2064-03-30 12:00:00,2064,3,30,NA,0.977876875134705,13.1585756945394
2064-03-31 12:00:00,2064,3,31,NA,5.51007808953781,20.8032527307349
2064-04-01 12:00:00,2064,4,1,NA,3.87804220445025,18.9575492139799
2064-04-02 12:00:00,2064,4,2,NA,5.75302108871341,11.682210773625
2064-04-03 12:00:00,2064,4,3,NA,3.76381858017096,9.14134432027141
2064-04-04 12:00:00,2064,4,4,NA,3.47014398987296,11.4377724453616
2064-04-05 12:00:00,2064,4,5,NA,1.29971349245617,18.0076044206625
2064-04-06 12:00:00,2064,4,6,NA,8.05463263196759,14.9776297408453
2064-04-07 12:00:00,2064,4,7,NA,8.11812687381698,20.5504915256152
2064-04-08 12:00:00,2064,4,8,NA,10.5301690218635,17.4600866149919
2064-04-09 12:00:00,2064,4,9,NA,6.77158851590719,15.9012960481356
2064-04-10 12:00:00,2064,4,10,NA,5.60250866466195,21.9859189704916
2064-04-11 12:00:00,2064,4,11,NA,7.32727816014522,23.3903803425173
2064-04-12 12:00:00,2064,4,12,NA,9.75872169316467,24.7690188746976
2064-04-13 12:00:00,2064,4,13,NA,12.7129707142648,24.844682855367
2064-04-14 12:00:00,2064,4,14,NA,13.5964019763868,17.4586395428757
2064-04-15 12:00:00,2064,4,15,NA,14.2214051242955,22.1891856343258
2064-04-16 12:00:00,2064,4,16,NA,12.345590912088,21.3677976186189
2064-04-17 12:00:00,2064,4,17,NA,16.2452312678813,25.2880154900937
2064-04-18 12:00:00,2064,4,18,NA,13.4831620337506,27.9190610560473
2064-04-19 12:00:00,2064,4,19,NA,17.6675182176601,21.817254836556
2064-04-20 12:00:00,2064,4,20,NA,16.3896062543041,23.9588199881284
2064-04-21 12:00:00,2064,4,21,NA,12.8238614763668,18.7821447791693
2064-04-22 12:00:00,2064,4,22,NA,9.96548545225905,21.2943354646213
2064-04-23 12:00:00,2064,4,23,NA,7.48464149173799,24.2578983007822
2064-04-24 12:00:00,2064,4,24,NA,4.83253927848018,16.607785511137
2064-04-25 12:00:00,2064,4,25,NA,4.86198715134122,23.0828588844026
2064-04-26 12:00:00,2064,4,26,NA,10.330129101379,25.7950631246929
2064-04-27 12:00:00,2064,4,27,NA,13.808132719242,28.3393659071548
2064-04-28 12:00:00,2064,4,28,NA,15.3563153273477,29.7836294322653
2064-04-29 12:00:00,2064,4,29,NA,13.8360593728329,29.6566664452776
2064-04-30 12:00:00,2064,4,30,NA,11.4995255507801,26.4399459223636
2064-05-01 12:00:00,2064,5,1,NA,12.7415373441779,27.7743318053268
2064-05-02 12:00:00,2064,5,2,NA,10.9374997116174,28.4421734685336
2064-05-03 12:00:00,2064,5,3,NA,12.1155498226351,27.3094329886558
2064-05-04 12:00:00,2064,5,4,NA,14.7769171086021,26.8776347815091
2064-05-05 12:00:00,2064,5,5,NA,11.581084390433,27.7270254834096
2064-05-06 12:00:00,2064,5,6,NA,14.6889392526388,26.40769899068
2064-05-07 12:00:00,2064,5,7,NA,13.7188097484193,25.4755892910844
2064-05-08 12:00:00,2064,5,8,NA,13.2840249628938,26.0412424078196
2064-05-09 12:00:00,2064,5,9,NA,16.0674242848772,21.9301653565915
2064-05-10 12:00:00,2064,5,10,NA,13.1391360071386,22.0616264754656
2064-05-11 12:00:00,2064,5,11,NA,13.9045252736607,21.4596274645639
2064-05-12 12:00:00,2064,5,12,NA,14.3314334399172,19.2241459187899
2064-05-13 12:00:00,2064,5,13,NA,15.4694114807087,24.2888144135117
2064-05-14 12:00:00,2064,5,14,NA,14.6448858320281,25.4284268533379
2064-05-15 12:00:00,2064,5,15,NA,12.5207254339516,23.7044133954182
2064-05-16 12:00:00,2064,5,16,NA,11.3214394710435,22.0870689849831
2064-05-17 12:00:00,2064,5,17,NA,12.0115572030106,22.844103155418
2064-05-18 12:00:00,2064,5,18,NA,10.4180381319504,18.2520013342598
2064-05-19 12:00:00,2064,5,19,NA,9.78327058961104,24.9584321566125
2064-05-20 12:00:00,2064,5,20,NA,14.7070988454255,18.6222683296249
2064-05-21 12:00:00,2064,5,21,NA,12.3311797184414,16.8410734663303
2064-05-22 12:00:00,2064,5,22,NA,9.35379106044784,20.6094655811481
2064-05-23 12:00:00,2064,5,23,NA,9.7224244609459,20.4334100936716
2064-05-24 12:00:00,2064,5,24,NA,10.2094292225788,22.8138274502223
2064-05-25 12:00:00,2064,5,25,NA,7.11677368953234,23.7504471775656
2064-05-26 12:00:00,2064,5,26,NA,9.89256759657182,20.9171888959241
2064-05-27 12:00:00,2064,5,27,NA,10.246856233995,18.5652987693948
2064-05-28 12:00:00,2064,5,28,NA,9.57500782386924,25.0515836726177
2064-05-29 12:00:00,2064,5,29,NA,15.4485419533822,30.4826912190764
2064-05-30 12:00:00,2064,5,30,NA,15.0312269729991,31.0050418681764
2064-05-31 12:00:00,2064,5,31,NA,15.325493052817,33.9146243718074
2064-06-01 12:00:00,2064,6,1,NA,17.8578868072122,31.4803596325823
2064-06-02 12:00:00,2064,6,2,NA,19.10279872334,24.0423308872876
2064-06-03 12:00:00,2064,6,3,NA,17.3373957335431,29.3653972962123
2064-06-04 12:00:00,2064,6,4,NA,19.0028311850412,29.086158103904
2064-06-05 12:00:00,2064,6,5,NA,18.8174293735967,30.8306918670404
2064-06-06 12:00:00,2064,6,6,NA,17.2104909136727,28.3598489391135
2064-06-07 12:00:00,2064,6,7,NA,18.9956650937615,32.0996325090211
2064-06-08 12:00:00,2064,6,8,NA,18.9303198115873,33.3881437175677
2064-06-09 12:00:00,2064,6,9,NA,19.9921136538703,31.6750014527676
2064-06-10 12:00:00,2064,6,10,NA,18.7906247137136,31.0072868869595
2064-06-11 12:00:00,2064,6,11,NA,19.0513536725708,32.914939325304
2064-06-12 12:00:00,2064,6,12,NA,19.9521099901303,33.4511520358527
2064-06-13 12:00:00,2064,6,13,NA,19.5636783644767,34.1596639424506
2064-06-14 12:00:00,2064,6,14,NA,22.5168940700533,32.8257113280128
2064-06-15 12:00:00,2064,6,15,NA,24.9597513660844,29.3156517111028
2064-06-16 12:00:00,2064,6,16,NA,22.6833868642666,30.516143957281
2064-06-17 12:00:00,2064,6,17,NA,21.3627229168344,29.6194182558785
2064-06-18 12:00:00,2064,6,18,NA,18.3470081984012,23.6331598975674
2064-06-19 12:00:00,2064,6,19,NA,16.1822565303353,27.3063628923775
2064-06-20 12:00:00,2064,6,20,NA,19.1691875144853,31.1971890771545
2064-06-21 12:00:00,2064,6,21,NA,19.6167253807741,30.7156191599612
2064-06-22 12:00:00,2064,6,22,NA,19.6257979811126,34.0089673231508
2064-06-23 12:00:00,2064,6,23,NA,19.3133171719834,26.3640905358816
2064-06-24 12:00:00,2064,6,24,NA,18.7301922155603,28.7791200416468
2064-06-25 12:00:00,2064,6,25,NA,20.5709185021145,28.633490271029
2064-06-26 12:00:00,2064,6,26,NA,15.0354765727906,31.087501561856
2064-06-27 12:00:00,2064,6,27,NA,19.5011945919918,27.7578899310359
2064-06-28 12:00:00,2064,6,28,NA,19.363638113389,25.4015425000991
2064-06-29 12:00:00,2064,6,29,NA,19.8725688399333,26.6639233587708
2064-06-30 12:00:00,2064,6,30,NA,21.1703084688162,29.2558745651993
2064-07-01 12:00:00,2064,7,1,NA,20.50237377211,29.1222242562598
2064-07-02 12:00:00,2064,7,2,NA,20.9701660552789,32.0942724173211
2064-07-03 12:00:00,2064,7,3,NA,20.6968087765931,29.2078383382418
2064-07-04 12:00:00,2064,7,4,NA,24.7108877979347,30.7994504377624
2064-07-05 12:00:00,2064,7,5,NA,26.725657181985,29.4931619313916
2064-07-06 12:00:00,2064,7,6,NA,22.5240277288282,26.4189112028554
2064-07-07 12:00:00,2064,7,7,NA,27.6491617278163,33.1608407148304
2064-07-08 12:00:00,2064,7,8,NA,28.2327802548516,31.8529908585761
2064-07-09 12:00:00,2064,7,9,NA,25.4029692252667,32.3069421136247
2064-07-10 12:00:00,2064,7,10,NA,20.5491895306626,26.4960962376213
2064-07-11 12:00:00,2064,7,11,NA,21.179118098645,29.2824854737155
2064-07-12 12:00:00,2064,7,12,NA,17.9760491368553,28.8794267336542
2064-07-13 12:00:00,2064,7,13,NA,20.2933509397079,26.5403657160297
2064-07-14 12:00:00,2064,7,14,NA,20.3833417270706,23.2755106129843
2064-07-15 12:00:00,2064,7,15,NA,17.8255794469352,25.9252311684911
2064-07-16 12:00:00,2064,7,16,NA,17.4234865024903,25.2947786596502
2064-07-17 12:00:00,2064,7,17,NA,18.2544162793918,26.263481058029
2064-07-18 12:00:00,2064,7,18,NA,19.6817399854037,26.6226759846409
2064-07-19 12:00:00,2064,7,19,NA,20.6620257000432,29.9416420712816
2064-07-20 12:00:00,2064,7,20,NA,21.9701468641215,29.7746833362564
2064-07-21 12:00:00,2064,7,21,NA,22.8996156618027,29.4468515199484
2064-07-22 12:00:00,2064,7,22,NA,23.509780124274,31.8633088756687
2064-07-23 12:00:00,2064,7,23,NA,22.5315365136556,27.690829477503
2064-07-24 12:00:00,2064,7,24,NA,22.3085000340706,28.1538428727407
2064-07-25 12:00:00,2064,7,25,NA,21.2862853036962,31.2044486698237
2064-07-26 12:00:00,2064,7,26,NA,24.0887857910689,33.9853184043422
2064-07-27 12:00:00,2064,7,27,NA,24.9017925169394,34.3459185359658
2064-07-28 12:00:00,2064,7,28,NA,24.5096928312135,32.5806556702785
2064-07-29 12:00:00,2064,7,29,NA,25.930485830928,34.001448669993
2064-07-30 12:00:00,2064,7,30,NA,29.0227215966763,35.5503275134557
2064-07-31 12:00:00,2064,7,31,NA,24.4522447415132,28.3110962070722
2064-08-01 12:00:00,2064,8,1,NA,24.6132613961902,28.5239797386553
2064-08-02 12:00:00,2064,8,2,NA,24.091559651173,28.9753898046457
2064-08-03 12:00:00,2064,8,3,NA,23.9444779683746,32.1383739438427
2064-08-04 12:00:00,2064,8,4,NA,24.2346430307537,29.7423221618037
2064-08-05 12:00:00,2064,8,5,NA,26.8390716334552,30.4171554889716
2064-08-06 12:00:00,2064,8,6,NA,25.8117393465862,34.6921867839403
2064-08-07 12:00:00,2064,8,7,NA,25.5298986172364,35.6248076050468
2064-08-08 12:00:00,2064,8,8,NA,28.6848308932687,34.7321300603727
2064-08-09 12:00:00,2064,8,9,NA,26.5612333817653,30.8932752110359
2064-08-10 12:00:00,2064,8,10,NA,23.6709161153351,26.9355281036826
2064-08-11 12:00:00,2064,8,11,NA,22.5982954175514,31.0358296694952
2064-08-12 12:00:00,2064,8,12,NA,23.0675518688155,31.6319334904002
2064-08-13 12:00:00,2064,8,13,NA,20.706651287136,26.3790373161936
2064-08-14 12:00:00,2064,8,14,NA,21.9093654570088,27.9942900376109
2064-08-15 12:00:00,2064,8,15,NA,22.506838289077,29.8211781793438
2064-08-16 12:00:00,2064,8,16,NA,26.6170472379079,29.6613967502662
2064-08-17 12:00:00,2064,8,17,NA,26.1103002937188,34.980648928872
2064-08-18 12:00:00,2064,8,18,NA,27.0641893802338,35.0272291054166
2064-08-19 12:00:00,2064,8,19,NA,27.1555512066727,33.5183980317637
2064-08-20 12:00:00,2064,8,20,NA,25.008573912118,33.6456792546766
2064-08-21 12:00:00,2064,8,21,NA,23.4895826890754,32.6525947884982
2064-08-22 12:00:00,2064,8,22,NA,24.0456655694904,34.5105459352595
2064-08-23 12:00:00,2064,8,23,NA,24.5302310667837,34.2393993834143
2064-08-24 12:00:00,2064,8,24,NA,24.407928327922,29.2152743037888
2064-08-25 12:00:00,2064,8,25,NA,25.740043654021,33.4207570266796
2064-08-26 12:00:00,2064,8,26,NA,24.8065903359693,34.7610557312423
2064-08-27 12:00:00,2064,8,27,NA,25.2878733296483,35.2906111407012
2064-08-28 12:00:00,2064,8,28,NA,25.2487130600181,35.3417613344356
2064-08-29 12:00:00,2064,8,29,NA,24.1372653363335,33.1165207903558
2064-08-30 12:00:00,2064,8,30,NA,26.8865264065913,34.0921781510493
2064-08-31 12:00:00,2064,8,31,NA,26.3793889072958,34.5664769968605
2064-09-01 12:00:00,2064,9,1,NA,27.8338222157228,30.4554070191767
2064-09-02 12:00:00,2064,9,2,NA,26.9720733144773,29.6451561933807
2064-09-03 12:00:00,2064,9,3,NA,26.0320103184736,31.6907952431952
2064-09-04 12:00:00,2064,9,4,NA,25.7635165120216,31.0444565936416
2064-09-05 12:00:00,2064,9,5,NA,24.2864855066187,32.9442711040576
2064-09-06 12:00:00,2064,9,6,NA,21.1694820909838,37.4698877348371
2064-09-07 12:00:00,2064,9,7,NA,18.8518325105726,33.2310924840433
2064-09-08 12:00:00,2064,9,8,NA,22.3447161422813,35.1891203905037
2064-09-09 12:00:00,2064,9,9,NA,23.0338689711,34.8130684892699
2064-09-10 12:00:00,2064,9,10,NA,22.8016532960191,35.0063623001623
2064-09-11 12:00:00,2064,9,11,NA,26.7101747192946,30.8677794412003
2064-09-12 12:00:00,2064,9,12,NA,20.6255921239061,30.9924615693935
2064-09-13 12:00:00,2064,9,13,NA,18.4567387106276,29.4952046993206
2064-09-14 12:00:00,2064,9,14,NA,17.7856705776748,24.8287383657504
2064-09-15 12:00:00,2064,9,15,NA,17.0664474526985,23.3046305596787
2064-09-16 12:00:00,2064,9,16,NA,19.378479395398,28.0017912339196
2064-09-17 12:00:00,2064,9,17,NA,19.2409572048062,22.1191219806784
2064-09-18 12:00:00,2064,9,18,NA,16.3932366901885,25.4069824351558
2064-09-19 12:00:00,2064,9,19,NA,17.0854588501402,28.5982747480356
2064-09-20 12:00:00,2064,9,20,NA,16.0317496243173,21.5759996389089
2064-09-21 12:00:00,2064,9,21,NA,15.9222640320919,26.5042539689383
2064-09-22 12:00:00,2064,9,22,NA,15.5325181857458,26.9479393367436
2064-09-23 12:00:00,2064,9,23,NA,16.4282062155235,27.0849971791337
2064-09-24 12:00:00,2064,9,24,NA,16.2315374124475,28.7014232062633
2064-09-25 12:00:00,2064,9,25,NA,16.7081425842172,27.9865849800125
2064-09-26 12:00:00,2064,9,26,NA,16.688570755783,27.5148831966742
2064-09-27 12:00:00,2064,9,27,NA,16.3024962965481,25.0395080586216
2064-09-28 12:00:00,2064,9,28,NA,13.0711814629447,24.6939670054089
2064-09-29 12:00:00,2064,9,29,NA,13.3333825286364,24.8422057236251
2064-09-30 12:00:00,2064,9,30,NA,14.4789819681437,26.1821058028413
2064-10-01 12:00:00,2064,10,1,NA,14.2497332655487,29.2328083262236
2064-10-02 12:00:00,2064,10,2,NA,15.4390884669029,29.8304355077272
2064-10-03 12:00:00,2064,10,3,NA,16.8833728157126,30.4471310479631
2064-10-04 12:00:00,2064,10,4,NA,15.8787857308678,29.2196229271685
2064-10-05 12:00:00,2064,10,5,NA,16.8132265395018,27.3896030064245
2064-10-06 12:00:00,2064,10,6,NA,21.7724671065687,27.2561590030436
2064-10-07 12:00:00,2064,10,7,NA,16.0464461916588,29.4289245111124
2064-10-08 12:00:00,2064,10,8,NA,16.8849441826936,30.5720882535405
2064-10-09 12:00:00,2064,10,9,NA,17.0996279489654,31.6246489292465
2064-10-10 12:00:00,2064,10,10,NA,20.8915763467249,31.8978685688064
2064-10-11 12:00:00,2064,10,11,NA,20.9320208250075,31.4447875232558
2064-10-12 12:00:00,2064,10,12,NA,21.4654661509534,28.3601635690569
2064-10-13 12:00:00,2064,10,13,NA,17.4829127955967,29.833476290003
2064-10-14 12:00:00,2064,10,14,NA,14.1834188226408,28.0092896950707
2064-10-15 12:00:00,2064,10,15,NA,14.821211251132,26.9301761968582
2064-10-16 12:00:00,2064,10,16,NA,16.0804368135801,22.9751342316837
2064-10-17 12:00:00,2064,10,17,NA,16.7400081905431,23.4584102819787
2064-10-18 12:00:00,2064,10,18,NA,11.6792046590196,23.6797253109172
2064-10-19 12:00:00,2064,10,19,NA,10.6073630375908,20.7550261976787
2064-10-20 12:00:00,2064,10,20,NA,10.8027518970731,22.7850116127938
2064-10-21 12:00:00,2064,10,21,NA,9.77439856002003,20.0630006956821
2064-10-22 12:00:00,2064,10,22,NA,8.46463714536407,21.8976494413382
2064-10-23 12:00:00,2064,10,23,NA,10.4721449619954,23.1008018782557
2064-10-24 12:00:00,2064,10,24,NA,11.9170818819876,19.7215676655426
2064-10-25 12:00:00,2064,10,25,NA,11.6430436294453,18.3293347960334
2064-10-26 12:00:00,2064,10,26,NA,10.9129548213652,18.5616568355793
2064-10-27 12:00:00,2064,10,27,NA,9.20205970857804,23.432497461092
2064-10-28 12:00:00,2064,10,28,NA,8.9421911701769,23.297323615571
2064-10-29 12:00:00,2064,10,29,NA,8.87398284863518,22.6718095376038
2064-10-30 12:00:00,2064,10,30,NA,8.60469614136237,22.4305670137922
2064-10-31 12:00:00,2064,10,31,NA,8.81770276675225,21.0082947706734
2064-11-01 12:00:00,2064,11,1,NA,7.03819502499867,21.6308894642082
2064-11-02 12:00:00,2064,11,2,NA,8.41667352440743,20.3703511003323
2064-11-03 12:00:00,2064,11,3,NA,5.91559182158991,16.1439375264315
2064-11-04 12:00:00,2064,11,4,NA,6.79211775303012,15.0840052317042
2064-11-05 12:00:00,2064,11,5,NA,9.78895427219856,18.0487320822199
2064-11-06 12:00:00,2064,11,6,NA,13.5573325870256,18.598682402373
2064-11-07 12:00:00,2064,11,7,NA,8.97044838038412,14.250637075302
2064-11-08 12:00:00,2064,11,8,NA,6.80840338821638,14.033648751318
2064-11-09 12:00:00,2064,11,9,NA,7.88509291515168,16.1660856215832
2064-11-10 12:00:00,2064,11,10,NA,9.26495262196669,17.3633811730972
2064-11-11 12:00:00,2064,11,11,NA,8.46870966785268,18.4086063077942
2064-11-12 12:00:00,2064,11,12,NA,12.6136135911508,16.7250567733831
2064-11-13 12:00:00,2064,11,13,NA,8.91785602496376,16.1574316803236
2064-11-14 12:00:00,2064,11,14,NA,8.0905725709005,13.8794976173054
2064-11-15 12:00:00,2064,11,15,NA,11.2050310560791,14.0832353506021
2064-11-16 12:00:00,2064,11,16,NA,7.40577763300496,16.4354980586772
2064-11-17 12:00:00,2064,11,17,NA,9.44485047248557,17.7285235897737
2064-11-18 12:00:00,2064,11,18,NA,11.2384139675891,15.9737571043878
2064-11-19 12:00:00,2064,11,19,NA,8.40589036731443,14.6268803356818
2064-11-20 12:00:00,2064,11,20,NA,7.10570748682831,15.6696424538567
2064-11-21 12:00:00,2064,11,21,NA,6.06881400785587,11.3490027027738
2064-11-22 12:00:00,2064,11,22,NA,3.87511984592319,13.1297134857017
2064-11-23 12:00:00,2064,11,23,NA,-0.154840866980498,5.68575756256635
2064-11-24 12:00:00,2064,11,24,NA,0.547949213826386,12.3322462689863
2064-11-25 12:00:00,2064,11,25,NA,0.874742983608111,13.3948325712194
2064-11-26 12:00:00,2064,11,26,NA,-0.876865203880428,15.976255823891
2064-11-27 12:00:00,2064,11,27,NA,0.459421791147447,16.8110066876994
2064-11-28 12:00:00,2064,11,28,NA,1.92220473454586,12.2916387007901
2064-11-29 12:00:00,2064,11,29,NA,1.69582373176043,11.8068916553975
2064-11-30 12:00:00,2064,11,30,NA,1.52319278198693,13.7120645239652
2064-12-01 12:00:00,2064,12,1,NA,-0.119840742845944,12.9810880105623
2064-12-02 12:00:00,2064,12,2,NA,0.940525615736457,13.2494766717178
2064-12-03 12:00:00,2064,12,3,NA,3.62429070777152,14.4123702488977
2064-12-04 12:00:00,2064,12,4,NA,2.72139857311505,14.9525285857367
2064-12-05 12:00:00,2064,12,5,NA,0.917325428745416,13.8697658873002
2064-12-06 12:00:00,2064,12,6,NA,1.85747362662393,9.9963943168246
2064-12-07 12:00:00,2064,12,7,NA,1.88459304843426,14.6565036366586
2064-12-08 12:00:00,2064,12,8,NA,0.905399478927081,15.2852576570155
2064-12-09 12:00:00,2064,12,9,NA,-1.17503558639957,7.89462879566241
2064-12-10 12:00:00,2064,12,10,NA,-2.28145392082225,9.84787028900188
2064-12-11 12:00:00,2064,12,11,NA,0.862481410794293,14.4619213094088
2064-12-12 12:00:00,2064,12,12,NA,1.28481750975638,12.7050794254569
2064-12-13 12:00:00,2064,12,13,NA,2.1980216527598,14.1150264679101
2064-12-14 12:00:00,2064,12,14,NA,0.295021004587041,11.5728035773663
2064-12-15 12:00:00,2064,12,15,NA,-6.50088937012417,-0.329725650438793
2064-12-16 12:00:00,2064,12,16,NA,-5.45098513823471,2.21874231700129
2064-12-17 12:00:00,2064,12,17,NA,-5.92666717626577,4.29233116129872
2064-12-18 12:00:00,2064,12,18,NA,-5.99538158356888,7.26994962043432
2064-12-19 12:00:00,2064,12,19,NA,-4.29097602494001,9.97302851663151
2064-12-20 12:00:00,2064,12,20,NA,-14.3098210014998,3.3025904161507
2064-12-21 12:00:00,2064,12,21,NA,-7.54255368233168,4.56143141747806
2064-12-22 12:00:00,2064,12,22,NA,-5.87750366381396,0.405584846111339
2064-12-23 12:00:00,2064,12,23,NA,-6.39985769683706,5.216976797115
2064-12-24 12:00:00,2064,12,24,NA,-3.92430105610611,8.32755281867022
2064-12-25 12:00:00,2064,12,25,NA,-0.230479891523611,5.11723914577801
2064-12-26 12:00:00,2064,12,26,NA,-0.0449852798149744,8.45313592841212
2064-12-27 12:00:00,2064,12,27,NA,-4.12043593238077,6.59252599074668
2064-12-28 12:00:00,2064,12,28,NA,-2.41859663457984,10.3587937558878
2064-12-29 12:00:00,2064,12,29,NA,-1.97993187295539,10.3308155760444
2064-12-30 12:00:00,2064,12,30,NA,3.85144893558188,11.0916551108487
2064-12-31 12:00:00,2064,12,31,NA,0.0991194485761602,15.3209446529089
2065-01-01 12:00:00,2065,1,1,NA,-1.74148346411375,13.480341740219
2065-01-02 12:00:00,2065,1,2,NA,-0.0558199910759853,13.3117086771366
2065-01-03 12:00:00,2065,1,3,NA,-3.38381146270063,6.05795908498567
2065-01-04 12:00:00,2065,1,4,NA,-2.52063544220835,8.28946861392043
2065-01-05 12:00:00,2065,1,5,NA,-4.47757146505439,3.37063113753016
2065-01-06 12:00:00,2065,1,6,NA,-4.27949853308233,4.39702906302641
2065-01-07 12:00:00,2065,1,7,NA,-4.59235127354729,5.23776327801107
2065-01-08 12:00:00,2065,1,8,NA,-2.75323930436506,8.29782752082445
2065-01-09 12:00:00,2065,1,9,NA,-3.81004598703809,8.5266741386289
2065-01-10 12:00:00,2065,1,10,NA,-5.2238729260705,6.91701106734338
2065-01-11 12:00:00,2065,1,11,NA,-1.10085020489016,6.72590856976077
2065-01-12 12:00:00,2065,1,12,NA,-3.42123571624516,4.82968053746733
2065-01-13 12:00:00,2065,1,13,NA,-6.78060492533329,4.52449247184984
2065-01-14 12:00:00,2065,1,14,NA,-7.03781789269676,1.50751567869249
2065-01-15 12:00:00,2065,1,15,NA,-6.43523052873234,2.06009973547778
2065-01-16 12:00:00,2065,1,16,NA,-2.36393749226384,6.41036417186796
2065-01-17 12:00:00,2065,1,17,NA,-1.56715980176054,8.20056814128496
2065-01-18 12:00:00,2065,1,18,NA,-0.297183161788371,8.59672951764398
2065-01-19 12:00:00,2065,1,19,NA,0.601990279547196,3.84778211556558
2065-01-20 12:00:00,2065,1,20,NA,0.617646527276003,3.67589482957712
2065-01-21 12:00:00,2065,1,21,NA,-1.71185463686352,10.6829029224232
2065-01-22 12:00:00,2065,1,22,NA,-0.620064167738446,10.1900398883903
2065-01-23 12:00:00,2065,1,23,NA,-1.28948098475817,13.1317435549618
2065-01-24 12:00:00,2065,1,24,NA,0.554855200991134,13.222753512017
2065-01-25 12:00:00,2065,1,25,NA,2.99086433662428,6.73854387048742
2065-01-26 12:00:00,2065,1,26,NA,0.310660388004068,5.36656208666264
2065-01-27 12:00:00,2065,1,27,NA,-0.801648600103715,6.40183148470601
2065-01-28 12:00:00,2065,1,28,NA,-1.90603539002741,7.76431965675343
2065-01-29 12:00:00,2065,1,29,NA,-1.07900792196658,7.16500793005494
2065-01-30 12:00:00,2065,1,30,NA,-4.59231131929348,4.94594405569145
2065-01-31 12:00:00,2065,1,31,NA,-1.76290070275759,1.30292095420407
2065-02-01 12:00:00,2065,2,1,NA,-3.20643491128968,6.32326459758233
2065-02-02 12:00:00,2065,2,2,NA,-4.4752641307735,6.74241735264364
2065-02-03 12:00:00,2065,2,3,NA,-6.75909803249651,3.76388204324616
2065-02-04 12:00:00,2065,2,4,NA,-4.42899645284793,8.1301765516548
2065-02-05 12:00:00,2065,2,5,NA,-3.13042648895966,5.44965797312956
2065-02-06 12:00:00,2065,2,6,NA,-6.33555082915097,3.52532314186979
2065-02-07 12:00:00,2065,2,7,NA,-6.89477222383039,8.2895701973964
2065-02-08 12:00:00,2065,2,8,NA,-2.93608192222453,12.0383187831355
2065-02-09 12:00:00,2065,2,9,NA,-1.29071403390284,11.3710478627908
2065-02-10 12:00:00,2065,2,10,NA,-1.65691329885839,12.8301403645849
2065-02-11 12:00:00,2065,2,11,NA,-4.16725638406671,1.70598658875453
2065-02-12 12:00:00,2065,2,12,NA,-5.61791403708222,-1.33798574346305
2065-02-13 12:00:00,2065,2,13,NA,-4.25905284042402,6.14111907475663
2065-02-14 12:00:00,2065,2,14,NA,-7.97211511265249,-4.59824855872063
2065-02-15 12:00:00,2065,2,15,NA,-2.24874870273821,4.7825266210239
2065-02-16 12:00:00,2065,2,16,NA,-3.26829279351153,7.23587094497992
2065-02-17 12:00:00,2065,2,17,NA,-3.74476956560264,11.731589797888
2065-02-18 12:00:00,2065,2,18,NA,0.413861328435667,2.47535339786974
2065-02-19 12:00:00,2065,2,19,NA,0.199334531078728,5.96102588501409
2065-02-20 12:00:00,2065,2,20,NA,0.169336980068207,10.352730223093
2065-02-21 12:00:00,2065,2,21,NA,-0.996979279532676,6.31653689365286
2065-02-22 12:00:00,2065,2,22,NA,-3.10701696577295,10.4845129887609
2065-02-23 12:00:00,2065,2,23,NA,0.396810063888457,14.241649265174
2065-02-24 12:00:00,2065,2,24,NA,2.84986254225542,11.9762595980569
2065-02-25 12:00:00,2065,2,25,NA,4.11979017626329,13.4235966908718
2065-02-26 12:00:00,2065,2,26,NA,-1.25054496110387,13.9934128629694
2065-02-27 12:00:00,2065,2,27,NA,-0.492012477033652,13.8637351369829
2065-02-28 12:00:00,2065,2,28,NA,-1.3598914753224,16.1870101412361
2065-03-01 12:00:00,2065,3,1,NA,-1.98386723108227,13.0037826238355
2065-03-02 12:00:00,2065,3,2,NA,0.216651588191676,11.4831241982883
2065-03-03 12:00:00,2065,3,3,NA,-2.22494757375064,7.88613799197141
2065-03-04 12:00:00,2065,3,4,NA,1.75811513716693,13.9244072060901
2065-03-05 12:00:00,2065,3,5,NA,0.624314768575803,11.3968804135035
2065-03-06 12:00:00,2065,3,6,NA,0.120250313801582,12.1176720539548
2065-03-07 12:00:00,2065,3,7,NA,-3.43309241642677,9.55483770749588
2065-03-08 12:00:00,2065,3,8,NA,-3.49206310033199,12.957397706411
2065-03-09 12:00:00,2065,3,9,NA,-1.49435209323029,14.6960191115486
2065-03-10 12:00:00,2065,3,10,NA,0.740280460226533,16.7616105443077
2065-03-11 12:00:00,2065,3,11,NA,3.79349914125619,12.4109948862907
2065-03-12 12:00:00,2065,3,12,NA,1.06471369018931,14.2255470898653
2065-03-13 12:00:00,2065,3,13,NA,1.09012484366961,15.0168318782895
2065-03-14 12:00:00,2065,3,14,NA,-2.02202976848296,12.0567594873502
2065-03-15 12:00:00,2065,3,15,NA,-3.50278586217276,13.3269141632842
2065-03-16 12:00:00,2065,3,16,NA,0.458188225090789,13.3971578071865
2065-03-17 12:00:00,2065,3,17,NA,-4.73564274016853,10.4441732430111
2065-03-18 12:00:00,2065,3,18,NA,-1.47294225835568,12.9195235461693
2065-03-19 12:00:00,2065,3,19,NA,-0.231784199541591,6.12009957686344
2065-03-20 12:00:00,2065,3,20,NA,-2.07501621672099,10.0841437941527
2065-03-21 12:00:00,2065,3,21,NA,-2.82259142810182,14.4214507501564
2065-03-22 12:00:00,2065,3,22,NA,1.76594925960673,17.837025379114
2065-03-23 12:00:00,2065,3,23,NA,3.9779565829905,16.8694857648524
2065-03-24 12:00:00,2065,3,24,NA,2.54622271613662,17.48756467709
2065-03-25 12:00:00,2065,3,25,NA,3.73288420790118,18.8243881504862
2065-03-26 12:00:00,2065,3,26,NA,1.92709858870679,11.7049605169812
2065-03-27 12:00:00,2065,3,27,NA,2.0360701543444,14.151086116039
2065-03-28 12:00:00,2065,3,28,NA,3.60248326555111,18.253508587656
2065-03-29 12:00:00,2065,3,29,NA,3.60318967787157,11.8493303692476
2065-03-30 12:00:00,2065,3,30,NA,-0.360214013157957,9.4714982920904
2065-03-31 12:00:00,2065,3,31,NA,-0.0659213279066186,11.9949041477059
2065-04-01 12:00:00,2065,4,1,NA,-4.65371450638088,15.41619713459
2065-04-02 12:00:00,2065,4,2,NA,2.80843308149644,13.9849113436671
2065-04-03 12:00:00,2065,4,3,NA,2.76107098153679,17.5242184382789
2065-04-04 12:00:00,2065,4,4,NA,2.68046629885162,17.6912364102279
2065-04-05 12:00:00,2065,4,5,NA,5.90288588461788,21.6144271304626
2065-04-06 12:00:00,2065,4,6,NA,6.26359721371307,23.9472874437015
2065-04-07 12:00:00,2065,4,7,NA,8.69254285646469,24.6358905994065
2065-04-08 12:00:00,2065,4,8,NA,5.08061366686929,20.0920194904264
2065-04-09 12:00:00,2065,4,9,NA,5.20748459242354,22.0313054005059
2065-04-10 12:00:00,2065,4,10,NA,3.41297976050244,22.0635355044039
2065-04-11 12:00:00,2065,4,11,NA,6.57676280522117,19.3407896327092
2065-04-12 12:00:00,2065,4,12,NA,6.46864279623267,16.1652894441851
2065-04-13 12:00:00,2065,4,13,NA,7.7674404542781,14.8005682859421
2065-04-14 12:00:00,2065,4,14,NA,10.3627701939324,19.6802492487176
2065-04-15 12:00:00,2065,4,15,NA,12.984526881633,25.7700152180114
2065-04-16 12:00:00,2065,4,16,NA,6.35888707432503,21.2319990384069
2065-04-17 12:00:00,2065,4,17,NA,6.72595461745324,23.4338455456596
2065-04-18 12:00:00,2065,4,18,NA,7.64045429272957,23.7660913691325
2065-04-19 12:00:00,2065,4,19,NA,4.35473784249251,21.3791147486409
2065-04-20 12:00:00,2065,4,20,NA,8.52985747099288,25.2155357632532
2065-04-21 12:00:00,2065,4,21,NA,7.67912970443206,23.3879765982154
2065-04-22 12:00:00,2065,4,22,NA,11.5567798581696,19.4811921057847
2065-04-23 12:00:00,2065,4,23,NA,11.9615670749166,24.9653462634276
2065-04-24 12:00:00,2065,4,24,NA,12.8462444584085,22.4381873325323
2065-04-25 12:00:00,2065,4,25,NA,11.2094987210567,17.9853538317012
2065-04-26 12:00:00,2065,4,26,NA,11.0643121411899,15.1540048920868
2065-04-27 12:00:00,2065,4,27,NA,9.78824545264899,14.8183557781992
2065-04-28 12:00:00,2065,4,28,NA,10.6020230170863,19.3492498836184
2065-04-29 12:00:00,2065,4,29,NA,8.37136724091482,22.2801254347901
2065-04-30 12:00:00,2065,4,30,NA,9.49866933354724,27.6902525319509
2065-05-01 12:00:00,2065,5,1,NA,11.2158599369964,29.0205966114557
2065-05-02 12:00:00,2065,5,2,NA,7.62948976349384,25.2321083762544
2065-05-03 12:00:00,2065,5,3,NA,10.5115317931331,26.273792199035
2065-05-04 12:00:00,2065,5,4,NA,11.855808611724,24.1212653086813
2065-05-05 12:00:00,2065,5,5,NA,8.75710912771097,19.6397986033266
2065-05-06 12:00:00,2065,5,6,NA,10.8415811242405,21.2346713371071
2065-05-07 12:00:00,2065,5,7,NA,10.1792112769824,23.9439822746268
2065-05-08 12:00:00,2065,5,8,NA,14.1934384818129,26.0482425416025
2065-05-09 12:00:00,2065,5,9,NA,14.3546720082274,24.2420462582947
2065-05-10 12:00:00,2065,5,10,NA,13.9478451983784,22.7491490941452
2065-05-11 12:00:00,2065,5,11,NA,13.9143044464452,24.3073946593117
2065-05-12 12:00:00,2065,5,12,NA,15.1516214881034,21.1328522803579
2065-05-13 12:00:00,2065,5,13,NA,12.9821551324092,21.5772841112803
2065-05-14 12:00:00,2065,5,14,NA,11.6397885404465,26.3548751065534
2065-05-15 12:00:00,2065,5,15,NA,15.121673380556,30.0556964334379
2065-05-16 12:00:00,2065,5,16,NA,15.4777839689852,28.4629127925952
2065-05-17 12:00:00,2065,5,17,NA,14.4954733516158,29.5094191108153
2065-05-18 12:00:00,2065,5,18,NA,14.2807626418598,30.9246922612891
2065-05-19 12:00:00,2065,5,19,NA,15.5829492715927,30.7626330146735
2065-05-20 12:00:00,2065,5,20,NA,12.5729083207097,30.1272761299441
2065-05-21 12:00:00,2065,5,21,NA,14.2665337855303,30.9028131836089
2065-05-22 12:00:00,2065,5,22,NA,17.6288781477346,25.3453636576545
2065-05-23 12:00:00,2065,5,23,NA,12.7388271844761,18.620327836027
2065-05-24 12:00:00,2065,5,24,NA,13.9207165605809,28.9332197345568
2065-05-25 12:00:00,2065,5,25,NA,15.2543051540829,31.5052730545389
2065-05-26 12:00:00,2065,5,26,NA,15.5563353446679,30.606182452851
2065-05-27 12:00:00,2065,5,27,NA,18.3373168623652,30.8543449280178
2065-05-28 12:00:00,2065,5,28,NA,19.3994420378989,31.2825890258728
2065-05-29 12:00:00,2065,5,29,NA,15.146646296657,30.1514968075463
2065-05-30 12:00:00,2065,5,30,NA,19.3961738558368,24.8341043582349
2065-05-31 12:00:00,2065,5,31,NA,15.7202321800627,24.7187372472302
2065-06-01 12:00:00,2065,6,1,NA,15.1788021153716,24.4406475336576
2065-06-02 12:00:00,2065,6,2,NA,13.4833710238081,26.4832926908729
2065-06-03 12:00:00,2065,6,3,NA,16.4104281249519,27.476090225016
2065-06-04 12:00:00,2065,6,4,NA,17.9702713915622,29.0590719351614
2065-06-05 12:00:00,2065,6,5,NA,16.403742674769,24.4893087711522
2065-06-06 12:00:00,2065,6,6,NA,16.9003454406209,24.8083411261466
2065-06-07 12:00:00,2065,6,7,NA,18.651090808022,27.6688676925727
2065-06-08 12:00:00,2065,6,8,NA,17.3114046814872,23.3032348487268
2065-06-09 12:00:00,2065,6,9,NA,17.5198460359536,29.6391457390503
2065-06-10 12:00:00,2065,6,10,NA,18.8259406383103,29.3503772964451
2065-06-11 12:00:00,2065,6,11,NA,18.4192150322956,26.7369277738522
2065-06-12 12:00:00,2065,6,12,NA,17.1567019008407,29.4141092336934
2065-06-13 12:00:00,2065,6,13,NA,19.0706246946473,25.6817353647883
2065-06-14 12:00:00,2065,6,14,NA,18.453824593013,21.479228683525
2065-06-15 12:00:00,2065,6,15,NA,20.0315073195444,25.2036452396152
2065-06-16 12:00:00,2065,6,16,NA,19.6330382639604,29.4125534576958
2065-06-17 12:00:00,2065,6,17,NA,18.1585646494065,30.1718271428501
2065-06-18 12:00:00,2065,6,18,NA,21.9606097741108,31.7241007084852
2065-06-19 12:00:00,2065,6,19,NA,20.734491527762,30.0236802875566
2065-06-20 12:00:00,2065,6,20,NA,20.3925291084848,29.6310294249962
2065-06-21 12:00:00,2065,6,21,NA,20.0409169864196,31.2637746462102
2065-06-22 12:00:00,2065,6,22,NA,22.2720454085817,29.7867728726173
2065-06-23 12:00:00,2065,6,23,NA,22.8137433605164,27.5052665865852
2065-06-24 12:00:00,2065,6,24,NA,24.8363872200787,29.5338782077874
2065-06-25 12:00:00,2065,6,25,NA,23.0851235662995,29.3468837150145
2065-06-26 12:00:00,2065,6,26,NA,22.5605617650899,28.8755535290041
2065-06-27 12:00:00,2065,6,27,NA,23.1003908615327,31.631074015048
2065-06-28 12:00:00,2065,6,28,NA,21.5931567133149,27.0817608128049
2065-06-29 12:00:00,2065,6,29,NA,20.9844638337853,30.4295984960156
2065-06-30 12:00:00,2065,6,30,NA,20.8166813994841,30.9193516065046
2065-07-01 12:00:00,2065,7,1,NA,20.4142261601574,33.1575898054082
2065-07-02 12:00:00,2065,7,2,NA,21.5642341668526,33.6770653210412
2065-07-03 12:00:00,2065,7,3,NA,23.3224031130462,31.379223068588
2065-07-04 12:00:00,2065,7,4,NA,24.5901091713773,32.8257646413456
2065-07-05 12:00:00,2065,7,5,NA,25.4621191511977,33.8156479025925
2065-07-06 12:00:00,2065,7,6,NA,24.1281283321094,32.9896501280145
2065-07-07 12:00:00,2065,7,7,NA,25.4829907656699,32.9257642815062
2065-07-08 12:00:00,2065,7,8,NA,25.7735425139642,32.3363579989862
2065-07-09 12:00:00,2065,7,9,NA,24.3328956038376,34.0289072610539
2065-07-10 12:00:00,2065,7,10,NA,25.6757500446757,35.3461383633403
2065-07-11 12:00:00,2065,7,11,NA,26.6167338939455,33.7978161719762
2065-07-12 12:00:00,2065,7,12,NA,24.7750770195443,34.8647409485106
2065-07-13 12:00:00,2065,7,13,NA,26.3474283356993,33.1183282031603
2065-07-14 12:00:00,2065,7,14,NA,25.5617026002678,33.9753668415183
2065-07-15 12:00:00,2065,7,15,NA,24.4480629198065,31.3113400289416
2065-07-16 12:00:00,2065,7,16,NA,22.9176810705437,31.4258804345693
2065-07-17 12:00:00,2065,7,17,NA,22.2467426803354,25.3314586398601
2065-07-18 12:00:00,2065,7,18,NA,22.1757073484228,30.9375274569664
2065-07-19 12:00:00,2065,7,19,NA,23.5428335047899,31.1547864775997
2065-07-20 12:00:00,2065,7,20,NA,24.3542136606348,30.6586338006179
2065-07-21 12:00:00,2065,7,21,NA,26.3591238930496,30.3170601759655
2065-07-22 12:00:00,2065,7,22,NA,24.1886065722028,31.7771365791307
2065-07-23 12:00:00,2065,7,23,NA,20.4570558763636,26.2761004166136
2065-07-24 12:00:00,2065,7,24,NA,20.0649371064851,30.4654218320602
2065-07-25 12:00:00,2065,7,25,NA,21.9491219043387,32.2735168457601
2065-07-26 12:00:00,2065,7,26,NA,23.783152574745,32.4951567988095
2065-07-27 12:00:00,2065,7,27,NA,24.5484602150216,29.9683317826531
2065-07-28 12:00:00,2065,7,28,NA,23.7006323663707,31.4737638358296
2065-07-29 12:00:00,2065,7,29,NA,24.415874954624,35.1124679337197
2065-07-30 12:00:00,2065,7,30,NA,26.8194059483329,32.1621210702312
2065-07-31 12:00:00,2065,7,31,NA,24.0354865011328,32.1752348149583
2065-08-01 12:00:00,2065,8,1,NA,23.2422107447539,32.1327261456286
2065-08-02 12:00:00,2065,8,2,NA,25.3002834063839,32.1851944142052
2065-08-03 12:00:00,2065,8,3,NA,22.9761954091022,33.0299186415904
2065-08-04 12:00:00,2065,8,4,NA,23.8313204263424,33.9263431747179
2065-08-05 12:00:00,2065,8,5,NA,26.1324948851297,33.6366208380734
2065-08-06 12:00:00,2065,8,6,NA,25.278765663934,33.9374121787031
2065-08-07 12:00:00,2065,8,7,NA,25.7247679909401,36.2897726685457
2065-08-08 12:00:00,2065,8,8,NA,26.3357195202132,35.6075321975415
2065-08-09 12:00:00,2065,8,9,NA,24.0717171413808,35.6167565354181
2065-08-10 12:00:00,2065,8,10,NA,25.5206912670032,34.1375129928008
2065-08-11 12:00:00,2065,8,11,NA,23.9778053524776,26.5993901559316
2065-08-12 12:00:00,2065,8,12,NA,22.3720597925632,30.7471228671886
2065-08-13 12:00:00,2065,8,13,NA,22.8480225157906,33.6128400247594
2065-08-14 12:00:00,2065,8,14,NA,25.5471771178723,34.5782988283443
2065-08-15 12:00:00,2065,8,15,NA,24.8591453980436,36.3859765045386
2065-08-16 12:00:00,2065,8,16,NA,26.9438614503479,31.7612023878476
2065-08-17 12:00:00,2065,8,17,NA,25.9162769316449,30.7263841436151
2065-08-18 12:00:00,2065,8,18,NA,26.4171010584635,33.3524050267798
2065-08-19 12:00:00,2065,8,19,NA,26.918715005136,33.6645662367044
2065-08-20 12:00:00,2065,8,20,NA,23.3435724175448,25.9651572209987
2065-08-21 12:00:00,2065,8,21,NA,22.5486816029203,31.5778047854923
2065-08-22 12:00:00,2065,8,22,NA,22.8811915548878,28.8625124911716
2065-08-23 12:00:00,2065,8,23,NA,22.0187984423453,30.6747535627774
2065-08-24 12:00:00,2065,8,24,NA,23.7350268104241,27.8028189957297
2065-08-25 12:00:00,2065,8,25,NA,22.0357804430681,31.7449487596987
2065-08-26 12:00:00,2065,8,26,NA,25.5108568648603,31.4081227998153
2065-08-27 12:00:00,2065,8,27,NA,23.9925506464524,32.4728576688828
2065-08-28 12:00:00,2065,8,28,NA,22.5525576633514,32.1966802307614
2065-08-29 12:00:00,2065,8,29,NA,23.3173079237226,33.8260272660092
2065-08-30 12:00:00,2065,8,30,NA,23.6572561720688,33.7640930145121
2065-08-31 12:00:00,2065,8,31,NA,22.5001623063757,34.2092990907066
2065-09-01 12:00:00,2065,9,1,NA,22.9393252146938,33.7191601581138
2065-09-02 12:00:00,2065,9,2,NA,21.1786182473554,29.8372647621245
2065-09-03 12:00:00,2065,9,3,NA,18.3493293343112,32.7356816789321
2065-09-04 12:00:00,2065,9,4,NA,21.1576441887317,27.5110893254109
2065-09-05 12:00:00,2065,9,5,NA,20.950576484377,22.7646214359638
2065-09-06 12:00:00,2065,9,6,NA,20.2205395305219,25.4999405848011
2065-09-07 12:00:00,2065,9,7,NA,17.6575221591346,27.1969959872648
2065-09-08 12:00:00,2065,9,8,NA,18.6766858412918,30.2379166938474
2065-09-09 12:00:00,2065,9,9,NA,18.077616935415,27.8469488030041
2065-09-10 12:00:00,2065,9,10,NA,18.5350868367577,30.0385356199433
2065-09-11 12:00:00,2065,9,11,NA,19.4163876125657,29.3045933893058
2065-09-12 12:00:00,2065,9,12,NA,19.4847821442538,26.5278499323294
2065-09-13 12:00:00,2065,9,13,NA,20.812592386106,29.2420083453802
2065-09-14 12:00:00,2065,9,14,NA,21.1012236190415,32.5367834444733
2065-09-15 12:00:00,2065,9,15,NA,22.4226613959972,32.0117128008187
2065-09-16 12:00:00,2065,9,16,NA,19.9672349056422,30.057435116108
2065-09-17 12:00:00,2065,9,17,NA,20.3197053773747,31.2100733413201
2065-09-18 12:00:00,2065,9,18,NA,20.6509108425747,31.1904534048404
2065-09-19 12:00:00,2065,9,19,NA,20.9378546004221,33.3262884049957
2065-09-20 12:00:00,2065,9,20,NA,22.7954755272491,34.2333894299159
2065-09-21 12:00:00,2065,9,21,NA,22.4734002838903,31.9853376945825
2065-09-22 12:00:00,2065,9,22,NA,21.4706665914557,31.0955888565156
2065-09-23 12:00:00,2065,9,23,NA,23.7511170894137,29.5191758489414
2065-09-24 12:00:00,2065,9,24,NA,22.330419097931,30.5017950619137
2065-09-25 12:00:00,2065,9,25,NA,21.9614997594148,29.6293848847622
2065-09-26 12:00:00,2065,9,26,NA,20.8726136632968,30.4721819112857
2065-09-27 12:00:00,2065,9,27,NA,19.979496830736,31.1152965849038
2065-09-28 12:00:00,2065,9,28,NA,20.7038107439547,27.9092065200656
2065-09-29 12:00:00,2065,9,29,NA,17.7995426413955,26.4309175097569
2065-09-30 12:00:00,2065,9,30,NA,13.7983904923585,21.0706940373854
2065-10-01 12:00:00,2065,10,1,NA,14.0639681706613,22.340542142748
2065-10-02 12:00:00,2065,10,2,NA,12.6656870812889,28.019732222088
2065-10-03 12:00:00,2065,10,3,NA,15.5785912036696,28.5341366661823
2065-10-04 12:00:00,2065,10,4,NA,13.7491320234279,30.5839645907127
2065-10-05 12:00:00,2065,10,5,NA,15.7357659748463,29.4132130839517
2065-10-06 12:00:00,2065,10,6,NA,14.3718021296629,28.408584472243
2065-10-07 12:00:00,2065,10,7,NA,8.65457429340187,21.7808637819685
2065-10-08 12:00:00,2065,10,8,NA,8.57817683721598,24.0908026609792
2065-10-09 12:00:00,2065,10,9,NA,10.4434004506025,23.9272998064277
2065-10-10 12:00:00,2065,10,10,NA,12.717862215422,15.6864373941544
2065-10-11 12:00:00,2065,10,11,NA,12.7054747155722,22.3975158785261
2065-10-12 12:00:00,2065,10,12,NA,10.8807790980798,17.5725248641437
2065-10-13 12:00:00,2065,10,13,NA,9.43154881265367,21.3928629801451
2065-10-14 12:00:00,2065,10,14,NA,10.4281578832764,22.6652488205064
2065-10-15 12:00:00,2065,10,15,NA,12.0047805507104,25.2728386741032
2065-10-16 12:00:00,2065,10,16,NA,10.6855411708945,23.1383184346547
2065-10-17 12:00:00,2065,10,17,NA,8.9709896592916,24.7991141585983
2065-10-18 12:00:00,2065,10,18,NA,12.9698764967643,27.3809615828854
2065-10-19 12:00:00,2065,10,19,NA,14.6373596609015,26.0744166637895
2065-10-20 12:00:00,2065,10,20,NA,14.1274462398759,25.2932914716399
2065-10-21 12:00:00,2065,10,21,NA,13.2465235933263,20.2322362191045
2065-10-22 12:00:00,2065,10,22,NA,13.7429814766355,20.9978416948925
2065-10-23 12:00:00,2065,10,23,NA,11.3789356375056,22.7333394824906
2065-10-24 12:00:00,2065,10,24,NA,10.4070148080186,23.5458720122774
2065-10-25 12:00:00,2065,10,25,NA,10.2673027389321,21.8937306639348
2065-10-26 12:00:00,2065,10,26,NA,11.8665848668429,22.5328998146295
2065-10-27 12:00:00,2065,10,27,NA,9.518369225733,19.468502696362
2065-10-28 12:00:00,2065,10,28,NA,10.0192099309325,16.703301230167
2065-10-29 12:00:00,2065,10,29,NA,6.96953482473683,13.8642322428404
2065-10-30 12:00:00,2065,10,30,NA,6.09720659736505,17.404348202222
2065-10-31 12:00:00,2065,10,31,NA,6.39311333374245,19.6682707874285
2065-11-01 12:00:00,2065,11,1,NA,8.34787860151955,20.5613491244875
2065-11-02 12:00:00,2065,11,2,NA,9.93109947316668,22.4210654886512
2065-11-03 12:00:00,2065,11,3,NA,11.0647854653612,25.1550320175572
2065-11-04 12:00:00,2065,11,4,NA,11.4167829100565,21.1207071881334
2065-11-05 12:00:00,2065,11,5,NA,16.3447151867823,19.4500162152848
2065-11-06 12:00:00,2065,11,6,NA,12.8696673193125,14.0153145101801
2065-11-07 12:00:00,2065,11,7,NA,10.402120950232,19.0190995443333
2065-11-08 12:00:00,2065,11,8,NA,14.7000032396974,20.8570503973717
2065-11-09 12:00:00,2065,11,9,NA,9.58139964093914,17.5587679756961
2065-11-10 12:00:00,2065,11,10,NA,10.1176506605452,16.7310907428385
2065-11-11 12:00:00,2065,11,11,NA,6.33495861479479,19.0449656565249
2065-11-12 12:00:00,2065,11,12,NA,8.4096819614526,19.8596746902991
2065-11-13 12:00:00,2065,11,13,NA,7.87190915589209,14.6619517874208
2065-11-14 12:00:00,2065,11,14,NA,3.91116563966006,14.2757026558493
2065-11-15 12:00:00,2065,11,15,NA,6.9247842648904,19.0109517523235
2065-11-16 12:00:00,2065,11,16,NA,6.68105077511071,18.5018880120579
2065-11-17 12:00:00,2065,11,17,NA,7.10342377867061,12.8543473547525
2065-11-18 12:00:00,2065,11,18,NA,1.1397246725149,6.30651957730321
2065-11-19 12:00:00,2065,11,19,NA,-0.69962572333498,8.6217614445014
2065-11-20 12:00:00,2065,11,20,NA,-0.971842718958254,15.6016816577412
2065-11-21 12:00:00,2065,11,21,NA,-0.334306482859884,15.3596217053103
2065-11-22 12:00:00,2065,11,22,NA,-0.714489476118485,12.5413235793157
2065-11-23 12:00:00,2065,11,23,NA,-1.02897485031632,12.4374102969319
2065-11-24 12:00:00,2065,11,24,NA,-0.196716979999562,9.13710118527851
2065-11-25 12:00:00,2065,11,25,NA,1.11172816793829,9.08680389904143
2065-11-26 12:00:00,2065,11,26,NA,0.4451490376435,14.4926010201091
2065-11-27 12:00:00,2065,11,27,NA,-3.65394609069487,13.7269635047186
2065-11-28 12:00:00,2065,11,28,NA,-1.91076208277869,11.5556230644695
2065-11-29 12:00:00,2065,11,29,NA,-0.505733428946574,13.4289781860129
2065-11-30 12:00:00,2065,11,30,NA,2.15092735281665,10.4369462476656
2065-12-01 12:00:00,2065,12,1,NA,5.5322613724791,15.4387528505657
2065-12-02 12:00:00,2065,12,2,NA,0.793522171693434,6.52694958554359
2065-12-03 12:00:00,2065,12,3,NA,0.264291028166444,5.32098611240119
2065-12-04 12:00:00,2065,12,4,NA,0.673292222492536,9.37694179282152
2065-12-05 12:00:00,2065,12,5,NA,-3.75448585242411,-1.42432545270554
2065-12-06 12:00:00,2065,12,6,NA,-3.35560082149815,3.72822592609725
2065-12-07 12:00:00,2065,12,7,NA,-4.50666742346573,7.45365947020679
2065-12-08 12:00:00,2065,12,8,NA,-2.40293156158608,6.80558698539362
2065-12-09 12:00:00,2065,12,9,NA,-3.64986582849483,1.71885163311027
2065-12-10 12:00:00,2065,12,10,NA,-3.84716611871832,5.03692254019282
2065-12-11 12:00:00,2065,12,11,NA,-2.85334000274754,8.35102657776268
2065-12-12 12:00:00,2065,12,12,NA,-2.95378149634871,10.2208884040735
2065-12-13 12:00:00,2065,12,13,NA,-1.25609903947272,8.19039813563544
2065-12-14 12:00:00,2065,12,14,NA,-1.6301393228327,4.20567986092126
2065-12-15 12:00:00,2065,12,15,NA,-0.321333199405186,8.02839001261288
2065-12-16 12:00:00,2065,12,16,NA,-0.0456831967227997,6.41150434566781
2065-12-17 12:00:00,2065,12,17,NA,-0.456154465860743,7.33863589345286
2065-12-18 12:00:00,2065,12,18,NA,-4.68004815552858,9.66441631259068
2065-12-19 12:00:00,2065,12,19,NA,-4.55816996734293,10.723036105504
2065-12-20 12:00:00,2065,12,20,NA,-1.4287613770914,6.31573969812008
2065-12-21 12:00:00,2065,12,21,NA,1.06166771288226,8.02358873123996
2065-12-22 12:00:00,2065,12,22,NA,-0.284284094641283,5.61685028037508
2065-12-23 12:00:00,2065,12,23,NA,1.79756002253187,4.67459608097213
2065-12-24 12:00:00,2065,12,24,NA,4.36670393635078,9.61266328821273
2065-12-25 12:00:00,2065,12,25,NA,-1.18059155895332,4.94705019421123
2065-12-26 12:00:00,2065,12,26,NA,-5.31161654534076,6.58254210238136
2065-12-27 12:00:00,2065,12,27,NA,-3.65539991093932,10.7092948489675
2065-12-28 12:00:00,2065,12,28,NA,-3.62845326296596,10.7750831591738
2065-12-29 12:00:00,2065,12,29,NA,-4.64862831481209,7.52754929452168
2065-12-30 12:00:00,2065,12,30,NA,-4.88746951016529,10.7756580524747
2065-12-31 12:00:00,2065,12,31,NA,-3.0688716960742,9.11000906509634
2066-01-01 12:00:00,2066,1,1,NA,-3.79712227552687,10.5469708771248
2066-01-02 12:00:00,2066,1,2,NA,-3.45506030851832,8.02684773746346
2066-01-03 12:00:00,2066,1,3,NA,-2.63102256490106,8.31627489465488
2066-01-04 12:00:00,2066,1,4,NA,-3.67806056304349,2.78017151482001
2066-01-05 12:00:00,2066,1,5,NA,-8.10670164530589,6.4690665049946
2066-01-06 12:00:00,2066,1,6,NA,-6.97830363589877,2.29690810357567
2066-01-07 12:00:00,2066,1,7,NA,-4.93390390934501,7.64446943460548
2066-01-08 12:00:00,2066,1,8,NA,-5.86930524380901,8.19071056950051
2066-01-09 12:00:00,2066,1,9,NA,-8.45406424289175,5.47596508112538
2066-01-10 12:00:00,2066,1,10,NA,-6.19644613407434,7.31255963660569
2066-01-11 12:00:00,2066,1,11,NA,-2.2213039046096,8.08148490882945
2066-01-12 12:00:00,2066,1,12,NA,-1.64460527369655,7.58436350682216
2066-01-13 12:00:00,2066,1,13,NA,-3.70133430839345,4.99218275510831
2066-01-14 12:00:00,2066,1,14,NA,-6.45200011963388,2.44075007828948
2066-01-15 12:00:00,2066,1,15,NA,-5.9512843060941,7.16305503690751
2066-01-16 12:00:00,2066,1,16,NA,-5.92583528629751,5.1444753133091
2066-01-17 12:00:00,2066,1,17,NA,-5.73807540138062,1.3266639946009
2066-01-18 12:00:00,2066,1,18,NA,-3.98294465440474,5.51382563072298
2066-01-19 12:00:00,2066,1,19,NA,-2.79163916900033,1.2343724929732
2066-01-20 12:00:00,2066,1,20,NA,-5.74956267086132,6.07433480588638
2066-01-21 12:00:00,2066,1,21,NA,-4.01260749564628,8.03939316989748
2066-01-22 12:00:00,2066,1,22,NA,-5.3809322327149,7.78915176024268
2066-01-23 12:00:00,2066,1,23,NA,-5.48951897850122,0.968713099362275
2066-01-24 12:00:00,2066,1,24,NA,-5.16449727480533,2.94697169956609
2066-01-25 12:00:00,2066,1,25,NA,-6.41940754146534,6.28201338691438
2066-01-26 12:00:00,2066,1,26,NA,-3.47925689394961,5.49990620700856
2066-01-27 12:00:00,2066,1,27,NA,-3.01281198839808,4.41486276840258
2066-01-28 12:00:00,2066,1,28,NA,-2.81058080215284,7.28663969334787
2066-01-29 12:00:00,2066,1,29,NA,-4.70283397011594,0.414571098911209
2066-01-30 12:00:00,2066,1,30,NA,-5.86638703504244,3.6819373365204
2066-01-31 12:00:00,2066,1,31,NA,-5.4339612673397,7.00174821779308
2066-02-01 12:00:00,2066,2,1,NA,-3.07438733812479,7.71558444416626
2066-02-02 12:00:00,2066,2,2,NA,-2.15957153036198,9.72911509294874
2066-02-03 12:00:00,2066,2,3,NA,-1.19426655259135,11.8616659944592
2066-02-04 12:00:00,2066,2,4,NA,0.914004394579742,11.642640961058
2066-02-05 12:00:00,2066,2,5,NA,1.65289118297576,10.841820268603
2066-02-06 12:00:00,2066,2,6,NA,-0.799770744629756,9.72673415372167
2066-02-07 12:00:00,2066,2,7,NA,1.66859878948542,10.0357433914461
2066-02-08 12:00:00,2066,2,8,NA,2.51362716932928,10.7301939842874
2066-02-09 12:00:00,2066,2,9,NA,-2.12043489721161,12.1284028237281
2066-02-10 12:00:00,2066,2,10,NA,-2.16684211695118,13.2287950549354
2066-02-11 12:00:00,2066,2,11,NA,-2.10336914356393,13.3619041580337
2066-02-12 12:00:00,2066,2,12,NA,-1.64437481880472,8.9551404320326
2066-02-13 12:00:00,2066,2,13,NA,-3.28434710883772,9.28104586089524
2066-02-14 12:00:00,2066,2,14,NA,1.15004925286683,11.9649149351383
2066-02-15 12:00:00,2066,2,15,NA,-2.21439131860153,8.26541783948396
2066-02-16 12:00:00,2066,2,16,NA,-2.26605159217194,5.04099437438641
2066-02-17 12:00:00,2066,2,17,NA,1.07727170623453,10.6721243609795
2066-02-18 12:00:00,2066,2,18,NA,0.237064521049608,10.2279372330707
2066-02-19 12:00:00,2066,2,19,NA,-0.211847342555433,14.9018968235091
2066-02-20 12:00:00,2066,2,20,NA,-1.34990496495743,10.1670580523058
2066-02-21 12:00:00,2066,2,21,NA,1.12377529160933,12.5313759157309
2066-02-22 12:00:00,2066,2,22,NA,1.13382914137298,14.8186462806752
2066-02-23 12:00:00,2066,2,23,NA,1.08276482108817,14.5459715945461
2066-02-24 12:00:00,2066,2,24,NA,0.522650126706444,9.31874007364379
2066-02-25 12:00:00,2066,2,25,NA,-2.23277467640026,12.933501141842
2066-02-26 12:00:00,2066,2,26,NA,0.0703438421680147,10.0181025950028
2066-02-27 12:00:00,2066,2,27,NA,0.844233150672418,8.27303572444861
2066-02-28 12:00:00,2066,2,28,NA,-0.641478896481347,11.9454709710028
2066-03-01 12:00:00,2066,3,1,NA,1.90286977183915,14.3436188368409
2066-03-02 12:00:00,2066,3,2,NA,2.40729283358932,12.4680339113911
2066-03-03 12:00:00,2066,3,3,NA,-1.10721426947042,8.88406109843564
2066-03-04 12:00:00,2066,3,4,NA,0.670965618290688,14.1389773658185
2066-03-05 12:00:00,2066,3,5,NA,-0.796993917441306,10.8612753533434
2066-03-06 12:00:00,2066,3,6,NA,-0.714274006015836,10.0156021519078
2066-03-07 12:00:00,2066,3,7,NA,0.187315829123471,12.3429733142648
2066-03-08 12:00:00,2066,3,8,NA,4.13617542510549,11.0677134414161
2066-03-09 12:00:00,2066,3,9,NA,3.20158188933419,6.75289645272716
2066-03-10 12:00:00,2066,3,10,NA,1.96331995192632,5.1389606936441
2066-03-11 12:00:00,2066,3,11,NA,-0.46325933593285,6.54216107801707
2066-03-12 12:00:00,2066,3,12,NA,-1.56646260132301,9.59704220961098
2066-03-13 12:00:00,2066,3,13,NA,-1.40489697446681,10.3394719537419
2066-03-14 12:00:00,2066,3,14,NA,-3.98809521750877,10.6629301045961
2066-03-15 12:00:00,2066,3,15,NA,-1.9805153990492,10.016906341104
2066-03-16 12:00:00,2066,3,16,NA,1.02832535846868,8.79721162672862
2066-03-17 12:00:00,2066,3,17,NA,-0.940420119270733,11.9406654045973
2066-03-18 12:00:00,2066,3,18,NA,-2.21821071231705,7.66430292769039
2066-03-19 12:00:00,2066,3,19,NA,-0.683132669663964,4.28963593228153
2066-03-20 12:00:00,2066,3,20,NA,1.09241544358129,12.0276071163392
2066-03-21 12:00:00,2066,3,21,NA,1.18754696066529,14.0361430080268
2066-03-22 12:00:00,2066,3,22,NA,1.34983074246641,17.4173563349191
2066-03-23 12:00:00,2066,3,23,NA,3.81581775916117,11.4636496265441
2066-03-24 12:00:00,2066,3,24,NA,0.61795104378471,12.325683749408
2066-03-25 12:00:00,2066,3,25,NA,0.904398097423536,14.8783863906984
2066-03-26 12:00:00,2066,3,26,NA,1.63764523101997,15.1151875469137
2066-03-27 12:00:00,2066,3,27,NA,-2.26980830710733,8.90666995506334
2066-03-28 12:00:00,2066,3,28,NA,-7.42664077268272,3.91251101915147
2066-03-29 12:00:00,2066,3,29,NA,-5.11617681528634,12.885006505391
2066-03-30 12:00:00,2066,3,30,NA,0.744909649365104,15.9003970356617
2066-03-31 12:00:00,2066,3,31,NA,3.79691115533823,15.5546230873418
2066-04-01 12:00:00,2066,4,1,NA,3.72512622526052,17.8366565272435
2066-04-02 12:00:00,2066,4,2,NA,9.83903330668729,18.9059538666746
2066-04-03 12:00:00,2066,4,3,NA,6.76724360484024,25.2007044879426
2066-04-04 12:00:00,2066,4,4,NA,8.58145239408935,25.2893433222957
2066-04-05 12:00:00,2066,4,5,NA,8.81170957431278,24.6285919578176
2066-04-06 12:00:00,2066,4,6,NA,5.48594478396678,20.0882791040686
2066-04-07 12:00:00,2066,4,7,NA,7.73599593963073,22.7117319360106
2066-04-08 12:00:00,2066,4,8,NA,9.4641527485402,23.3665467564766
2066-04-09 12:00:00,2066,4,9,NA,8.28234804183522,22.4682339906025
2066-04-10 12:00:00,2066,4,10,NA,11.6795853256841,23.6633319062935
2066-04-11 12:00:00,2066,4,11,NA,10.7138861840495,25.6011822459582
2066-04-12 12:00:00,2066,4,12,NA,7.36497278521981,22.8134652674951
2066-04-13 12:00:00,2066,4,13,NA,8.43294486835327,18.0488035026939
2066-04-14 12:00:00,2066,4,14,NA,5.70196405908434,24.5893970853608
2066-04-15 12:00:00,2066,4,15,NA,7.50860479428192,22.0091219733236
2066-04-16 12:00:00,2066,4,16,NA,7.94117680176859,21.8488884409998
2066-04-17 12:00:00,2066,4,17,NA,9.60148234749064,25.7741487370359
2066-04-18 12:00:00,2066,4,18,NA,11.0963077065245,23.8082799455806
2066-04-19 12:00:00,2066,4,19,NA,8.766512539272,24.7609423066917
2066-04-20 12:00:00,2066,4,20,NA,11.2657167897197,26.6645930109896
2066-04-21 12:00:00,2066,4,21,NA,10.0166930843754,30.1065043001385
2066-04-22 12:00:00,2066,4,22,NA,11.6460182066856,27.7438877128069
2066-04-23 12:00:00,2066,4,23,NA,16.2356929314706,24.3381384856315
2066-04-24 12:00:00,2066,4,24,NA,16.6855532276315,26.797863978217
2066-04-25 12:00:00,2066,4,25,NA,17.0963445504117,25.9784720424297
2066-04-26 12:00:00,2066,4,26,NA,15.440977477238,27.3642804439942
2066-04-27 12:00:00,2066,4,27,NA,5.72964234862166,21.5909666781868
2066-04-28 12:00:00,2066,4,28,NA,6.42271763420695,21.2182156030532
2066-04-29 12:00:00,2066,4,29,NA,7.45447203351868,24.182367321228
2066-04-30 12:00:00,2066,4,30,NA,9.52369915148348,26.4257187845743
2066-05-01 12:00:00,2066,5,1,NA,12.465970191822,27.2789895281471
2066-05-02 12:00:00,2066,5,2,NA,16.9933508837621,27.8506776065752
2066-05-03 12:00:00,2066,5,3,NA,13.484675228209,28.1645725829154
2066-05-04 12:00:00,2066,5,4,NA,13.7365479926138,28.7490511665897
2066-05-05 12:00:00,2066,5,5,NA,13.2712925521376,28.1976306375294
2066-05-06 12:00:00,2066,5,6,NA,13.8794003587124,25.398140439665
2066-05-07 12:00:00,2066,5,7,NA,14.29391467101,25.4973781416302
2066-05-08 12:00:00,2066,5,8,NA,14.832836395571,26.6708212404354
2066-05-09 12:00:00,2066,5,9,NA,14.3091933685873,26.0659729112524
2066-05-10 12:00:00,2066,5,10,NA,12.8674357833829,27.5354812144734
2066-05-11 12:00:00,2066,5,11,NA,14.1240291833061,22.328029666098
2066-05-12 12:00:00,2066,5,12,NA,13.7141722380371,21.8279611880745
2066-05-13 12:00:00,2066,5,13,NA,13.6239695329093,25.0188910084415
2066-05-14 12:00:00,2066,5,14,NA,18.4026238322703,26.5164127823078
2066-05-15 12:00:00,2066,5,15,NA,18.2500584515164,23.6316338411952
2066-05-16 12:00:00,2066,5,16,NA,15.0873141092141,23.6824430880851
2066-05-17 12:00:00,2066,5,17,NA,18.1009937480024,22.1219494618606
2066-05-18 12:00:00,2066,5,18,NA,13.730476416939,26.7223525331795
2066-05-19 12:00:00,2066,5,19,NA,14.05434456659,25.6623363709965
2066-05-20 12:00:00,2066,5,20,NA,14.8193244311443,24.9522486015919
2066-05-21 12:00:00,2066,5,21,NA,15.2023257561617,26.4213331608137
2066-05-22 12:00:00,2066,5,22,NA,14.2318695565397,25.3358307687055
2066-05-23 12:00:00,2066,5,23,NA,12.9401095305586,20.4952117214618
2066-05-24 12:00:00,2066,5,24,NA,12.0140804638737,21.5487213391656
2066-05-25 12:00:00,2066,5,25,NA,12.178913580237,26.826237461087
2066-05-26 12:00:00,2066,5,26,NA,16.8902798676483,24.7206085419401
2066-05-27 12:00:00,2066,5,27,NA,13.5835996672336,24.460111942143
2066-05-28 12:00:00,2066,5,28,NA,12.0655155003385,21.4879628135394
2066-05-29 12:00:00,2066,5,29,NA,10.9079098747618,25.4732358749358
2066-05-30 12:00:00,2066,5,30,NA,15.7066349058477,23.9106353886397
2066-05-31 12:00:00,2066,5,31,NA,13.6350478590235,29.3304957745192
2066-06-01 12:00:00,2066,6,1,NA,17.4232764626992,27.862229467193
2066-06-02 12:00:00,2066,6,2,NA,13.4011053570228,28.8871081438647
2066-06-03 12:00:00,2066,6,3,NA,15.4496285197041,28.5663830489476
2066-06-04 12:00:00,2066,6,4,NA,21.7903617512931,29.1249162886689
2066-06-05 12:00:00,2066,6,5,NA,17.9795505997553,24.3182039759391
2066-06-06 12:00:00,2066,6,6,NA,17.8384695714095,24.8775470114709
2066-06-07 12:00:00,2066,6,7,NA,16.5601166924598,26.6090445185463
2066-06-08 12:00:00,2066,6,8,NA,16.559203385335,29.0084948359753
2066-06-09 12:00:00,2066,6,9,NA,16.8591350524398,29.7098188607782
2066-06-10 12:00:00,2066,6,10,NA,15.0793394350181,30.2330700069894
2066-06-11 12:00:00,2066,6,11,NA,16.2591757060708,31.2223522304219
2066-06-12 12:00:00,2066,6,12,NA,19.9222603273944,27.914865256874
2066-06-13 12:00:00,2066,6,13,NA,19.910359542389,25.6990230222222
2066-06-14 12:00:00,2066,6,14,NA,19.9055006045686,26.9845764138127
2066-06-15 12:00:00,2066,6,15,NA,18.6890055087103,30.5286891556792
2066-06-16 12:00:00,2066,6,16,NA,17.2044328976684,25.2943359621015
2066-06-17 12:00:00,2066,6,17,NA,18.4754617917584,27.8995476821198
2066-06-18 12:00:00,2066,6,18,NA,19.6355846617471,23.4870529913637
2066-06-19 12:00:00,2066,6,19,NA,17.1973281836225,28.2533731928173
2066-06-20 12:00:00,2066,6,20,NA,16.5213053229343,32.6777375899796
2066-06-21 12:00:00,2066,6,21,NA,18.7635146294752,31.5968198659633
2066-06-22 12:00:00,2066,6,22,NA,19.6021245849895,30.6013408603154
2066-06-23 12:00:00,2066,6,23,NA,17.4356917893611,29.8549283470981
2066-06-24 12:00:00,2066,6,24,NA,18.4638584821533,29.4366476817442
2066-06-25 12:00:00,2066,6,25,NA,19.0968042179335,27.2160733729582
2066-06-26 12:00:00,2066,6,26,NA,18.6772676903653,26.4678871516854
2066-06-27 12:00:00,2066,6,27,NA,19.8433161066654,26.8906982030353
2066-06-28 12:00:00,2066,6,28,NA,20.7877103876645,24.8274876019723
2066-06-29 12:00:00,2066,6,29,NA,19.7353192845985,24.4742083625507
2066-06-30 12:00:00,2066,6,30,NA,14.4849585304072,26.6387385709376
2066-07-01 12:00:00,2066,7,1,NA,18.5776822458644,29.0324788146716
2066-07-02 12:00:00,2066,7,2,NA,21.8105810622193,30.6754923889499
2066-07-03 12:00:00,2066,7,3,NA,21.9141307011505,24.7364617113898
2066-07-04 12:00:00,2066,7,4,NA,21.5926074570785,23.6688391495341
2066-07-05 12:00:00,2066,7,5,NA,21.5251929125077,23.6014246049633
2066-07-06 12:00:00,2066,7,6,NA,20.4128347485633,22.404494979827
2066-07-07 12:00:00,2066,7,7,NA,18.9537364664483,21.3824555865675
2066-07-08 12:00:00,2066,7,8,NA,18.3524016715038,24.2048442294334
2066-07-09 12:00:00,2066,7,9,NA,18.695790453428,24.5530202593396
2066-07-10 12:00:00,2066,7,10,NA,20.51930307168,32.0214995387151
2066-07-11 12:00:00,2066,7,11,NA,24.8370611327885,33.0640168136948
2066-07-12 12:00:00,2066,7,12,NA,23.811647364385,27.4297149909257
2066-07-13 12:00:00,2066,7,13,NA,23.0318468341495,33.0572048611055
2066-07-14 12:00:00,2066,7,14,NA,24.4295621737795,32.8925402289045
2066-07-15 12:00:00,2066,7,15,NA,24.8134876962522,32.3384905812099
2066-07-16 12:00:00,2066,7,16,NA,24.1589744289448,29.9587254214198
2066-07-17 12:00:00,2066,7,17,NA,23.9104667677561,29.9990294075838
2066-07-18 12:00:00,2066,7,18,NA,19.8347642616427,24.666218797111
2066-07-19 12:00:00,2066,7,19,NA,20.2407004001272,25.077283083252
2066-07-20 12:00:00,2066,7,20,NA,21.1854173932878,30.0555272624281
2066-07-21 12:00:00,2066,7,21,NA,24.0240607504011,32.2885902019775
2066-07-22 12:00:00,2066,7,22,NA,23.0638684482401,32.9689540351514
2066-07-23 12:00:00,2066,7,23,NA,25.1759400450454,34.0374618409505
2066-07-24 12:00:00,2066,7,24,NA,25.4361073277181,33.0624510565483
2066-07-25 12:00:00,2066,7,25,NA,24.84079620239,35.7542901148258
2066-07-26 12:00:00,2066,7,26,NA,22.7629694067062,34.2375748935648
2066-07-27 12:00:00,2066,7,27,NA,24.2514804450025,33.720688368258
2066-07-28 12:00:00,2066,7,28,NA,26.5657717429723,34.3703082151072
2066-07-29 12:00:00,2066,7,29,NA,27.9679520787339,30.0504677085074
2066-07-30 12:00:00,2066,7,30,NA,27.9159445306969,33.7470506905323
2066-07-31 12:00:00,2066,7,31,NA,26.8238204467182,32.8716793158521
2066-08-01 12:00:00,2066,8,1,NA,26.2199275314477,32.2872215612343
2066-08-02 12:00:00,2066,8,2,NA,24.7902194609288,34.8798833898951
2066-08-03 12:00:00,2066,8,3,NA,27.8988034125725,36.4631850341573
2066-08-04 12:00:00,2066,8,4,NA,30.639604173734,34.3800696595244
2066-08-05 12:00:00,2066,8,5,NA,30.1575334365453,32.9374606801938
2066-08-06 12:00:00,2066,8,6,NA,27.2405887941031,32.7482679251531
2066-08-07 12:00:00,2066,8,7,NA,25.7777737930172,33.4794187760075
2066-08-08 12:00:00,2066,8,8,NA,24.3835451587183,31.4341715455228
2066-08-09 12:00:00,2066,8,9,NA,23.8831514600706,34.3480318258396
2066-08-10 12:00:00,2066,8,10,NA,24.6406767764859,30.9559035926904
2066-08-11 12:00:00,2066,8,11,NA,26.9417145972373,29.8298565367009
2066-08-12 12:00:00,2066,8,12,NA,23.7184950118311,34.2460921892139
2066-08-13 12:00:00,2066,8,13,NA,22.9647720217129,34.7157105737367
2066-08-14 12:00:00,2066,8,14,NA,23.2249237336995,33.7525209110823
2066-08-15 12:00:00,2066,8,15,NA,20.7035960896697,32.2304271961647
2066-08-16 12:00:00,2066,8,16,NA,22.0082348790188,30.987490333041
2066-08-17 12:00:00,2066,8,17,NA,22.5136914527612,28.7712460786309
2066-08-18 12:00:00,2066,8,18,NA,24.8097781747529,34.2266135055412
2066-08-19 12:00:00,2066,8,19,NA,25.8490902184161,33.5541089786952
2066-08-20 12:00:00,2066,8,20,NA,25.0977784350657,32.7791950167474
2066-08-21 12:00:00,2066,8,21,NA,24.805786126786,33.7409383808091
2066-08-22 12:00:00,2066,8,22,NA,24.4052099110051,34.5069300558295
2066-08-23 12:00:00,2066,8,23,NA,25.5726593313694,31.3380354410181
2066-08-24 12:00:00,2066,8,24,NA,26.1897269723669,31.4826802066257
2066-08-25 12:00:00,2066,8,25,NA,23.1504510788275,30.8318676605092
2066-08-26 12:00:00,2066,8,26,NA,23.4401445336006,31.8893707753118
2066-08-27 12:00:00,2066,8,27,NA,22.0924344370002,29.7727518589362
2066-08-28 12:00:00,2066,8,28,NA,20.9646916263467,28.6561231593458
2066-08-29 12:00:00,2066,8,29,NA,22.1364086521628,31.8893952470961
2066-08-30 12:00:00,2066,8,30,NA,22.0636163110551,27.7204466719112
2066-08-31 12:00:00,2066,8,31,NA,23.5215453023109,32.3942291126886
2066-09-01 12:00:00,2066,9,1,NA,21.313563927554,29.4013801856088
2066-09-02 12:00:00,2066,9,2,NA,22.2065936015803,30.8577901550011
2066-09-03 12:00:00,2066,9,3,NA,21.300106607076,30.0523788349188
2066-09-04 12:00:00,2066,9,4,NA,22.7861516046138,25.2956113350915
2066-09-05 12:00:00,2066,9,5,NA,20.6811272995491,28.0028088967981
2066-09-06 12:00:00,2066,9,6,NA,19.8418554973806,30.8803214860737
2066-09-07 12:00:00,2066,9,7,NA,21.0144115263766,31.5648539469985
2066-09-08 12:00:00,2066,9,8,NA,21.2822505973286,28.0042221965649
2066-09-09 12:00:00,2066,9,9,NA,19.4879481453144,30.0312400611844
2066-09-10 12:00:00,2066,9,10,NA,17.6877130875081,28.2310050033781
2066-09-11 12:00:00,2066,9,11,NA,21.048630198196,23.8200342346278
2066-09-12 12:00:00,2066,9,12,NA,20.2090933427227,26.722028825292
2066-09-13 12:00:00,2066,9,13,NA,17.9997129718163,29.524894504262
2066-09-14 12:00:00,2066,9,14,NA,17.6685920063027,30.1588577939483
2066-09-15 12:00:00,2066,9,15,NA,16.9098439901029,28.4181316669093
2066-09-16 12:00:00,2066,9,16,NA,16.9366250530577,23.1224576321323
2066-09-17 12:00:00,2066,9,17,NA,13.8365883367457,22.4633722608004
2066-09-18 12:00:00,2066,9,18,NA,14.0492282712357,24.592032286341
2066-09-19 12:00:00,2066,9,19,NA,17.6230034700475,28.3175830856654
2066-09-20 12:00:00,2066,9,20,NA,16.095567755095,24.5422626265183
2066-09-21 12:00:00,2066,9,21,NA,15.7369604596284,26.8897595136771
2066-09-22 12:00:00,2066,9,22,NA,18.8742239096302,30.4130717086684
2066-09-23 12:00:00,2066,9,23,NA,19.8192057653681,29.4055042748171
2066-09-24 12:00:00,2066,9,24,NA,17.2174005033083,28.6328216543062
2066-09-25 12:00:00,2066,9,25,NA,15.5507550667741,30.1435372092283
2066-09-26 12:00:00,2066,9,26,NA,19.1263102598323,25.7554457137527
2066-09-27 12:00:00,2066,9,27,NA,17.0358695546503,26.62400351607
2066-09-28 12:00:00,2066,9,28,NA,21.2927524291152,24.6554604134369
2066-09-29 12:00:00,2066,9,29,NA,19.4586181292224,25.0514024857065
2066-09-30 12:00:00,2066,9,30,NA,18.5427852823376,25.0593796924861
2066-10-01 12:00:00,2066,10,1,NA,19.7490479623206,23.2259623392852
2066-10-02 12:00:00,2066,10,2,NA,17.841415239677,25.785595871324
2066-10-03 12:00:00,2066,10,3,NA,15.7985848570421,27.5433302267514
2066-10-04 12:00:00,2066,10,4,NA,13.398152607926,22.5259663609227
2066-10-05 12:00:00,2066,10,5,NA,16.8876711498681,20.8073102320752
2066-10-06 12:00:00,2066,10,6,NA,9.73712291637411,18.6829926411135
2066-10-07 12:00:00,2066,10,7,NA,10.5073301136213,15.9801988290436
2066-10-08 12:00:00,2066,10,8,NA,11.1214439395711,14.9391605320734
2066-10-09 12:00:00,2066,10,9,NA,10.0862926258337,20.7640704613105
2066-10-10 12:00:00,2066,10,10,NA,11.2373871394542,21.451167445613
2066-10-11 12:00:00,2066,10,11,NA,11.7495163370432,26.3341403322419
2066-10-12 12:00:00,2066,10,12,NA,13.3377357994987,27.8316739671489
2066-10-13 12:00:00,2066,10,13,NA,13.8575698824587,27.693464181748
2066-10-14 12:00:00,2066,10,14,NA,14.7983616644969,26.2625755131914
2066-10-15 12:00:00,2066,10,15,NA,15.1913762008156,26.9385505316228
2066-10-16 12:00:00,2066,10,16,NA,14.8623669667815,22.1352435651074
2066-10-17 12:00:00,2066,10,17,NA,13.5204836629927,23.933131546147
2066-10-18 12:00:00,2066,10,18,NA,12.6601338283212,22.5778015032458
2066-10-19 12:00:00,2066,10,19,NA,11.1620146444933,22.2426494220012
2066-10-20 12:00:00,2066,10,20,NA,13.5474185206378,21.4109962032164
2066-10-21 12:00:00,2066,10,21,NA,12.2868917306947,22.0179777822288
2066-10-22 12:00:00,2066,10,22,NA,13.3647115677682,20.5455442586253
2066-10-23 12:00:00,2066,10,23,NA,9.00717332884157,22.4910726846668
2066-10-24 12:00:00,2066,10,24,NA,6.32305571063323,14.152334653105
2066-10-25 12:00:00,2066,10,25,NA,4.81944322875514,11.501815089581
2066-10-26 12:00:00,2066,10,26,NA,7.39416849835144,18.9781720282197
2066-10-27 12:00:00,2066,10,27,NA,6.61468502471816,17.7490361061575
2066-10-28 12:00:00,2066,10,28,NA,7.04201198501362,20.7291560558605
2066-10-29 12:00:00,2066,10,29,NA,6.79581982185097,17.5565125018971
2066-10-30 12:00:00,2066,10,30,NA,7.7118978203335,17.8348864305527
2066-10-31 12:00:00,2066,10,31,NA,9.50824617644009,19.8187830527018
2066-11-01 12:00:00,2066,11,1,NA,8.52442387539364,18.1382755292294
2066-11-02 12:00:00,2066,11,2,NA,9.01830028300984,19.4380738471068
2066-11-03 12:00:00,2066,11,3,NA,6.35995280002791,15.8819981654084
2066-11-04 12:00:00,2066,11,4,NA,5.37763984080353,16.3303455604894
2066-11-05 12:00:00,2066,11,5,NA,6.275496173936,17.2657523994852
2066-11-06 12:00:00,2066,11,6,NA,4.38271495410512,13.7659577962433
2066-11-07 12:00:00,2066,11,7,NA,4.94242971003741,19.8333685742476
2066-11-08 12:00:00,2066,11,8,NA,3.87204330537715,19.4985477743691
2066-11-09 12:00:00,2066,11,9,NA,5.3906593321455,19.1207782291581
2066-11-10 12:00:00,2066,11,10,NA,6.85201716220056,21.5571762825153
2066-11-11 12:00:00,2066,11,11,NA,10.4160735751988,20.7806105913881
2066-11-12 12:00:00,2066,11,12,NA,4.32584045411896,17.7922256013672
2066-11-13 12:00:00,2066,11,13,NA,5.78242239915353,22.3390104213761
2066-11-14 12:00:00,2066,11,14,NA,8.97376444807254,21.6837714898026
2066-11-15 12:00:00,2066,11,15,NA,7.55113246407981,16.8638883642413
2066-11-16 12:00:00,2066,11,16,NA,7.55371487214766,16.6506605529783
2066-11-17 12:00:00,2066,11,17,NA,4.00090289452151,11.3555379755698
2066-11-18 12:00:00,2066,11,18,NA,-1.01413807341524,6.29080792270036
2066-11-19 12:00:00,2066,11,19,NA,-0.0798145649638364,16.0970651076462
2066-11-20 12:00:00,2066,11,20,NA,2.82894836400941,12.6049446887253
2066-11-21 12:00:00,2066,11,21,NA,0.594001922101534,7.3840445536302
2066-11-22 12:00:00,2066,11,22,NA,-0.0608900156964225,12.2564464430786
2066-11-23 12:00:00,2066,11,23,NA,0.463408855416494,12.9405281792033
2066-11-24 12:00:00,2066,11,24,NA,-3.00718954428367,11.7264450769425
2066-11-25 12:00:00,2066,11,25,NA,-1.01726973229052,12.4554127021533
2066-11-26 12:00:00,2066,11,26,NA,-0.260676825413523,12.9170116024036
2066-11-27 12:00:00,2066,11,27,NA,0.838317394760161,16.0234151192963
2066-11-28 12:00:00,2066,11,28,NA,1.64198006705341,14.344199471877
2066-11-29 12:00:00,2066,11,29,NA,1.45947589139465,15.7806241594968
2066-11-30 12:00:00,2066,11,30,NA,2.4174039939336,15.9209815983598
2066-12-01 12:00:00,2066,12,1,NA,-0.450164893045426,7.77103229014542
2066-12-02 12:00:00,2066,12,2,NA,0.0775377644028683,3.64063735830668
2066-12-03 12:00:00,2066,12,3,NA,-1.34894123857066,10.5680635765796
2066-12-04 12:00:00,2066,12,4,NA,2.46134404697962,11.9467490938149
2066-12-05 12:00:00,2066,12,5,NA,-0.421351202487903,8.64831317957407
2066-12-06 12:00:00,2066,12,6,NA,0.045990787351585,5.88776082795216
2066-12-07 12:00:00,2066,12,7,NA,1.36891371175335,9.32842830764116
2066-12-08 12:00:00,2066,12,8,NA,1.65102123170942,5.17360678981045
2066-12-09 12:00:00,2066,12,9,NA,0.135824997638714,10.2453812217758
2066-12-10 12:00:00,2066,12,10,NA,2.74765088320296,13.1320854114498
2066-12-11 12:00:00,2066,12,11,NA,3.346586515277,17.7501229374168
2066-12-12 12:00:00,2066,12,12,NA,7.1372017780982,11.4747488608054
2066-12-13 12:00:00,2066,12,13,NA,0.91317332369707,11.0732143611369
2066-12-14 12:00:00,2066,12,14,NA,2.40139520296475,12.7915859482341
2066-12-15 12:00:00,2066,12,15,NA,0.684485636718859,11.0207489401554
2066-12-16 12:00:00,2066,12,16,NA,1.96178424433386,10.1478045105189
2066-12-17 12:00:00,2066,12,17,NA,-1.37347731814531,12.4715720903639
2066-12-18 12:00:00,2066,12,18,NA,1.47736323794127,11.1293490646824
2066-12-19 12:00:00,2066,12,19,NA,-2.20000689241692,7.00656467451996
2066-12-20 12:00:00,2066,12,20,NA,-3.71051458706452,8.7445586494633
2066-12-21 12:00:00,2066,12,21,NA,-3.7019752623676,5.6112496405985
2066-12-22 12:00:00,2066,12,22,NA,-2.58594565395787,3.2558243866427
2066-12-23 12:00:00,2066,12,23,NA,-3.15133874545909,7.06765959210541
2066-12-24 12:00:00,2066,12,24,NA,-4.07691369897319,7.13206015473251
2066-12-25 12:00:00,2066,12,25,NA,-4.45911644128478,6.79542626858053
2066-12-26 12:00:00,2066,12,26,NA,-4.40606445165097,5.42899071725727
2066-12-27 12:00:00,2066,12,27,NA,-4.0145666356528,8.16431412551773
2066-12-28 12:00:00,2066,12,28,NA,-4.75737916854886,2.31315912362996
2066-12-29 12:00:00,2066,12,29,NA,-5.45568420237543,3.75442993558547
2066-12-30 12:00:00,2066,12,30,NA,-2.81598170870139,11.563876469387
2066-12-31 12:00:00,2066,12,31,NA,-6.61037884604899,2.16578591107679
2067-01-01 12:00:00,2067,1,1,NA,-4.88381643894555,4.22683439963012
2067-01-02 12:00:00,2067,1,2,NA,-1.51049352436325,5.06081571380418
2067-01-03 12:00:00,2067,1,3,NA,-7.11882572984612,0.961179605069695
2067-01-04 12:00:00,2067,1,4,NA,-8.08749429376378,-1.92842111209856
2067-01-05 12:00:00,2067,1,5,NA,-7.33354749377195,5.44538005487957
2067-01-06 12:00:00,2067,1,6,NA,-5.63744289551441,5.92622199861711
2067-01-07 12:00:00,2067,1,7,NA,-5.29826470982228,6.01758928918857
2067-01-08 12:00:00,2067,1,8,NA,-4.5658857267275,1.23878712768135
2067-01-09 12:00:00,2067,1,9,NA,-5.93026193381001,5.57899048312307
2067-01-10 12:00:00,2067,1,10,NA,-2.62460650345507,5.4157614202289
2067-01-11 12:00:00,2067,1,11,NA,-6.53087045341276,1.14400346271226
2067-01-12 12:00:00,2067,1,12,NA,-6.89512009072762,3.91498396540117
2067-01-13 12:00:00,2067,1,13,NA,-5.94980636597081,0.619511937795002
2067-01-14 12:00:00,2067,1,14,NA,-4.2644081003164,4.47253695710968
2067-01-15 12:00:00,2067,1,15,NA,-1.65173689824693,9.15755607569706
2067-01-16 12:00:00,2067,1,16,NA,-3.23869831577952,9.03076127751001
2067-01-17 12:00:00,2067,1,17,NA,2.92859634356128,8.0905702805218
2067-01-18 12:00:00,2067,1,18,NA,-1.30451815310775,2.48842311884825
2067-01-19 12:00:00,2067,1,19,NA,-2.6434045435887,6.51995424358151
2067-01-20 12:00:00,2067,1,20,NA,-2.75978276053547,7.3871408259654
2067-01-21 12:00:00,2067,1,21,NA,-1.7980018392467,9.24727763922655
2067-01-22 12:00:00,2067,1,22,NA,-1.71130923889982,9.38344024239382
2067-01-23 12:00:00,2067,1,23,NA,3.18688880991084,10.5721186466681
2067-01-24 12:00:00,2067,1,24,NA,2.5472994814811,7.93660468431438
2067-01-25 12:00:00,2067,1,25,NA,-0.418689990151154,10.9363385632511
2067-01-26 12:00:00,2067,1,26,NA,-2.41471481417305,4.03189506828674
2067-01-27 12:00:00,2067,1,27,NA,-2.01626191677699,4.32217412879334
2067-01-28 12:00:00,2067,1,28,NA,1.58960375795531,12.6571201385024
2067-01-29 12:00:00,2067,1,29,NA,-0.985229105083178,6.19845137853869
2067-01-30 12:00:00,2067,1,30,NA,-0.521231681427093,6.9354990272725
2067-01-31 12:00:00,2067,1,31,NA,-3.18233450259622,3.9550826528167
2067-02-01 12:00:00,2067,2,1,NA,-3.25446778768886,5.6382824102345
2067-02-02 12:00:00,2067,2,2,NA,-3.2397883295382,10.9028433282195
2067-02-03 12:00:00,2067,2,3,NA,-3.22982656887088,14.3170750476877
2067-02-04 12:00:00,2067,2,4,NA,-3.79816178146178,12.4912727328318
2067-02-05 12:00:00,2067,2,5,NA,-4.34198701400901,7.37131213027702
2067-02-06 12:00:00,2067,2,6,NA,-5.79164580749689,2.56234720529638
2067-02-07 12:00:00,2067,2,7,NA,-5.04650952889799,4.90124922393681
2067-02-08 12:00:00,2067,2,8,NA,2.06014832310276,15.550961526438
2067-02-09 12:00:00,2067,2,9,NA,-3.47620951579822,9.94177594345251
2067-02-10 12:00:00,2067,2,10,NA,-3.05899993651964,8.7833578590901
2067-02-11 12:00:00,2067,2,11,NA,-1.88406732686707,6.46486008137853
2067-02-12 12:00:00,2067,2,12,NA,1.62495316688246,10.5307303759458
2067-02-13 12:00:00,2067,2,13,NA,1.94624312419922,10.3689390167479
2067-02-14 12:00:00,2067,2,14,NA,0.530157194244394,11.8771216925643
2067-02-15 12:00:00,2067,2,15,NA,-0.490131463529211,9.10902374677854
2067-02-16 12:00:00,2067,2,16,NA,0.823082160434137,12.2841182064976
2067-02-17 12:00:00,2067,2,17,NA,0.653112025443268,12.1810262330711
2067-02-18 12:00:00,2067,2,18,NA,1.30856279515722,13.7128682560371
2067-02-19 12:00:00,2067,2,19,NA,7.57886250275804,22.7257656539119
2067-02-20 12:00:00,2067,2,20,NA,5.81629377159309,21.4720384584956
2067-02-21 12:00:00,2067,2,21,NA,6.70237556220247,17.9688481722991
2067-02-22 12:00:00,2067,2,22,NA,4.06336945346795,15.8657237128729
2067-02-23 12:00:00,2067,2,23,NA,-2.74869824119529,8.01992461881691
2067-02-24 12:00:00,2067,2,24,NA,-4.81197857181985,2.50878821171761
2067-02-25 12:00:00,2067,2,25,NA,-3.48559855546711,2.79030920625971
2067-02-26 12:00:00,2067,2,26,NA,-3.27710799697524,4.04490584527519
2067-02-27 12:00:00,2067,2,27,NA,-0.902699479373573,7.83099100682578
2067-02-28 12:00:00,2067,2,28,NA,-2.46848079194892,4.42355027115764
2067-03-01 12:00:00,2067,3,1,NA,-4.1561623789981,4.68330629978834
2067-03-02 12:00:00,2067,3,2,NA,-0.951082782826743,10.9516137318783
2067-03-03 12:00:00,2067,3,3,NA,1.63597369414576,8.91109724267457
2067-03-04 12:00:00,2067,3,4,NA,-0.653621733163352,16.0124172601507
2067-03-05 12:00:00,2067,3,5,NA,-5.36803854036262,9.90188347254911
2067-03-06 12:00:00,2067,3,6,NA,-5.32675457636971,10.9941134258362
2067-03-07 12:00:00,2067,3,7,NA,-1.87532459551665,11.8145591787621
2067-03-08 12:00:00,2067,3,8,NA,8.8006210935147,17.1700583119694
2067-03-09 12:00:00,2067,3,9,NA,5.03701250180237,18.2089844452751
2067-03-10 12:00:00,2067,3,10,NA,2.49093148946065,20.0849322250987
2067-03-11 12:00:00,2067,3,11,NA,4.34907717186331,15.0830532126034
2067-03-12 12:00:00,2067,3,12,NA,-0.834186248073503,10.0530805436201
2067-03-13 12:00:00,2067,3,13,NA,-3.48240845212842,12.8384595500775
2067-03-14 12:00:00,2067,3,14,NA,-1.02829236603261,16.3820821379933
2067-03-15 12:00:00,2067,3,15,NA,0.270188596221212,17.5463604043901
2067-03-16 12:00:00,2067,3,16,NA,2.32843466346361,15.2759377846262
2067-03-17 12:00:00,2067,3,17,NA,1.77524538927023,14.702324169754
2067-03-18 12:00:00,2067,3,18,NA,-0.431703109877967,13.4821316399922
2067-03-19 12:00:00,2067,3,19,NA,6.59784225309205,14.7575239284439
2067-03-20 12:00:00,2067,3,20,NA,1.54171357789358,9.00069728935164
2067-03-21 12:00:00,2067,3,21,NA,1.17134044278912,12.6242616898811
2067-03-22 12:00:00,2067,3,22,NA,4.53359021446131,16.8863013361047
2067-03-23 12:00:00,2067,3,23,NA,4.44505008561677,22.4830363935575
2067-03-24 12:00:00,2067,3,24,NA,4.6410216292809,17.6204514381362
2067-03-25 12:00:00,2067,3,25,NA,5.43143976411329,19.7514550588047
2067-03-26 12:00:00,2067,3,26,NA,4.35267516554201,20.4604715239259
2067-03-27 12:00:00,2067,3,27,NA,6.7096725606754,17.0700591566226
2067-03-28 12:00:00,2067,3,28,NA,5.50773748064608,15.9442342040782
2067-03-29 12:00:00,2067,3,29,NA,2.37630534648377,14.2923747894953
2067-03-30 12:00:00,2067,3,30,NA,4.08694958812038,21.179129017309
2067-03-31 12:00:00,2067,3,31,NA,9.61328244442647,16.0693747163112
2067-04-01 12:00:00,2067,4,1,NA,6.11422353522044,19.0413023157042
2067-04-02 12:00:00,2067,4,2,NA,8.39315184869129,20.4142199385346
2067-04-03 12:00:00,2067,4,3,NA,9.52489702934847,22.3957589129569
2067-04-04 12:00:00,2067,4,4,NA,10.2854556010709,22.4171677421731
2067-04-05 12:00:00,2067,4,5,NA,9.08307059647915,23.6396655349426
2067-04-06 12:00:00,2067,4,6,NA,7.93847687418213,18.9648186415803
2067-04-07 12:00:00,2067,4,7,NA,5.17884206947534,24.0407669324972
2067-04-08 12:00:00,2067,4,8,NA,6.83596583891798,21.9079345827435
2067-04-09 12:00:00,2067,4,9,NA,8.9201164102505,24.5627885437688
2067-04-10 12:00:00,2067,4,10,NA,9.23700144118032,24.0975423371464
2067-04-11 12:00:00,2067,4,11,NA,9.63095584672287,24.7614043747515
2067-04-12 12:00:00,2067,4,12,NA,10.7757222679678,24.7568134158651
2067-04-13 12:00:00,2067,4,13,NA,15.743585261453,22.120802914087
2067-04-14 12:00:00,2067,4,14,NA,10.8126931421632,19.7426984736082
2067-04-15 12:00:00,2067,4,15,NA,9.48458460398738,15.9471302238877
2067-04-16 12:00:00,2067,4,16,NA,7.5111354590269,18.9133099499231
2067-04-17 12:00:00,2067,4,17,NA,8.3713155407322,23.107604151474
2067-04-18 12:00:00,2067,4,18,NA,9.6441236658046,19.4641533716617
2067-04-19 12:00:00,2067,4,19,NA,10.339490927241,20.4002518834455
2067-04-20 12:00:00,2067,4,20,NA,9.25164827608564,20.5881872353443
2067-04-21 12:00:00,2067,4,21,NA,7.21459089199708,18.4098855316583
2067-04-22 12:00:00,2067,4,22,NA,12.7446316285567,21.1267795629803
2067-04-23 12:00:00,2067,4,23,NA,10.2567715756816,22.7337383019732
2067-04-24 12:00:00,2067,4,24,NA,11.6153184008345,18.5426820997855
2067-04-25 12:00:00,2067,4,25,NA,7.60796898260493,16.3458879847127
2067-04-26 12:00:00,2067,4,26,NA,5.55019271525009,12.4371026377686
2067-04-27 12:00:00,2067,4,27,NA,4.99815970332092,15.0834012922065
2067-04-28 12:00:00,2067,4,28,NA,5.72347167862863,21.8275489915222
2067-04-29 12:00:00,2067,4,29,NA,8.48313724974598,26.0857558625066
2067-04-30 12:00:00,2067,4,30,NA,7.87254690484845,25.2382850751269
2067-05-01 12:00:00,2067,5,1,NA,12.0239433822305,17.870658942349
2067-05-02 12:00:00,2067,5,2,NA,7.39766437877438,14.7975879544675
2067-05-03 12:00:00,2067,5,3,NA,6.15123329451488,14.9706362273179
2067-05-04 12:00:00,2067,5,4,NA,5.94603327413787,15.9894726107985
2067-05-05 12:00:00,2067,5,5,NA,5.63052869642111,22.7242427359423
2067-05-06 12:00:00,2067,5,6,NA,7.17979018772243,21.0934608744573
2067-05-07 12:00:00,2067,5,7,NA,13.6087489710561,20.3327099035934
2067-05-08 12:00:00,2067,5,8,NA,10.651509891039,25.4468769237846
2067-05-09 12:00:00,2067,5,9,NA,12.9358684274117,25.9818371154875
2067-05-10 12:00:00,2067,5,10,NA,14.0720112011519,28.2956742972706
2067-05-11 12:00:00,2067,5,11,NA,14.4950844218269,26.54337043228
2067-05-12 12:00:00,2067,5,12,NA,14.5883028952088,24.7607196259874
2067-05-13 12:00:00,2067,5,13,NA,13.321281627959,22.8889805276939
2067-05-14 12:00:00,2067,5,14,NA,8.75603594440419,22.3418392945877
2067-05-15 12:00:00,2067,5,15,NA,8.44278565091537,26.109617039002
2067-05-16 12:00:00,2067,5,16,NA,10.3910896407525,27.3873199183305
2067-05-17 12:00:00,2067,5,17,NA,11.8445008785577,27.8395296589836
2067-05-18 12:00:00,2067,5,18,NA,12.2492655825903,29.0681794440054
2067-05-19 12:00:00,2067,5,19,NA,14.5401188638372,28.8336645254624
2067-05-20 12:00:00,2067,5,20,NA,12.5176202821815,26.3185839576476
2067-05-21 12:00:00,2067,5,21,NA,14.5277747408438,26.9568678425866
2067-05-22 12:00:00,2067,5,22,NA,15.4298188716756,25.4227972914847
2067-05-23 12:00:00,2067,5,23,NA,14.9087773311202,26.8083161645093
2067-05-24 12:00:00,2067,5,24,NA,17.5214839602594,26.3429058798141
2067-05-25 12:00:00,2067,5,25,NA,15.2703132856565,22.8702612236756
2067-05-26 12:00:00,2067,5,26,NA,14.3862269456215,25.0462820271304
2067-05-27 12:00:00,2067,5,27,NA,12.4593415534732,20.5731305035106
2067-05-28 12:00:00,2067,5,28,NA,12.4514499061744,25.657994862229
2067-05-29 12:00:00,2067,5,29,NA,13.9479877935188,24.6302950332212
2067-05-30 12:00:00,2067,5,30,NA,12.6838710644815,19.5321297952172
2067-05-31 12:00:00,2067,5,31,NA,12.2740622503227,23.0895141788244
2067-06-01 12:00:00,2067,6,1,NA,9.74607999591058,22.5008257650115
2067-06-02 12:00:00,2067,6,2,NA,10.7103693459644,23.5218594545371
2067-06-03 12:00:00,2067,6,3,NA,13.8161966718333,25.9337993575643
2067-06-04 12:00:00,2067,6,4,NA,14.0109176129994,28.5177246079662
2067-06-05 12:00:00,2067,6,5,NA,20.6853303318884,26.742299088452
2067-06-06 12:00:00,2067,6,6,NA,20.9327339686644,24.061076307203
2067-06-07 12:00:00,2067,6,7,NA,17.9242184565876,20.9528256893647
2067-06-08 12:00:00,2067,6,8,NA,14.889726372879,26.4565644755297
2067-06-09 12:00:00,2067,6,9,NA,16.4119892571809,30.5612560977434
2067-06-10 12:00:00,2067,6,10,NA,16.7471114958241,30.890099582302
2067-06-11 12:00:00,2067,6,11,NA,18.2434870362508,28.6931009125821
2067-06-12 12:00:00,2067,6,12,NA,19.7186575584274,28.7704977444189
2067-06-13 12:00:00,2067,6,13,NA,19.1396991707635,29.5605568087215
2067-06-14 12:00:00,2067,6,14,NA,18.1819675207802,26.346722974083
2067-06-15 12:00:00,2067,6,15,NA,18.936961597688,26.6102810389212
2067-06-16 12:00:00,2067,6,16,NA,19.7965067589423,26.3372935300617
2067-06-17 12:00:00,2067,6,17,NA,20.3467136948252,29.2116250215558
2067-06-18 12:00:00,2067,6,18,NA,21.2284748449753,30.0671869660215
2067-06-19 12:00:00,2067,6,19,NA,20.6173421126933,30.3682898081156
2067-06-20 12:00:00,2067,6,20,NA,20.3407178192976,25.3455144098349
2067-06-21 12:00:00,2067,6,21,NA,19.0862073662148,30.0854236415407
2067-06-22 12:00:00,2067,6,22,NA,19.6772722891799,27.762838385563
2067-06-23 12:00:00,2067,6,23,NA,20.1733190524103,32.3270990929407
2067-06-24 12:00:00,2067,6,24,NA,19.8191246716295,30.2399823095875
2067-06-25 12:00:00,2067,6,25,NA,22.1115676249014,33.776906597746
2067-06-26 12:00:00,2067,6,26,NA,22.439222006249,34.1045609790935
2067-06-27 12:00:00,2067,6,27,NA,21.6976258891093,33.3629648619538
2067-06-28 12:00:00,2067,6,28,NA,23.4792485473322,31.5183923192444
2067-06-29 12:00:00,2067,6,29,NA,21.2124715995203,27.2770715491718
2067-06-30 12:00:00,2067,6,30,NA,22.109011419533,28.5519251592085
2067-07-01 12:00:00,2067,7,1,NA,22.1997296913421,29.8775043925926
2067-07-02 12:00:00,2067,7,2,NA,20.7484818801061,25.5046963381305
2067-07-03 12:00:00,2067,7,3,NA,18.2254634665841,25.3377964687424
2067-07-04 12:00:00,2067,7,4,NA,19.2856645070244,28.0375319728784
2067-07-05 12:00:00,2067,7,5,NA,19.0032883473842,24.8030393398592
2067-07-06 12:00:00,2067,7,6,NA,16.8120642917525,26.4491084587114
2067-07-07 12:00:00,2067,7,7,NA,18.163015076683,29.6652115437181
2067-07-08 12:00:00,2067,7,8,NA,20.5706210747186,31.8108700738672
2067-07-09 12:00:00,2067,7,9,NA,20.66039707298,27.8445385992158
2067-07-10 12:00:00,2067,7,10,NA,22.0011002441654,29.0160210490548
2067-07-11 12:00:00,2067,7,11,NA,22.8895881473671,33.2362966535813
2067-07-12 12:00:00,2067,7,12,NA,24.5180425416808,32.2878846032998
2067-07-13 12:00:00,2067,7,13,NA,25.6116055600458,34.286679948153
2067-07-14 12:00:00,2067,7,14,NA,25.4246617055684,35.3895111059423
2067-07-15 12:00:00,2067,7,15,NA,26.2091038375031,35.5195993563805
2067-07-16 12:00:00,2067,7,16,NA,25.6909999378239,33.5408950748913
2067-07-17 12:00:00,2067,7,17,NA,25.1282807891088,33.5401542971795
2067-07-18 12:00:00,2067,7,18,NA,25.5391528040437,29.7206303193243
2067-07-19 12:00:00,2067,7,19,NA,22.9799198368005,32.2077307747422
2067-07-20 12:00:00,2067,7,20,NA,24.2904024730602,34.1954880599715
2067-07-21 12:00:00,2067,7,21,NA,24.8823028723599,36.2578752455369
2067-07-22 12:00:00,2067,7,22,NA,25.8419191748665,35.0383121266448
2067-07-23 12:00:00,2067,7,23,NA,24.8173024691033,36.1928748422802
2067-07-24 12:00:00,2067,7,24,NA,28.2096459598978,31.9940061952452
2067-07-25 12:00:00,2067,7,25,NA,27.4714086457667,33.0376829259389
2067-07-26 12:00:00,2067,7,26,NA,27.9318162528735,36.1674717228417
2067-07-27 12:00:00,2067,7,27,NA,27.3086430052081,33.7117680705862
2067-07-28 12:00:00,2067,7,28,NA,25.2763973828888,32.2861155908814
2067-07-29 12:00:00,2067,7,29,NA,24.9318468527349,32.0086553413958
2067-07-30 12:00:00,2067,7,30,NA,24.9246720877861,31.7553114429786
2067-07-31 12:00:00,2067,7,31,NA,24.337374560813,29.2072596062185
2067-08-01 12:00:00,2067,8,1,NA,23.9707942254012,30.2178090017231
2067-08-02 12:00:00,2067,8,2,NA,23.5395207711584,31.7751762411266
2067-08-03 12:00:00,2067,8,3,NA,24.2141900427507,30.6814753571488
2067-08-04 12:00:00,2067,8,4,NA,21.1924903669715,25.4069940643859
2067-08-05 12:00:00,2067,8,5,NA,21.211180536063,28.1151128942927
2067-08-06 12:00:00,2067,8,6,NA,19.9226138518222,31.9552359613821
2067-08-07 12:00:00,2067,8,7,NA,20.833206905056,33.2353169561189
2067-08-08 12:00:00,2067,8,8,NA,23.4321966048331,33.1695078913109
2067-08-09 12:00:00,2067,8,9,NA,23.3184542897945,31.9616835654388
2067-08-10 12:00:00,2067,8,10,NA,24.7772878557323,36.4038055230519
2067-08-11 12:00:00,2067,8,11,NA,25.0544146043657,35.6189618356007
2067-08-12 12:00:00,2067,8,12,NA,25.1445033576434,32.9458800656705
2067-08-13 12:00:00,2067,8,13,NA,23.9613099870149,31.9803400786079
2067-08-14 12:00:00,2067,8,14,NA,24.5337556259742,32.2846346187738
2067-08-15 12:00:00,2067,8,15,NA,23.5025831145111,34.0675666696416
2067-08-16 12:00:00,2067,8,16,NA,23.2530104428105,33.7178908085795
2067-08-17 12:00:00,2067,8,17,NA,25.2805972684623,33.4744932439303
2067-08-18 12:00:00,2067,8,18,NA,22.5921815600312,32.1966966620361
2067-08-19 12:00:00,2067,8,19,NA,23.7534893253371,33.8486786810109
2067-08-20 12:00:00,2067,8,20,NA,26.4048971937162,32.9306594017887
2067-08-21 12:00:00,2067,8,21,NA,26.6147999752906,34.2024548380462
2067-08-22 12:00:00,2067,8,22,NA,24.8533939096678,33.0463663279773
2067-08-23 12:00:00,2067,8,23,NA,23.6026597603935,32.5114134147199
2067-08-24 12:00:00,2067,8,24,NA,23.2515957133916,33.7164760791606
2067-08-25 12:00:00,2067,8,25,NA,26.7334096726213,31.1708857939094
2067-08-26 12:00:00,2067,8,26,NA,26.1393666890756,32.7721441367941
2067-08-27 12:00:00,2067,8,27,NA,22.1877205901053,30.8389171435262
2067-08-28 12:00:00,2067,8,28,NA,22.8133721719453,33.9335435437265
2067-08-29 12:00:00,2067,8,29,NA,23.9095736851498,32.8622939651161
2067-08-30 12:00:00,2067,8,30,NA,23.1631851787645,32.577746813038
2067-08-31 12:00:00,2067,8,31,NA,23.9328426093994,34.4877577694146
2067-09-01 12:00:00,2067,9,1,NA,23.7697777600656,35.5285091612286
2067-09-02 12:00:00,2067,9,2,NA,23.8200605986791,33.9421061111012
2067-09-03 12:00:00,2067,9,3,NA,26.5088816652052,34.4196142208143
2067-09-04 12:00:00,2067,9,4,NA,28.7647075718561,34.5393503355952
2067-09-05 12:00:00,2067,9,5,NA,24.9262854651089,35.021925568174
2067-09-06 12:00:00,2067,9,6,NA,24.9853798584452,35.0581153914467
2067-09-07 12:00:00,2067,9,7,NA,23.882923793307,32.5056845222388
2067-09-08 12:00:00,2067,9,8,NA,21.3391972962654,30.3529430412327
2067-09-09 12:00:00,2067,9,9,NA,22.074525562004,29.7654853120669
2067-09-10 12:00:00,2067,9,10,NA,21.6770210376329,30.2279636008811
2067-09-11 12:00:00,2067,9,11,NA,19.1383118652402,28.6350600923631
2067-09-12 12:00:00,2067,9,12,NA,18.4209897081487,26.0881381726734
2067-09-13 12:00:00,2067,9,13,NA,18.0924834396595,26.2670068011567
2067-09-14 12:00:00,2067,9,14,NA,17.8462784709232,28.8847444596163
2067-09-15 12:00:00,2067,9,15,NA,15.022376476877,27.4859094316821
2067-09-16 12:00:00,2067,9,16,NA,16.2240606030906,27.6394817540884
2067-09-17 12:00:00,2067,9,17,NA,15.7750336503705,29.5820053060987
2067-09-18 12:00:00,2067,9,18,NA,13.3176156707538,26.2971047022598
2067-09-19 12:00:00,2067,9,19,NA,15.9611493115967,26.0338848445982
2067-09-20 12:00:00,2067,9,20,NA,17.6043542570186,27.1867952999021
2067-09-21 12:00:00,2067,9,21,NA,16.6826450757409,26.2697356001352
2067-09-22 12:00:00,2067,9,22,NA,16.8660895075081,28.3686770891722
2067-09-23 12:00:00,2067,9,23,NA,17.0102632155253,27.9594086470604
2067-09-24 12:00:00,2067,9,24,NA,21.7177810202724,28.0712261569515
2067-09-25 12:00:00,2067,9,25,NA,19.4964706826254,28.0808484216677
2067-09-26 12:00:00,2067,9,26,NA,18.8552297322503,30.1595981567061
2067-09-27 12:00:00,2067,9,27,NA,18.7307748189707,25.9883777916519
2067-09-28 12:00:00,2067,9,28,NA,17.3220828303604,25.5926387187252
2067-09-29 12:00:00,2067,9,29,NA,18.423868947122,22.7545732114825
2067-09-30 12:00:00,2067,9,30,NA,15.5522426139746,23.9787508012645
2067-10-01 12:00:00,2067,10,1,NA,15.6231820838269,24.4751461609043
2067-10-02 12:00:00,2067,10,2,NA,18.6396134988607,21.202039766464
2067-10-03 12:00:00,2067,10,3,NA,14.5730996232198,27.0357294127279
2067-10-04 12:00:00,2067,10,4,NA,14.4809588310579,27.0235322898149
2067-10-05 12:00:00,2067,10,5,NA,13.9761538298956,25.2729130900087
2067-10-06 12:00:00,2067,10,6,NA,14.2114254437969,23.0541210058558
2067-10-07 12:00:00,2067,10,7,NA,13.8562091448304,25.5369127237318
2067-10-08 12:00:00,2067,10,8,NA,12.9393232194535,26.0656127080201
2067-10-09 12:00:00,2067,10,9,NA,14.8868856677141,28.2584208894973
2067-10-10 12:00:00,2067,10,10,NA,12.59329522646,28.609432322089
2067-10-11 12:00:00,2067,10,11,NA,15.1318976790888,22.5978642074701
2067-10-12 12:00:00,2067,10,12,NA,12.3806446709229,19.2622526890372
2067-10-13 12:00:00,2067,10,13,NA,13.9798737423889,18.6468719294632
2067-10-14 12:00:00,2067,10,14,NA,12.0709281224234,25.9197891207986
2067-10-15 12:00:00,2067,10,15,NA,10.0247576066045,27.234904332991
2067-10-16 12:00:00,2067,10,16,NA,10.2328179748046,22.7282004515239
2067-10-17 12:00:00,2067,10,17,NA,10.4196608886588,22.4486805574411
2067-10-18 12:00:00,2067,10,18,NA,11.1380619918503,22.6526575135242
2067-10-19 12:00:00,2067,10,19,NA,12.6007087568534,23.3302827652717
2067-10-20 12:00:00,2067,10,20,NA,13.0321666563543,25.2692575935843
2067-10-21 12:00:00,2067,10,21,NA,11.5824241427668,23.6490403917251
2067-10-22 12:00:00,2067,10,22,NA,11.0088025171372,24.412807277069
2067-10-23 12:00:00,2067,10,23,NA,10.637010212072,24.3976935062712
2067-10-24 12:00:00,2067,10,24,NA,10.9462117830796,24.8815423179255
2067-10-25 12:00:00,2067,10,25,NA,15.1381110318899,24.65976434564
2067-10-26 12:00:00,2067,10,26,NA,15.1427256573534,20.0077890118822
2067-10-27 12:00:00,2067,10,27,NA,11.4519158205523,22.3182722725798
2067-10-28 12:00:00,2067,10,28,NA,11.1997801009071,21.9293541093255
2067-10-29 12:00:00,2067,10,29,NA,11.4087882097409,22.7010508591729
2067-10-30 12:00:00,2067,10,30,NA,8.85816920809257,20.7340717590478
2067-10-31 12:00:00,2067,10,31,NA,7.89022322606747,19.8722893737072
2067-11-01 12:00:00,2067,11,1,NA,8.34452511604356,21.7784689052036
2067-11-02 12:00:00,2067,11,2,NA,7.0821669346534,22.5451837632488
2067-11-03 12:00:00,2067,11,3,NA,8.49806254343218,21.2158819471576
2067-11-04 12:00:00,2067,11,4,NA,12.9401580682031,19.2516349579211
2067-11-05 12:00:00,2067,11,5,NA,5.9004457370975,15.1429778742576
2067-11-06 12:00:00,2067,11,6,NA,4.16828971033548,17.464822535716
2067-11-07 12:00:00,2067,11,7,NA,7.84700886164144,18.827568068996
2067-11-08 12:00:00,2067,11,8,NA,10.5627969953632,18.250524576125
2067-11-09 12:00:00,2067,11,9,NA,10.4584530374372,20.9733699682836
2067-11-10 12:00:00,2067,11,10,NA,8.87549753645829,15.110913648435
2067-11-11 12:00:00,2067,11,11,NA,12.8528411122215,21.6418565703285
2067-11-12 12:00:00,2067,11,12,NA,9.35764215358986,19.7095522362827
2067-11-13 12:00:00,2067,11,13,NA,9.66056494023766,20.9407919534268
2067-11-14 12:00:00,2067,11,14,NA,5.00263649281041,10.2828251877283
2067-11-15 12:00:00,2067,11,15,NA,4.18045697921273,9.62401180411555
2067-11-16 12:00:00,2067,11,16,NA,1.37240609130966,12.0739658444792
2067-11-17 12:00:00,2067,11,17,NA,2.26503958215209,11.6839034862435
2067-11-18 12:00:00,2067,11,18,NA,3.63766995058003,11.6304556020123
2067-11-19 12:00:00,2067,11,19,NA,2.97150556901068,14.9521738363678
2067-11-20 12:00:00,2067,11,20,NA,2.2286553653355,15.3688788856925
2067-11-21 12:00:00,2067,11,21,NA,3.9890965234588,17.4603560284952
2067-11-22 12:00:00,2067,11,22,NA,1.56449168395565,12.2167902865492
2067-11-23 12:00:00,2067,11,23,NA,1.92293680758704,12.2684228230718
2067-11-24 12:00:00,2067,11,24,NA,1.47479137365442,14.8109126903474
2067-11-25 12:00:00,2067,11,25,NA,7.90818070829791,16.200068186972
2067-11-26 12:00:00,2067,11,26,NA,5.30405648214084,11.0929815285457
2067-11-27 12:00:00,2067,11,27,NA,3.32289427566762,9.54252540921407
2067-11-28 12:00:00,2067,11,28,NA,0.370719151329904,10.8856360821763
2067-11-29 12:00:00,2067,11,29,NA,-2.49251099514028,6.00222238094377
2067-11-30 12:00:00,2067,11,30,NA,-1.76734193016186,4.44671711352866
2067-12-01 12:00:00,2067,12,1,NA,-2.06634906909214,5.69087233842777
2067-12-02 12:00:00,2067,12,2,NA,2.81323320334912,13.1777702195384
2067-12-03 12:00:00,2067,12,3,NA,2.36131488438585,11.0710609488626
2067-12-04 12:00:00,2067,12,4,NA,1.87928011361119,9.63840908432482
2067-12-05 12:00:00,2067,12,5,NA,2.14561759435233,12.5300521225991
2067-12-06 12:00:00,2067,12,6,NA,0.0602433515102283,8.04024659990628
2067-12-07 12:00:00,2067,12,7,NA,-3.37522825872906,-0.649729245836981
2067-12-08 12:00:00,2067,12,8,NA,-4.40499007424296,8.22184414267143
2067-12-09 12:00:00,2067,12,9,NA,-2.36053858382327,6.3640910259136
2067-12-10 12:00:00,2067,12,10,NA,-2.97027381662508,4.54594852580911
2067-12-11 12:00:00,2067,12,11,NA,-3.11793959164682,9.42244294791718
2067-12-12 12:00:00,2067,12,12,NA,-7.04044128698531,4.21845565622786
2067-12-13 12:00:00,2067,12,13,NA,-1.35429739983948,5.71545387114681
2067-12-14 12:00:00,2067,12,14,NA,-2.15364248089075,2.4087617709571
2067-12-15 12:00:00,2067,12,15,NA,-3.34146971772957,3.83931398265732
2067-12-16 12:00:00,2067,12,16,NA,-5.65906652602321,8.10552894918559
2067-12-17 12:00:00,2067,12,17,NA,-3.05867244462483,11.2061644621897
2067-12-18 12:00:00,2067,12,18,NA,-0.0771593045938248,11.0292223201308
2067-12-19 12:00:00,2067,12,19,NA,1.88826567515994,11.8002759447886
2067-12-20 12:00:00,2067,12,20,NA,-0.589335230944772,10.1230600211184
2067-12-21 12:00:00,2067,12,21,NA,0.164961176564796,13.2495934281999
2067-12-22 12:00:00,2067,12,22,NA,-0.178266494550669,13.0870647094525
2067-12-23 12:00:00,2067,12,23,NA,-1.09574273717757,9.92587335124884
2067-12-24 12:00:00,2067,12,24,NA,0.0279573252130607,9.0170267455964
2067-12-25 12:00:00,2067,12,25,NA,1.9138532941653,10.505724174348
2067-12-26 12:00:00,2067,12,26,NA,2.04298846642726,11.9842459334204
2067-12-27 12:00:00,2067,12,27,NA,2.02467989290743,11.9366901625361
2067-12-28 12:00:00,2067,12,28,NA,2.09641037571089,11.2246623350712
2067-12-29 12:00:00,2067,12,29,NA,0.140459533510345,10.4309557944879
2067-12-30 12:00:00,2067,12,30,NA,3.83323816345719,13.7597382511369
2067-12-31 12:00:00,2067,12,31,NA,4.21673488861666,9.51065389360545
2068-01-01 12:00:00,2068,1,1,NA,-1.42108195226296,6.04167871022021
2068-01-02 12:00:00,2068,1,2,NA,0.105407010077129,5.00916552166966
2068-01-03 12:00:00,2068,1,3,NA,-2.70383912999807,8.8679624127804
2068-01-04 12:00:00,2068,1,4,NA,-4.81672144756957,5.0634728177964
2068-01-05 12:00:00,2068,1,5,NA,-5.0356876960798,1.53669629409323
2068-01-06 12:00:00,2068,1,6,NA,-5.75700144570776,3.49215717860719
2068-01-07 12:00:00,2068,1,7,NA,-3.50464025380192,5.14139514690501
2068-01-08 12:00:00,2068,1,8,NA,-6.67603273475065,9.73605375560058
2068-01-09 12:00:00,2068,1,9,NA,-4.93890130708984,7.54361580771771
2068-01-10 12:00:00,2068,1,10,NA,-4.52510031825387,4.17156910070961
2068-01-11 12:00:00,2068,1,11,NA,-6.77308094004955,0.430399144760182
2068-01-12 12:00:00,2068,1,12,NA,-3.63241020150419,5.59655857901452
2068-01-13 12:00:00,2068,1,13,NA,-2.94612049415638,8.76244573728692
2068-01-14 12:00:00,2068,1,14,NA,-1.92370119457907,5.45351262645382
2068-01-15 12:00:00,2068,1,15,NA,-2.15430370370647,7.99261988279441
2068-01-16 12:00:00,2068,1,16,NA,-4.21170859539995,4.86282257946634
2068-01-17 12:00:00,2068,1,17,NA,-4.13520321153627,1.70175415296622
2068-01-18 12:00:00,2068,1,18,NA,-8.31713854890171,0.770966199326699
2068-01-19 12:00:00,2068,1,19,NA,-5.8138075258257,6.16485875354863
2068-01-20 12:00:00,2068,1,20,NA,-6.93126183906894,6.62997448845893
2068-01-21 12:00:00,2068,1,21,NA,-6.20065165945166,4.36622762152814
2068-01-22 12:00:00,2068,1,22,NA,-4.88494918559967,8.07693806111801
2068-01-23 12:00:00,2068,1,23,NA,-2.691580430451,10.1196155421293
2068-01-24 12:00:00,2068,1,24,NA,-0.954585721366557,10.609079172765
2068-01-25 12:00:00,2068,1,25,NA,-1.68528924900812,6.10351507025227
2068-01-26 12:00:00,2068,1,26,NA,-2.23032137608114,1.51735815778201
2068-01-27 12:00:00,2068,1,27,NA,-1.15464790161495,6.32822220496845
2068-01-28 12:00:00,2068,1,28,NA,1.08497637667768,7.61825530255468
2068-01-29 12:00:00,2068,1,29,NA,-3.44873893601024,2.76334335879671
2068-01-30 12:00:00,2068,1,30,NA,1.4931553225912,3.3753599293368
2068-01-31 12:00:00,2068,1,31,NA,-1.57268887523925,7.96039709445162
2068-02-01 12:00:00,2068,2,1,NA,-0.725938631367111,8.06240221661799
2068-02-02 12:00:00,2068,2,2,NA,-5.60363494194993,3.52208210514496
2068-02-03 12:00:00,2068,2,3,NA,-5.71490253673844,0.186856270685259
2068-02-04 12:00:00,2068,2,4,NA,-3.47796608592006,8.22204334469187
2068-02-05 12:00:00,2068,2,5,NA,-6.37116109386571,1.57399030148106
2068-02-06 12:00:00,2068,2,6,NA,-4.39654553193515,5.98917263106598
2068-02-07 12:00:00,2068,2,7,NA,-3.80575683147369,5.26426761518611
2068-02-08 12:00:00,2068,2,8,NA,-9.79588642863972,-5.31598409728405
2068-02-09 12:00:00,2068,2,9,NA,-15.2731875937417,-5.01120191969501
2068-02-10 12:00:00,2068,2,10,NA,-10.7688182847098,-6.62217953574804
2068-02-11 12:00:00,2068,2,11,NA,-9.00332019002122,1.47252401936857
2068-02-12 12:00:00,2068,2,12,NA,-10.7827794447965,-0.470096730915806
2068-02-13 12:00:00,2068,2,13,NA,-9.0576637566823,1.44649998180915
2068-02-14 12:00:00,2068,2,14,NA,-11.4231446936923,4.23259999321016
2068-02-15 12:00:00,2068,2,15,NA,-8.41491874113781,4.36868733955049
2068-02-16 12:00:00,2068,2,16,NA,-8.34290944861805,-2.30563530981317
2068-02-17 12:00:00,2068,2,17,NA,-4.61087628389657,2.04144692316048
2068-02-18 12:00:00,2068,2,18,NA,-5.58974729158023,1.1107172123495
2068-02-19 12:00:00,2068,2,19,NA,-4.22432676008422,2.76379657652197
2068-02-20 12:00:00,2068,2,20,NA,-4.98997234308784,-0.327239039900958
2068-02-21 12:00:00,2068,2,21,NA,-3.20225830145684,2.83501583734804
2068-02-22 12:00:00,2068,2,22,NA,-4.88857384539391,6.91378041401101
2068-02-23 12:00:00,2068,2,23,NA,-4.15179767330719,6.3240465360826
2068-02-24 12:00:00,2068,2,24,NA,-3.02065461243253,6.06018101170632
2068-02-25 12:00:00,2068,2,25,NA,-3.47289261337532,8.42980390132971
2068-02-26 12:00:00,2068,2,26,NA,-2.01351435142698,8.75510850858522
2068-02-27 12:00:00,2068,2,27,NA,1.12619456540655,6.88788591934192
2068-02-28 12:00:00,2068,2,28,NA,-0.0470759529817684,3.18997896307316
2068-02-29 12:00:00,2068,2,29,NA,-2.14873088651924,5.53173559939528
2068-03-01 12:00:00,2068,3,1,NA,-2.32563114766329,11.143642867791
2068-03-02 12:00:00,2068,3,2,NA,-0.336618084274773,15.2520710752475
2068-03-03 12:00:00,2068,3,3,NA,3.34705433134375,16.2640573008456
2068-03-04 12:00:00,2068,3,4,NA,0.87004902993962,10.5827831980296
2068-03-05 12:00:00,2068,3,5,NA,4.03227871705389,12.4871681974912
2068-03-06 12:00:00,2068,3,6,NA,1.90940952358555,8.3751351805495
2068-03-07 12:00:00,2068,3,7,NA,-1.58998273284761,5.73759741869744
2068-03-08 12:00:00,2068,3,8,NA,-3.68616586798359,11.1128979711938
2068-03-09 12:00:00,2068,3,9,NA,-3.08376632642179,8.35385133372346
2068-03-10 12:00:00,2068,3,10,NA,0.471494097036339,7.27178107043654
2068-03-11 12:00:00,2068,3,11,NA,-2.27641625371669,3.84832830080579
2068-03-12 12:00:00,2068,3,12,NA,-1.43581901944761,10.5019661080927
2068-03-13 12:00:00,2068,3,13,NA,-3.04722325330845,13.9267599274581
2068-03-14 12:00:00,2068,3,14,NA,-3.57600203559058,15.0690392270132
2068-03-15 12:00:00,2068,3,15,NA,-1.98448652475992,11.9315095307646
2068-03-16 12:00:00,2068,3,16,NA,-0.031777292438985,13.0430993220539
2068-03-17 12:00:00,2068,3,17,NA,4.17018711593712,16.185898063698
2068-03-18 12:00:00,2068,3,18,NA,2.66986024876771,19.6612259029195
2068-03-19 12:00:00,2068,3,19,NA,4.16851227069575,22.6638326526081
2068-03-20 12:00:00,2068,3,20,NA,8.70258836358019,19.7788252837544
2068-03-21 12:00:00,2068,3,21,NA,7.13587682765858,23.3262480324374
2068-03-22 12:00:00,2068,3,22,NA,4.85567611864334,19.34750585846
2068-03-23 12:00:00,2068,3,23,NA,3.47411606198469,21.2429729798878
2068-03-24 12:00:00,2068,3,24,NA,6.6871154211394,18.4645536575346
2068-03-25 12:00:00,2068,3,25,NA,5.04681186786051,11.3440113740512
2068-03-26 12:00:00,2068,3,26,NA,-0.663656761592704,11.1995225079542
2068-03-27 12:00:00,2068,3,27,NA,3.38842979068686,22.4184786834118
2068-03-28 12:00:00,2068,3,28,NA,8.69393640778396,18.2619681181891
2068-03-29 12:00:00,2068,3,29,NA,8.09543028261354,17.3048143683248
2068-03-30 12:00:00,2068,3,30,NA,5.84427323145648,16.7586013515487
2068-03-31 12:00:00,2068,3,31,NA,4.76403600675286,18.2585322890232
2068-04-01 12:00:00,2068,4,1,NA,4.02064766973297,18.0851809299848
2068-04-02 12:00:00,2068,4,2,NA,5.32916915395938,15.7373366855882
2068-04-03 12:00:00,2068,4,3,NA,7.34345320484221,13.1223045794203
2068-04-04 12:00:00,2068,4,4,NA,4.49354914600648,14.6058598965919
2068-04-05 12:00:00,2068,4,5,NA,3.2832809050502,11.8901081486546
2068-04-06 12:00:00,2068,4,6,NA,5.75541705777161,13.624170070924
2068-04-07 12:00:00,2068,4,7,NA,3.4596632467196,19.3209875762848
2068-04-08 12:00:00,2068,4,8,NA,3.69543733489346,16.4886496434147
2068-04-09 12:00:00,2068,4,9,NA,4.41034227399456,16.3336452407507
2068-04-10 12:00:00,2068,4,10,NA,6.66192817647915,12.1758480794646
2068-04-11 12:00:00,2068,4,11,NA,5.8364047014461,16.5207790846664
2068-04-12 12:00:00,2068,4,12,NA,6.64114528493285,20.5488569241641
2068-04-13 12:00:00,2068,4,13,NA,4.24493703034152,27.7385679841934
2068-04-14 12:00:00,2068,4,14,NA,5.90872048408266,25.8420504674773
2068-04-15 12:00:00,2068,4,15,NA,7.77247300039056,25.7656190302843
2068-04-16 12:00:00,2068,4,16,NA,9.95808897182185,27.774586948271
2068-04-17 12:00:00,2068,4,17,NA,9.25535719012495,26.805683507749
2068-04-18 12:00:00,2068,4,18,NA,10.6282067764719,27.3442962288506
2068-04-19 12:00:00,2068,4,19,NA,9.97853535054784,26.9643223514794
2068-04-20 12:00:00,2068,4,20,NA,12.1606618123396,22.3614867133071
2068-04-21 12:00:00,2068,4,21,NA,6.4021551289964,15.6510762901418
2068-04-22 12:00:00,2068,4,22,NA,7.46885944671999,21.3355068348935
2068-04-23 12:00:00,2068,4,23,NA,7.17471033285647,21.9098439762666
2068-04-24 12:00:00,2068,4,24,NA,11.9607084580299,31.2108313189383
2068-04-25 12:00:00,2068,4,25,NA,15.2684953030563,26.6706697939525
2068-04-26 12:00:00,2068,4,26,NA,13.5603815803691,19.6877303530713
2068-04-27 12:00:00,2068,4,27,NA,11.4482780331932,20.389473701974
2068-04-28 12:00:00,2068,4,28,NA,9.6868147390824,23.6166515050983
2068-04-29 12:00:00,2068,4,29,NA,10.3301524983007,27.4170976789017
2068-04-30 12:00:00,2068,4,30,NA,11.1442608521353,26.5778678406509
2068-05-01 12:00:00,2068,5,1,NA,13.4156459962232,30.2360846591811
2068-05-02 12:00:00,2068,5,2,NA,12.9454090929219,29.6338983549459
2068-05-03 12:00:00,2068,5,3,NA,14.8163997901475,26.0720743108477
2068-05-04 12:00:00,2068,5,4,NA,12.7297591626029,27.0233048242281
2068-05-05 12:00:00,2068,5,5,NA,12.0382432128288,25.0839786396761
2068-05-06 12:00:00,2068,5,6,NA,11.6908341527849,28.0859278601092
2068-05-07 12:00:00,2068,5,7,NA,14.0207224149287,27.3904100533124
2068-05-08 12:00:00,2068,5,8,NA,13.2025748061069,25.6436825590775
2068-05-09 12:00:00,2068,5,9,NA,11.1104305299267,24.2946033110221
2068-05-10 12:00:00,2068,5,10,NA,10.845084213962,27.4859176187618
2068-05-11 12:00:00,2068,5,11,NA,13.8884964198754,25.5741119532553
2068-05-12 12:00:00,2068,5,12,NA,15.2282049305043,24.4122501347094
2068-05-13 12:00:00,2068,5,13,NA,20.2515410412294,24.1785940565626
2068-05-14 12:00:00,2068,5,14,NA,17.9836443307975,29.7197339323371
2068-05-15 12:00:00,2068,5,15,NA,18.0903330379879,29.7074853415081
2068-05-16 12:00:00,2068,5,16,NA,21.0522883512179,26.9997219944456
2068-05-17 12:00:00,2068,5,17,NA,18.7289872668372,24.436494237989
2068-05-18 12:00:00,2068,5,18,NA,15.5712094707663,26.4669105636709
2068-05-19 12:00:00,2068,5,19,NA,15.0844244131493,30.9909372993877
2068-05-20 12:00:00,2068,5,20,NA,16.0624867107786,29.7590614567998
2068-05-21 12:00:00,2068,5,21,NA,17.7624555632285,21.4301135354688
2068-05-22 12:00:00,2068,5,22,NA,15.6301642079184,25.2944382205987
2068-05-23 12:00:00,2068,5,23,NA,14.9870434943423,20.9177514585514
2068-05-24 12:00:00,2068,5,24,NA,12.0566856744414,22.189609844889
2068-05-25 12:00:00,2068,5,25,NA,12.6820193180932,23.5263323059179
2068-05-26 12:00:00,2068,5,26,NA,12.8873611452933,26.5647327817748
2068-05-27 12:00:00,2068,5,27,NA,15.0098805628142,27.1281055126531
2068-05-28 12:00:00,2068,5,28,NA,12.0697695757478,28.6202646959472
2068-05-29 12:00:00,2068,5,29,NA,18.41578315835,26.2416134303026
2068-05-30 12:00:00,2068,5,30,NA,16.707097617756,26.3800573968493
2068-05-31 12:00:00,2068,5,31,NA,14.4814690907775,28.7799635517869
2068-06-01 12:00:00,2068,6,1,NA,14.2819725266065,28.6559868073205
2068-06-02 12:00:00,2068,6,2,NA,14.172113033544,26.8253632084572
2068-06-03 12:00:00,2068,6,3,NA,16.7167044570916,27.9981037861846
2068-06-04 12:00:00,2068,6,4,NA,18.1769104435537,23.3490483636244
2068-06-05 12:00:00,2068,6,5,NA,16.8366299867764,28.9454929840919
2068-06-06 12:00:00,2068,6,6,NA,16.3448903309145,30.9668907926145
2068-06-07 12:00:00,2068,6,7,NA,17.819426623288,29.4847655961326
2068-06-08 12:00:00,2068,6,8,NA,17.298049704754,28.0626641992354
2068-06-09 12:00:00,2068,6,9,NA,18.5631483947556,27.844514882829
2068-06-10 12:00:00,2068,6,10,NA,18.3026910326679,30.4155941481762
2068-06-11 12:00:00,2068,6,11,NA,18.6569297580771,26.7113326063554
2068-06-12 12:00:00,2068,6,12,NA,19.702084710809,30.7762345669941
2068-06-13 12:00:00,2068,6,13,NA,20.2675184203847,32.2431207673949
2068-06-14 12:00:00,2068,6,14,NA,20.5568146579683,31.948872626505
2068-06-15 12:00:00,2068,6,15,NA,22.1065778804848,27.1161976476199
2068-06-16 12:00:00,2068,6,16,NA,19.9318136842761,29.8985181954765
2068-06-17 12:00:00,2068,6,17,NA,20.9846348959595,31.293452153919
2068-06-18 12:00:00,2068,6,18,NA,20.5213595775557,29.5391364621064
2068-06-19 12:00:00,2068,6,19,NA,20.3070520401283,33.7157994175354
2068-06-20 12:00:00,2068,6,20,NA,20.5319913880531,31.6887637207068
2068-06-21 12:00:00,2068,6,21,NA,21.9020520350256,32.0648850437727
2068-06-22 12:00:00,2068,6,22,NA,24.3242638040564,27.3408043877279
2068-06-23 12:00:00,2068,6,23,NA,23.5539684523683,28.9191760351695
2068-06-24 12:00:00,2068,6,24,NA,24.6502548249692,31.4000612396146
2068-06-25 12:00:00,2068,6,25,NA,22.010711958191,30.7343909829996
2068-06-26 12:00:00,2068,6,26,NA,23.3705032644898,27.2402311586073
2068-06-27 12:00:00,2068,6,27,NA,19.1636165974343,23.8551398235032
2068-06-28 12:00:00,2068,6,28,NA,18.3463744223216,28.0973221177438
2068-06-29 12:00:00,2068,6,29,NA,17.3871419919051,26.7901893146196
2068-06-30 12:00:00,2068,6,30,NA,16.3992490307609,28.0758113696742
2068-07-01 12:00:00,2068,7,1,NA,16.7505732904604,31.3098205054748
2068-07-02 12:00:00,2068,7,2,NA,21.2110761706616,32.2923813872248
2068-07-03 12:00:00,2068,7,3,NA,24.8505343196252,27.7427032055389
2068-07-04 12:00:00,2068,7,4,NA,25.0524825017856,27.9810156174282
2068-07-05 12:00:00,2068,7,5,NA,20.3426257663165,26.1879686049866
2068-07-06 12:00:00,2068,7,6,NA,15.5081909148285,30.368868372967
2068-07-07 12:00:00,2068,7,7,NA,16.4672138771752,28.0789248927703
2068-07-08 12:00:00,2068,7,8,NA,20.3326271637607,23.3205355116032
2068-07-09 12:00:00,2068,7,9,NA,22.2333630354997,24.6847364598809
2068-07-10 12:00:00,2068,7,10,NA,21.3709280951681,26.2564040926771
2068-07-11 12:00:00,2068,7,11,NA,22.8855789740056,29.7893397523427
2068-07-12 12:00:00,2068,7,12,NA,23.3520354577772,28.0230506370312
2068-07-13 12:00:00,2068,7,13,NA,22.4775392366203,26.2202181304236
2068-07-14 12:00:00,2068,7,14,NA,22.3978629217169,27.1829616508021
2068-07-15 12:00:00,2068,7,15,NA,20.9380769505224,23.830245836436
2068-07-16 12:00:00,2068,7,16,NA,19.0289390624205,27.7842604756192
2068-07-17 12:00:00,2068,7,17,NA,19.6649688343799,30.5784627468157
2068-07-18 12:00:00,2068,7,18,NA,23.7526983264484,32.9490912782267
2068-07-19 12:00:00,2068,7,19,NA,23.4538739048416,34.9560703718766
2068-07-20 12:00:00,2068,7,20,NA,23.9577968528274,35.1980458519761
2068-07-21 12:00:00,2068,7,21,NA,25.3561360542153,34.0807428593439
2068-07-22 12:00:00,2068,7,22,NA,23.7109314656771,32.577171866645
2068-07-23 12:00:00,2068,7,23,NA,24.7652787182031,30.7184482136935
2068-07-24 12:00:00,2068,7,24,NA,23.9549703533385,32.016297378217
2068-07-25 12:00:00,2068,7,25,NA,22.1694311866277,34.3579800072198
2068-07-26 12:00:00,2068,7,26,NA,23.8957069651096,34.1655770918606
2068-07-27 12:00:00,2068,7,27,NA,24.0594606575955,32.0788725493337
2068-07-28 12:00:00,2068,7,28,NA,26.4257957147865,35.3636496957267
2068-07-29 12:00:00,2068,7,29,NA,26.1979190893807,34.1720690095185
2068-07-30 12:00:00,2068,7,30,NA,24.7934387498646,28.3704662808513
2068-07-31 12:00:00,2068,7,31,NA,25.8077045952683,29.7886045758028
2068-08-01 12:00:00,2068,8,1,NA,24.7499397204555,33.3577759261222
2068-08-02 12:00:00,2068,8,2,NA,25.6237925101452,30.8273146846287
2068-08-03 12:00:00,2068,8,3,NA,21.4586808076295,24.5640607665364
2068-08-04 12:00:00,2068,8,4,NA,20.3171620480827,30.6303700895783
2068-08-05 12:00:00,2068,8,5,NA,22.4778369212869,32.5708851957045
2068-08-06 12:00:00,2068,8,6,NA,23.5566209607802,34.3364559042003
2068-08-07 12:00:00,2068,8,7,NA,23.4894853177185,32.1350098860314
2068-08-08 12:00:00,2068,8,8,NA,23.5535379952445,33.4297259103425
2068-08-09 12:00:00,2068,8,9,NA,23.6304176790015,32.9489424112699
2068-08-10 12:00:00,2068,8,10,NA,25.4704868367967,30.6600319484038
2068-08-11 12:00:00,2068,8,11,NA,25.1946422506573,33.2136723422503
2068-08-12 12:00:00,2068,8,12,NA,24.8728277624318,33.5151591288313
2068-08-13 12:00:00,2068,8,13,NA,25.4387176862331,33.6075875412766
2068-08-14 12:00:00,2068,8,14,NA,24.7019857102264,33.87889929792
2068-08-15 12:00:00,2068,8,15,NA,23.8335012242136,34.4094423406634
2068-08-16 12:00:00,2068,8,16,NA,25.1555609466994,34.305379156165
2068-08-17 12:00:00,2068,8,17,NA,25.3651934299973,33.5381687790254
2068-08-18 12:00:00,2068,8,18,NA,25.5024898442561,33.5863688527341
2068-08-19 12:00:00,2068,8,19,NA,23.8910822337203,34.6558997426891
2068-08-20 12:00:00,2068,8,20,NA,24.5323054361794,35.7951675844061
2068-08-21 12:00:00,2068,8,21,NA,27.1493534581953,31.7584168827673
2068-08-22 12:00:00,2068,8,22,NA,26.2570187920796,32.7874532387402
2068-08-23 12:00:00,2068,8,23,NA,27.5246114683024,30.1397903376868
2068-08-24 12:00:00,2068,8,24,NA,24.1020653830144,33.0710231023172
2068-08-25 12:00:00,2068,8,25,NA,24.0810141241373,34.3653828373786
2068-08-26 12:00:00,2068,8,26,NA,24.0738410916837,34.7713424574848
2068-08-27 12:00:00,2068,8,27,NA,25.2475093084707,35.8125139860763
2068-08-28 12:00:00,2068,8,28,NA,24.4346565061302,35.2144914495503
2068-08-29 12:00:00,2068,8,29,NA,25.3777437615028,34.5275619709684
2068-08-30 12:00:00,2068,8,30,NA,25.7983832086761,34.7071368630025
2068-08-31 12:00:00,2068,8,31,NA,24.3262710595735,34.886105052691
2068-09-01 12:00:00,2068,9,1,NA,27.4988020961513,31.2391307373212
2068-09-02 12:00:00,2068,9,2,NA,23.3328540674105,30.0711496362574
2068-09-03 12:00:00,2068,9,3,NA,20.6219664620939,32.1831973146495
2068-09-04 12:00:00,2068,9,4,NA,19.8827903189638,32.020558635576
2068-09-05 12:00:00,2068,9,5,NA,21.3653078581652,29.4282864688633
2068-09-06 12:00:00,2068,9,6,NA,19.5489732965742,25.298154557397
2068-09-07 12:00:00,2068,9,7,NA,17.7239232737761,25.3148857656803
2068-09-08 12:00:00,2068,9,8,NA,18.7050184909714,25.5496704028258
2068-09-09 12:00:00,2068,9,9,NA,17.4131221980187,26.2701855839058
2068-09-10 12:00:00,2068,9,10,NA,15.8922111168184,25.4744424996042
2068-09-11 12:00:00,2068,9,11,NA,16.8945770233253,28.3719897608489
2068-09-12 12:00:00,2068,9,12,NA,18.6850818848702,30.100503035868
2068-09-13 12:00:00,2068,9,13,NA,17.8085032785676,27.1016346717201
2068-09-14 12:00:00,2068,9,14,NA,19.4205305345821,27.9453671206701
2068-09-15 12:00:00,2068,9,15,NA,19.0686649128949,30.3804345114505
2068-09-16 12:00:00,2068,9,16,NA,18.316047161665,28.1921652109412
2068-09-17 12:00:00,2068,9,17,NA,18.8466191768199,26.5171985714914
2068-09-18 12:00:00,2068,9,18,NA,17.4909947688623,22.3018236240033
2068-09-19 12:00:00,2068,9,19,NA,16.4974891271407,28.7548596132904
2068-09-20 12:00:00,2068,9,20,NA,19.1479940403695,27.210637773234
2068-09-21 12:00:00,2068,9,21,NA,19.2758263386546,22.6348594030665
2068-09-22 12:00:00,2068,9,22,NA,17.589854164457,22.0154373150676
2068-09-23 12:00:00,2068,9,23,NA,16.0498735876963,27.4652947386941
2068-09-24 12:00:00,2068,9,24,NA,16.714844789315,26.4208439429993
2068-09-25 12:00:00,2068,9,25,NA,19.5430448181772,24.9341273945889
2068-09-26 12:00:00,2068,9,26,NA,15.2426525398433,19.8385604872596
2068-09-27 12:00:00,2068,9,27,NA,14.5659970017287,19.3572753731023
2068-09-28 12:00:00,2068,9,28,NA,13.0319074533573,23.8812562599513
2068-09-29 12:00:00,2068,9,29,NA,14.4962785960182,23.142647536399
2068-09-30 12:00:00,2068,9,30,NA,17.1245309633927,18.9385759149795
2068-10-01 12:00:00,2068,10,1,NA,14.6031350362957,19.3029730632337
2068-10-02 12:00:00,2068,10,2,NA,13.0713823531888,24.8210582787673
2068-10-03 12:00:00,2068,10,3,NA,13.8074698622149,23.7963959293789
2068-10-04 12:00:00,2068,10,4,NA,12.7465607730365,23.4128757208231
2068-10-05 12:00:00,2068,10,5,NA,11.5196079032596,23.6285728489858
2068-10-06 12:00:00,2068,10,6,NA,15.3365669084399,23.3044201551391
2068-10-07 12:00:00,2068,10,7,NA,12.8652093367803,22.1828281539556
2068-10-08 12:00:00,2068,10,8,NA,11.2111597655878,24.4334107043152
2068-10-09 12:00:00,2068,10,9,NA,11.6549492545145,26.5363372852309
2068-10-10 12:00:00,2068,10,10,NA,14.047100300855,25.9116976400742
2068-10-11 12:00:00,2068,10,11,NA,13.6356812820406,26.4089276688546
2068-10-12 12:00:00,2068,10,12,NA,14.0462646667888,28.2782919572231
2068-10-13 12:00:00,2068,10,13,NA,14.6263616073911,27.332891010892
2068-10-14 12:00:00,2068,10,14,NA,15.3540234260631,26.6507826861763
2068-10-15 12:00:00,2068,10,15,NA,11.5252208031181,24.1426891898604
2068-10-16 12:00:00,2068,10,16,NA,10.0894918856475,23.2021795844971
2068-10-17 12:00:00,2068,10,17,NA,8.98948056939407,22.6337302150093
2068-10-18 12:00:00,2068,10,18,NA,8.76088123121077,22.8741913364207
2068-10-19 12:00:00,2068,10,19,NA,9.95281582502619,21.0712347754413
2068-10-20 12:00:00,2068,10,20,NA,7.24436653762275,21.709469536266
2068-10-21 12:00:00,2068,10,21,NA,5.97366400758719,19.7343473017864
2068-10-22 12:00:00,2068,10,22,NA,5.12522418550819,19.7587261785971
2068-10-23 12:00:00,2068,10,23,NA,5.2199898202989,16.163790617119
2068-10-24 12:00:00,2068,10,24,NA,5.06990068290523,18.1825883817548
2068-10-25 12:00:00,2068,10,25,NA,4.60628865264612,20.8750750965043
2068-10-26 12:00:00,2068,10,26,NA,5.7952369274904,20.178440629448
2068-10-27 12:00:00,2068,10,27,NA,6.78874350499802,19.9593502945866
2068-10-28 12:00:00,2068,10,28,NA,7.78469097708433,15.7508899200722
2068-10-29 12:00:00,2068,10,29,NA,2.73578213287434,15.321285285155
2068-10-30 12:00:00,2068,10,30,NA,4.31916433673224,14.2692978073612
2068-10-31 12:00:00,2068,10,31,NA,5.32894777142494,17.9576046876853
2068-11-01 12:00:00,2068,11,1,NA,6.52963177509828,22.2003401600263
2068-11-02 12:00:00,2068,11,2,NA,10.4526066746372,24.5659167798472
2068-11-03 12:00:00,2068,11,3,NA,9.77530009770112,25.3847347550144
2068-11-04 12:00:00,2068,11,4,NA,9.11069996868917,21.8010183548248
2068-11-05 12:00:00,2068,11,5,NA,9.97852317563403,19.5005685410145
2068-11-06 12:00:00,2068,11,6,NA,9.70957243870813,22.7131513577898
2068-11-07 12:00:00,2068,11,7,NA,14.4770625812895,20.8024153401116
2068-11-08 12:00:00,2068,11,8,NA,11.6799846491132,23.1538280522246
2068-11-09 12:00:00,2068,11,9,NA,11.2595099144152,19.5436774077524
2068-11-10 12:00:00,2068,11,10,NA,9.78922100351524,22.8289001632125
2068-11-11 12:00:00,2068,11,11,NA,6.81460241738542,19.7589969917636
2068-11-12 12:00:00,2068,11,12,NA,4.61218571754542,13.9156276466325
2068-11-13 12:00:00,2068,11,13,NA,5.64153826672643,15.3540735849955
2068-11-14 12:00:00,2068,11,14,NA,3.73332768688932,14.1653977128813
2068-11-15 12:00:00,2068,11,15,NA,1.28503131524889,16.721472226233
2068-11-16 12:00:00,2068,11,16,NA,2.77824402633719,17.7147974116043
2068-11-17 12:00:00,2068,11,17,NA,0.589796549768335,9.04295054630457
2068-11-18 12:00:00,2068,11,18,NA,0.731039579268838,5.82130027650575
2068-11-19 12:00:00,2068,11,19,NA,1.55715349546034,4.14215349250119
2068-11-20 12:00:00,2068,11,20,NA,-2.24556028084805,1.48928037022075
2068-11-21 12:00:00,2068,11,21,NA,-0.232803039120473,9.09722650113145
2068-11-22 12:00:00,2068,11,22,NA,-1.23568772654399,9.10017086709705
2068-11-23 12:00:00,2068,11,23,NA,-0.66146343896272,12.0485436027674
2068-11-24 12:00:00,2068,11,24,NA,-2.58879454047881,16.0733699308811
2068-11-25 12:00:00,2068,11,25,NA,3.72203786003773,17.2693717096302
2068-11-26 12:00:00,2068,11,26,NA,6.9096342174383,16.7392287344815
2068-11-27 12:00:00,2068,11,27,NA,5.70593005247959,17.1088737893295
2068-11-28 12:00:00,2068,11,28,NA,0.127821387716052,13.4060086273403
2068-11-29 12:00:00,2068,11,29,NA,-0.609476999905839,9.66011513051439
2068-11-30 12:00:00,2068,11,30,NA,1.61462051138643,12.4232776779952
2068-12-01 12:00:00,2068,12,1,NA,3.64482787517145,17.8879646862652
2068-12-02 12:00:00,2068,12,2,NA,4.21439079279029,12.406911040744
2068-12-03 12:00:00,2068,12,3,NA,3.96556633349723,13.4253000717151
2068-12-04 12:00:00,2068,12,4,NA,5.8162795632737,14.9103152293215
2068-12-05 12:00:00,2068,12,5,NA,5.7763588874346,13.8650989781501
2068-12-06 12:00:00,2068,12,6,NA,3.64692444810277,14.2161278238074
2068-12-07 12:00:00,2068,12,7,NA,3.87915699145254,15.1676470080062
2068-12-08 12:00:00,2068,12,8,NA,3.40387771130103,17.6830808864097
2068-12-09 12:00:00,2068,12,9,NA,2.8927562225818,16.1384915861528
2068-12-10 12:00:00,2068,12,10,NA,3.50141870709183,11.7483039950821
2068-12-11 12:00:00,2068,12,11,NA,1.63621106792913,12.0379339239711
2068-12-12 12:00:00,2068,12,12,NA,-0.0125029490330775,14.1394580362486
2068-12-13 12:00:00,2068,12,13,NA,0.706205229020279,10.9847562144837
2068-12-14 12:00:00,2068,12,14,NA,2.10935431479285,12.7707529854971
2068-12-15 12:00:00,2068,12,15,NA,0.408112763798296,9.24230151898372
2068-12-16 12:00:00,2068,12,16,NA,-3.35991908032648,2.00879838127863
2068-12-17 12:00:00,2068,12,17,NA,-6.19505066210257,3.95402478041392
2068-12-18 12:00:00,2068,12,18,NA,-7.32300377389607,3.27271439315577
2068-12-19 12:00:00,2068,12,19,NA,-2.20200888248401,7.9420506681755
2068-12-20 12:00:00,2068,12,20,NA,-2.21799894807484,8.01548726950588
2068-12-21 12:00:00,2068,12,21,NA,-3.30285127496292,8.5913073727592
2068-12-22 12:00:00,2068,12,22,NA,-1.21186713023643,12.8268111340902
2068-12-23 12:00:00,2068,12,23,NA,-3.67845728671378,4.75285991804758
2068-12-24 12:00:00,2068,12,24,NA,-2.58963460817434,10.464032833808
2068-12-25 12:00:00,2068,12,25,NA,-4.60623495140202,5.30577531822667
2068-12-26 12:00:00,2068,12,26,NA,-3.81884102586817,8.09816378928212
2068-12-27 12:00:00,2068,12,27,NA,-8.53130246621262,11.0550487941352
2068-12-28 12:00:00,2068,12,28,NA,-2.8859881458717,10.7610610686623
2068-12-29 12:00:00,2068,12,29,NA,-4.53729613957482,-0.118145010781455
2068-12-30 12:00:00,2068,12,30,NA,-5.94877722768994,6.22051738645036
2068-12-31 12:00:00,2068,12,31,NA,-7.95383359426472,-2.20688740564772
2069-01-01 12:00:00,2069,1,1,NA,-9.28300905585599,-2.40141672041697
2069-01-02 12:00:00,2069,1,2,NA,-12.7506699769226,-8.41312289421537
2069-01-03 12:00:00,2069,1,3,NA,-10.0011427268051,3.20988416454332
2069-01-04 12:00:00,2069,1,4,NA,-8.79308473180699,4.50879041537926
2069-01-05 12:00:00,2069,1,5,NA,-5.93310542216052,9.71284620400366
2069-01-06 12:00:00,2069,1,6,NA,-12.2450358257968,8.47115969191155
2069-01-07 12:00:00,2069,1,7,NA,-3.92050141552161,6.13968161469665
2069-01-08 12:00:00,2069,1,8,NA,-5.48632921475609,6.87646018340558
2069-01-09 12:00:00,2069,1,9,NA,-5.83194837414607,5.49434201917003
2069-01-10 12:00:00,2069,1,10,NA,-8.15460582504337,6.10206850074153
2069-01-11 12:00:00,2069,1,11,NA,-5.44961186450157,5.09237979581633
2069-01-12 12:00:00,2069,1,12,NA,-4.05848880658245,12.0274223535236
2069-01-13 12:00:00,2069,1,13,NA,-3.67691021370792,9.50707576801467
2069-01-14 12:00:00,2069,1,14,NA,-1.37033699269798,9.20185413982429
2069-01-15 12:00:00,2069,1,15,NA,1.26782621331559,11.1480204786816
2069-01-16 12:00:00,2069,1,16,NA,1.48957514025046,15.3007670103239
2069-01-17 12:00:00,2069,1,17,NA,0.589281631596825,8.41281309383525
2069-01-18 12:00:00,2069,1,18,NA,0.215878529303539,5.26142250764912
2069-01-19 12:00:00,2069,1,19,NA,-0.872956079451147,11.0667115538472
2069-01-20 12:00:00,2069,1,20,NA,-1.20188649199723,15.2062593503069
2069-01-21 12:00:00,2069,1,21,NA,6.1369130947863,14.4258100711786
2069-01-22 12:00:00,2069,1,22,NA,2.31940637625072,10.6085892592296
2069-01-23 12:00:00,2069,1,23,NA,1.02232463495258,12.2529337386163
2069-01-24 12:00:00,2069,1,24,NA,-0.486812654409084,10.8452140172946
2069-01-25 12:00:00,2069,1,25,NA,-1.77560935890636,11.6701397294357
2069-01-26 12:00:00,2069,1,26,NA,1.46735291156186,11.7368154193851
2069-01-27 12:00:00,2069,1,27,NA,-5.13463561375032,5.93181066450996
2069-01-28 12:00:00,2069,1,28,NA,-5.2135683621844,7.57021585123185
2069-01-29 12:00:00,2069,1,29,NA,-2.41331965021022,6.36380897867831
2069-01-30 12:00:00,2069,1,30,NA,-1.85792903167339,9.37268007199029
2069-01-31 12:00:00,2069,1,31,NA,-1.55922347005174,2.0222012289908
2069-02-01 12:00:00,2069,2,1,NA,-2.69598765880724,6.23383944468689
2069-02-02 12:00:00,2069,2,2,NA,1.70136883972759,7.31766526698231
2069-02-03 12:00:00,2069,2,3,NA,0.108586651747958,4.58451799745161
2069-02-04 12:00:00,2069,2,4,NA,0.597981993143891,5.82429434521699
2069-02-05 12:00:00,2069,2,5,NA,-1.21287103663143,10.7771445733466
2069-02-06 12:00:00,2069,2,6,NA,0.468905561785269,10.4003926602028
2069-02-07 12:00:00,2069,2,7,NA,-2.50073699782315,8.73607024175024
2069-02-08 12:00:00,2069,2,8,NA,-4.12803353526473,4.54426757114342
2069-02-09 12:00:00,2069,2,9,NA,-4.382903229843,4.98308983401244
2069-02-10 12:00:00,2069,2,10,NA,-2.65869725071407,7.81714695867572
2069-02-11 12:00:00,2069,2,11,NA,-2.01931792493725,7.40425636655018
2069-02-12 12:00:00,2069,2,12,NA,-0.733077269454061,10.0417122086387
2069-02-13 12:00:00,2069,2,13,NA,-3.37881446585008,6.98883672626462
2069-02-14 12:00:00,2069,2,14,NA,-2.08561879750732,12.1704061867533
2069-02-15 12:00:00,2069,2,15,NA,2.88222941993894,9.38885728620289
2069-02-16 12:00:00,2069,2,16,NA,-1.15358623930812,11.0743131273787
2069-02-17 12:00:00,2069,2,17,NA,-1.6701164389773,5.64607611382863
2069-02-18 12:00:00,2069,2,18,NA,-2.18423997084522,3.32498271633619
2069-02-19 12:00:00,2069,2,19,NA,-6.4949535079545,2.92862078353293
2069-02-20 12:00:00,2069,2,20,NA,-9.45679604089968,-1.43126274689851
2069-02-21 12:00:00,2069,2,21,NA,-8.45522230717297,-2.21274730679162
2069-02-22 12:00:00,2069,2,22,NA,-1.52559875615111,5.00054019020959
2069-02-23 12:00:00,2069,2,23,NA,-1.61400174512563,5.70676503841182
2069-02-24 12:00:00,2069,2,24,NA,-2.31537228133575,8.05744152990736
2069-02-25 12:00:00,2069,2,25,NA,-2.02163718934323,8.72053847084003
2069-02-26 12:00:00,2069,2,26,NA,-2.47002415367474,5.89304784522313
2069-02-27 12:00:00,2069,2,27,NA,0.300583391036737,9.67610381192909
2069-02-28 12:00:00,2069,2,28,NA,-1.16346765180293,11.9018689634693
2069-03-01 12:00:00,2069,3,1,NA,3.16378704335593,19.4584654454247
2069-03-02 12:00:00,2069,3,2,NA,12.6015945369433,23.2873801771973
2069-03-03 12:00:00,2069,3,3,NA,8.82832337705273,21.536239275008
2069-03-04 12:00:00,2069,3,4,NA,7.18870743850643,19.2270710866654
2069-03-05 12:00:00,2069,3,5,NA,7.9413394614424,17.0131905332416
2069-03-06 12:00:00,2069,3,6,NA,3.7227811102417,19.3650938773377
2069-03-07 12:00:00,2069,3,7,NA,2.64115657866985,14.5634767175313
2069-03-08 12:00:00,2069,3,8,NA,2.32240181559988,16.5097346088523
2069-03-09 12:00:00,2069,3,9,NA,0.578437920557624,15.2762362495138
2069-03-10 12:00:00,2069,3,10,NA,7.96423559121641,19.1362012284619
2069-03-11 12:00:00,2069,3,11,NA,7.21598712108723,20.5159085565418
2069-03-12 12:00:00,2069,3,12,NA,5.2404489467559,19.327879383825
2069-03-13 12:00:00,2069,3,13,NA,4.54066661753738,19.2300042410163
2069-03-14 12:00:00,2069,3,14,NA,5.83695608516835,21.0149885381512
2069-03-15 12:00:00,2069,3,15,NA,4.61850842996848,16.7992072493732
2069-03-16 12:00:00,2069,3,16,NA,4.85815802770493,15.2075321267025
2069-03-17 12:00:00,2069,3,17,NA,1.52613715499201,11.9343046866208
2069-03-18 12:00:00,2069,3,18,NA,3.33152597698515,16.3194561009078
2069-03-19 12:00:00,2069,3,19,NA,4.05646411918359,13.8027365261409
2069-03-20 12:00:00,2069,3,20,NA,2.79997080168391,12.8895645095147
2069-03-21 12:00:00,2069,3,21,NA,3.85365750071584,19.7993142624201
2069-03-22 12:00:00,2069,3,22,NA,4.5072399914883,22.1957953529799
2069-03-23 12:00:00,2069,3,23,NA,4.11809528230763,15.5979661731203
2069-03-24 12:00:00,2069,3,24,NA,2.05382053148317,18.4354918096696
2069-03-25 12:00:00,2069,3,25,NA,0.313616228896018,12.4699802341181
2069-03-26 12:00:00,2069,3,26,NA,2.5335465805269,13.122942406752
2069-03-27 12:00:00,2069,3,27,NA,5.31884476376727,8.32786126724578
2069-03-28 12:00:00,2069,3,28,NA,1.15231413756264,7.41083330110959
2069-03-29 12:00:00,2069,3,29,NA,2.54662625004139,16.5585487468163
2069-03-30 12:00:00,2069,3,30,NA,1.39575168911167,16.0467770112165
2069-03-31 12:00:00,2069,3,31,NA,1.96970688624007,13.972732398918
2069-04-01 12:00:00,2069,4,1,NA,5.20797877636362,14.1096016438793
2069-04-02 12:00:00,2069,4,2,NA,4.57713575092569,18.2067145492485
2069-04-03 12:00:00,2069,4,3,NA,3.91597973191866,16.3439051402748
2069-04-04 12:00:00,2069,4,4,NA,0.961076626486991,15.8483726883957
2069-04-05 12:00:00,2069,4,5,NA,0.99298803208218,14.0773938374878
2069-04-06 12:00:00,2069,4,6,NA,-3.62649958902105,11.0163011321726
2069-04-07 12:00:00,2069,4,7,NA,0.257266756279285,10.3695775068647
2069-04-08 12:00:00,2069,4,8,NA,-1.60464877442173,13.1610800173702
2069-04-09 12:00:00,2069,4,9,NA,1.81750986960394,15.1846893864175
2069-04-10 12:00:00,2069,4,10,NA,3.11057930251912,14.568143277391
2069-04-11 12:00:00,2069,4,11,NA,2.66369834351756,15.5273084088262
2069-04-12 12:00:00,2069,4,12,NA,5.55953523152859,21.5028829744704
2069-04-13 12:00:00,2069,4,13,NA,5.96277471170019,22.1354411012455
2069-04-14 12:00:00,2069,4,14,NA,5.13371570766931,21.0770634506111
2069-04-15 12:00:00,2069,4,15,NA,8.6722575730049,25.9762743915578
2069-04-16 12:00:00,2069,4,16,NA,9.73742165339513,24.610533617477
2069-04-17 12:00:00,2069,4,17,NA,9.75961420548703,26.2720096870105
2069-04-18 12:00:00,2069,4,18,NA,8.73021728999614,21.4942441174842
2069-04-19 12:00:00,2069,4,19,NA,5.80768557248066,24.5016154198118
2069-04-20 12:00:00,2069,4,20,NA,8.19600541432827,21.2326527919286
2069-04-21 12:00:00,2069,4,21,NA,10.3438744571858,21.2592282806234
2069-04-22 12:00:00,2069,4,22,NA,15.0203918176485,25.9536517619386
2069-04-23 12:00:00,2069,4,23,NA,14.7131097467461,25.6230223357408
2069-04-24 12:00:00,2069,4,24,NA,14.6713047407814,26.0990301433105
2069-04-25 12:00:00,2069,4,25,NA,12.9934985371122,28.6661391968319
2069-04-26 12:00:00,2069,4,26,NA,14.4743918606179,25.3290532208424
2069-04-27 12:00:00,2069,4,27,NA,15.5599941329585,25.1758527672991
2069-04-28 12:00:00,2069,4,28,NA,13.7099422255451,27.5765896137186
2069-04-29 12:00:00,2069,4,29,NA,14.8304037351661,19.7576752164174
2069-04-30 12:00:00,2069,4,30,NA,12.7755832845565,26.6022652725153
2069-05-01 12:00:00,2069,5,1,NA,13.4325049703611,27.6141953145714
2069-05-02 12:00:00,2069,5,2,NA,13.6466404408247,25.9551693902207
2069-05-03 12:00:00,2069,5,3,NA,12.4323423653659,22.2144479193157
2069-05-04 12:00:00,2069,5,4,NA,8.29929186912632,21.685677991446
2069-05-05 12:00:00,2069,5,5,NA,8.22829453275485,23.8873570641649
2069-05-06 12:00:00,2069,5,6,NA,13.0910437901503,25.9366465803998
2069-05-07 12:00:00,2069,5,7,NA,16.3542543226018,26.228371376405
2069-05-08 12:00:00,2069,5,8,NA,13.3497362813063,25.3512878358992
2069-05-09 12:00:00,2069,5,9,NA,11.050456002823,27.0731713390031
2069-05-10 12:00:00,2069,5,10,NA,13.1674963924181,23.8661968012652
2069-05-11 12:00:00,2069,5,11,NA,12.9848735257303,20.9085222281524
2069-05-12 12:00:00,2069,5,12,NA,15.2470569019362,24.3461300666841
2069-05-13 12:00:00,2069,5,13,NA,14.9290148647148,27.2673914342331
2069-05-14 12:00:00,2069,5,14,NA,13.3094949486342,28.0752863479979
2069-05-15 12:00:00,2069,5,15,NA,14.3957799372644,26.1047901897148
2069-05-16 12:00:00,2069,5,16,NA,15.1013931228583,25.1388397574932
2069-05-17 12:00:00,2069,5,17,NA,15.0050197343144,22.3422509190297
2069-05-18 12:00:00,2069,5,18,NA,14.2425352222496,24.8155329488501
2069-05-19 12:00:00,2069,5,19,NA,19.1005180374733,24.5384485398714
2069-05-20 12:00:00,2069,5,20,NA,17.9239804693823,23.4864179146617
2069-05-21 12:00:00,2069,5,21,NA,16.4574805426306,31.1442184638707
2069-05-22 12:00:00,2069,5,22,NA,20.5082612643677,28.3808784261726
2069-05-23 12:00:00,2069,5,23,NA,23.4413491087645,28.7378782410209
2069-05-24 12:00:00,2069,5,24,NA,20.9996042122894,24.6928421711697
2069-05-25 12:00:00,2069,5,25,NA,16.0504992201361,29.5108652829795
2069-05-26 12:00:00,2069,5,26,NA,13.446667632977,25.6092402582995
2069-05-27 12:00:00,2069,5,27,NA,14.9738096455087,28.7056179427278
2069-05-28 12:00:00,2069,5,28,NA,18.564771727952,25.5230014619415
2069-05-29 12:00:00,2069,5,29,NA,18.9882332297312,21.7588108024391
2069-05-30 12:00:00,2069,5,30,NA,18.4378405082507,22.5082710425006
2069-05-31 12:00:00,2069,5,31,NA,17.8655211923788,23.8129548356065
2069-06-01 12:00:00,2069,6,1,NA,13.8180473235323,21.4179952615513
2069-06-02 12:00:00,2069,6,2,NA,12.7766322968651,27.4446777279555
2069-06-03 12:00:00,2069,6,3,NA,18.3860502695271,22.6331989852282
2069-06-04 12:00:00,2069,6,4,NA,16.8045503208015,25.1222630623581
2069-06-05 12:00:00,2069,6,5,NA,17.2261473450979,27.6110760880034
2069-06-06 12:00:00,2069,6,6,NA,17.0526644430604,24.1293117311623
2069-06-07 12:00:00,2069,6,7,NA,16.0159768784242,27.2388345382148
2069-06-08 12:00:00,2069,6,8,NA,17.901580082272,32.038074541979
2069-06-09 12:00:00,2069,6,9,NA,20.3956994817314,30.9334299366286
2069-06-10 12:00:00,2069,6,10,NA,23.0238710296124,30.3584255669882
2069-06-11 12:00:00,2069,6,11,NA,20.6888808215058,32.7955103638801
2069-06-12 12:00:00,2069,6,12,NA,22.5533977292751,25.2388970884713
2069-06-13 12:00:00,2069,6,13,NA,19.4195445478236,28.3162681631175
2069-06-14 12:00:00,2069,6,14,NA,18.6499841521267,28.6398028930019
2069-06-15 12:00:00,2069,6,15,NA,18.1973210856845,32.0969905803073
2069-06-16 12:00:00,2069,6,16,NA,19.7968666718508,31.7401544478307
2069-06-17 12:00:00,2069,6,17,NA,19.328943064869,32.888637964107
2069-06-18 12:00:00,2069,6,18,NA,20.7888190906826,33.1863948014562
2069-06-19 12:00:00,2069,6,19,NA,20.9100863748895,33.3551605007221
2069-06-20 12:00:00,2069,6,20,NA,20.3778652740174,28.6035813994135
2069-06-21 12:00:00,2069,6,21,NA,18.7808540590717,28.2397763506893
2069-06-22 12:00:00,2069,6,22,NA,17.6445139333297,22.3834030112819
2069-06-23 12:00:00,2069,6,23,NA,17.1843404526243,27.2870106596448
2069-06-24 12:00:00,2069,6,24,NA,17.1671601860985,29.1496138463742
2069-06-25 12:00:00,2069,6,25,NA,17.466493581673,32.0813313161049
2069-06-26 12:00:00,2069,6,26,NA,19.890451395348,30.9561134954121
2069-06-27 12:00:00,2069,6,27,NA,21.8036219763116,34.6155405460128
2069-06-28 12:00:00,2069,6,28,NA,20.3164250378493,30.3948197545228
2069-06-29 12:00:00,2069,6,29,NA,18.2401934069884,32.3850298855431
2069-06-30 12:00:00,2069,6,30,NA,18.7813886516219,32.7900867799606
2069-07-01 12:00:00,2069,7,1,NA,22.6511111749112,29.985665712287
2069-07-02 12:00:00,2069,7,2,NA,20.8674211947829,25.1145699104839
2069-07-03 12:00:00,2069,7,3,NA,21.6566485743949,31.274193773101
2069-07-04 12:00:00,2069,7,4,NA,21.2966929416895,32.6337824748535
2069-07-05 12:00:00,2069,7,5,NA,22.58629887314,31.0245206294916
2069-07-06 12:00:00,2069,7,6,NA,22.5781059936147,27.8709401626878
2069-07-07 12:00:00,2069,7,7,NA,22.8854083861459,27.7466756886005
2069-07-08 12:00:00,2069,7,8,NA,23.6428640592025,27.5741167117152
2069-07-09 12:00:00,2069,7,9,NA,23.4537009852478,32.257189504486
2069-07-10 12:00:00,2069,7,10,NA,24.4721784192644,31.2991239625085
2069-07-11 12:00:00,2069,7,11,NA,24.5429436696366,32.5768196697443
2069-07-12 12:00:00,2069,7,12,NA,22.2607465479544,30.9777321929382
2069-07-13 12:00:00,2069,7,13,NA,23.0116358770542,29.6141926347128
2069-07-14 12:00:00,2069,7,14,NA,24.2160450793071,30.7210360349231
2069-07-15 12:00:00,2069,7,15,NA,22.5373856560689,28.5430964506416
2069-07-16 12:00:00,2069,7,16,NA,20.298581456237,30.7039282502113
2069-07-17 12:00:00,2069,7,17,NA,21.8523985881824,28.0524490589355
2069-07-18 12:00:00,2069,7,18,NA,23.8727122992937,31.8246726092302
2069-07-19 12:00:00,2069,7,19,NA,21.5087811728365,30.0703111383021
2069-07-20 12:00:00,2069,7,20,NA,20.470309903404,27.468604540001
2069-07-21 12:00:00,2069,7,21,NA,20.413828799689,27.7735540252798
2069-07-22 12:00:00,2069,7,22,NA,22.9491874087743,29.5517441664328
2069-07-23 12:00:00,2069,7,23,NA,25.0020603758162,34.2063443448428
2069-07-24 12:00:00,2069,7,24,NA,27.9785259642765,33.4219594984476
2069-07-25 12:00:00,2069,7,25,NA,24.2375708035686,30.8709123514048
2069-07-26 12:00:00,2069,7,26,NA,27.041444822821,33.918848748421
2069-07-27 12:00:00,2069,7,27,NA,25.5819113283479,34.299147253957
2069-07-28 12:00:00,2069,7,28,NA,25.2202886387069,33.953725807221
2069-07-29 12:00:00,2069,7,29,NA,27.9591690134992,33.688315952427
2069-07-30 12:00:00,2069,7,30,NA,28.4764552718584,34.0427295520306
2069-07-31 12:00:00,2069,7,31,NA,27.3109029162797,34.4129943388437
2069-08-01 12:00:00,2069,8,1,NA,29.8473558458207,32.2505570084805
2069-08-02 12:00:00,2069,8,2,NA,29.4579720971494,31.4496323284131
2069-08-03 12:00:00,2069,8,3,NA,27.2931865239632,31.7797347596685
2069-08-04 12:00:00,2069,8,4,NA,24.8116472146944,31.444424662413
2069-08-05 12:00:00,2069,8,5,NA,25.0555743480936,34.690037951468
2069-08-06 12:00:00,2069,8,6,NA,25.5256743250538,34.5800724051905
2069-08-07 12:00:00,2069,8,7,NA,25.1612719414861,34.4330846188145
2069-08-08 12:00:00,2069,8,8,NA,27.4226865019796,35.1008110962368
2069-08-09 12:00:00,2069,8,9,NA,25.7881485423761,36.0978019859883
2069-08-10 12:00:00,2069,8,10,NA,25.6022041066431,35.228360341797
2069-08-11 12:00:00,2069,8,11,NA,25.2244347333417,34.8177620290314
2069-08-12 12:00:00,2069,8,12,NA,25.4666009207377,31.2502413924677
2069-08-13 12:00:00,2069,8,13,NA,26.4683723141362,28.3880594152546
2069-08-14 12:00:00,2069,8,14,NA,24.0657227098312,32.6179274644162
2069-08-15 12:00:00,2069,8,15,NA,23.2887483813754,31.0906359200744
2069-08-16 12:00:00,2069,8,16,NA,23.1648799053419,31.1721936021032
2069-08-17 12:00:00,2069,8,17,NA,23.1668228936807,30.4940771504975
2069-08-18 12:00:00,2069,8,18,NA,21.1628443485407,24.0509862880044
2069-08-19 12:00:00,2069,8,19,NA,20.5021515039449,27.4477094923207
2069-08-20 12:00:00,2069,8,20,NA,21.3200116637019,27.0787627925676
2069-08-21 12:00:00,2069,8,21,NA,21.2236646224022,31.1274532342274
2069-08-22 12:00:00,2069,8,22,NA,23.1768389939438,33.5523890074457
2069-08-23 12:00:00,2069,8,23,NA,21.6930641360413,33.3564264646794
2069-08-24 12:00:00,2069,8,24,NA,20.3269376397357,28.8842456220205
2069-08-25 12:00:00,2069,8,25,NA,22.7040948879264,33.5038504103561
2069-08-26 12:00:00,2069,8,26,NA,24.1591515926938,32.8023808683382
2069-08-27 12:00:00,2069,8,27,NA,23.1872385787673,32.2281796686904
2069-08-28 12:00:00,2069,8,28,NA,22.5263554569167,34.971383217622
2069-08-29 12:00:00,2069,8,29,NA,22.4679046985337,29.8507883061213
2069-08-30 12:00:00,2069,8,30,NA,22.5871151933565,27.2897819270014
2069-08-31 12:00:00,2069,8,31,NA,21.7053573033135,28.755983690118
2069-09-01 12:00:00,2069,9,1,NA,21.225149805728,30.7892710589115
2069-09-02 12:00:00,2069,9,2,NA,22.9331365129338,30.7350240516329
2069-09-03 12:00:00,2069,9,3,NA,21.1488672794694,33.38800426123
2069-09-04 12:00:00,2069,9,4,NA,22.8650999068961,35.3158423487056
2069-09-05 12:00:00,2069,9,5,NA,23.0055438350123,34.8188679233876
2069-09-06 12:00:00,2069,9,6,NA,21.5152653743581,31.610618574596
2069-09-07 12:00:00,2069,9,7,NA,20.2626661764255,30.2348075849674
2069-09-08 12:00:00,2069,9,8,NA,20.0563325423823,27.1468164985901
2069-09-09 12:00:00,2069,9,9,NA,17.3945117492222,23.9550111090749
2069-09-10 12:00:00,2069,9,10,NA,18.1792239451215,21.547172485468
2069-09-11 12:00:00,2069,9,11,NA,16.5858172978561,23.0499043770608
2069-09-12 12:00:00,2069,9,12,NA,13.7779581968927,28.7734823296682
2069-09-13 12:00:00,2069,9,13,NA,17.2594059581212,28.7982537571595
2069-09-14 12:00:00,2069,9,14,NA,17.4390575836659,27.8976766532426
2069-09-15 12:00:00,2069,9,15,NA,17.3954385948787,26.8006904459653
2069-09-16 12:00:00,2069,9,16,NA,18.7107851458285,31.1810475735041
2069-09-17 12:00:00,2069,9,17,NA,19.1509697701282,31.7633200822942
2069-09-18 12:00:00,2069,9,18,NA,20.6430674481784,32.204298300734
2069-09-19 12:00:00,2069,9,19,NA,23.0090101895592,33.0514659556866
2069-09-20 12:00:00,2069,9,20,NA,20.3902463871456,27.9770000959921
2069-09-21 12:00:00,2069,9,21,NA,19.5665044133254,23.0414370036238
2069-09-22 12:00:00,2069,9,22,NA,16.8223576528015,31.1949806204865
2069-09-23 12:00:00,2069,9,23,NA,19.0047090896442,30.7039796284803
2069-09-24 12:00:00,2069,9,24,NA,18.6515055541003,30.7569125651562
2069-09-25 12:00:00,2069,9,25,NA,19.3610840723528,25.7077920431378
2069-09-26 12:00:00,2069,9,26,NA,16.6907730474342,23.0374810182193
2069-09-27 12:00:00,2069,9,27,NA,15.3393870035649,18.7007312358295
2069-09-28 12:00:00,2069,9,28,NA,14.3808854607586,21.90235583117
2069-09-29 12:00:00,2069,9,29,NA,13.7521940680779,25.5313935862478
2069-09-30 12:00:00,2069,9,30,NA,15.3389676437286,27.7950176282144
2069-10-01 12:00:00,2069,10,1,NA,15.1290563845848,27.5800339864106
2069-10-02 12:00:00,2069,10,2,NA,15.7525505275957,26.8994723798025
2069-10-03 12:00:00,2069,10,3,NA,17.1107323319538,25.9012225360735
2069-10-04 12:00:00,2069,10,4,NA,16.0924402652633,26.342703529137
2069-10-05 12:00:00,2069,10,5,NA,17.3730969190484,28.5514098911467
2069-10-06 12:00:00,2069,10,6,NA,16.4599379413474,26.0296754133871
2069-10-07 12:00:00,2069,10,7,NA,16.7876767984017,25.4027442192106
2069-10-08 12:00:00,2069,10,8,NA,16.6467292218537,20.4644458143561
2069-10-09 12:00:00,2069,10,9,NA,13.2657032069299,23.2854343970296
2069-10-10 12:00:00,2069,10,10,NA,10.9512566532066,18.0054094182946
2069-10-11 12:00:00,2069,10,11,NA,8.74883274008751,20.5532031876057
2069-10-12 12:00:00,2069,10,12,NA,8.90672985471529,23.2618623001093
2069-10-13 12:00:00,2069,10,13,NA,7.39261202749448,20.8300579170275
2069-10-14 12:00:00,2069,10,14,NA,10.764070892659,24.7304858916003
2069-10-15 12:00:00,2069,10,15,NA,11.9775876896253,24.8515409570328
2069-10-16 12:00:00,2069,10,16,NA,12.7387807640682,19.0447997524457
2069-10-17 12:00:00,2069,10,17,NA,10.8476824666658,18.1515492735075
2069-10-18 12:00:00,2069,10,18,NA,9.98199502447381,23.5064305341476
2069-10-19 12:00:00,2069,10,19,NA,12.6948262746796,24.8037912204058
2069-10-20 12:00:00,2069,10,20,NA,10.4324498290878,21.5982950608519
2069-10-21 12:00:00,2069,10,21,NA,7.91560352255522,18.2105167542073
2069-10-22 12:00:00,2069,10,22,NA,10.9516951997736,23.5036070911307
2069-10-23 12:00:00,2069,10,23,NA,13.2797635496788,22.9281742799032
2069-10-24 12:00:00,2069,10,24,NA,11.0727476631436,23.8052549999525
2069-10-25 12:00:00,2069,10,25,NA,12.032533003793,20.9208959326189
2069-10-26 12:00:00,2069,10,26,NA,10.1391284709176,16.8229947605673
2069-10-27 12:00:00,2069,10,27,NA,10.2641515490972,23.9805443748087
2069-10-28 12:00:00,2069,10,28,NA,10.7620434317931,23.4945507686021
2069-10-29 12:00:00,2069,10,29,NA,8.31908251053737,21.6861120943876
2069-10-30 12:00:00,2069,10,30,NA,8.13279545741363,22.4141219925831
2069-10-31 12:00:00,2069,10,31,NA,7.45120554390917,16.7340640486647
2069-11-01 12:00:00,2069,11,1,NA,5.52478878234782,13.5727571740969
2069-11-02 12:00:00,2069,11,2,NA,3.76079459374601,17.7272095926873
2069-11-03 12:00:00,2069,11,3,NA,3.14264953360898,14.767145991628
2069-11-04 12:00:00,2069,11,4,NA,8.57321891379045,19.0237970574376
2069-11-05 12:00:00,2069,11,5,NA,9.81083667563632,12.9161377041388
2069-11-06 12:00:00,2069,11,6,NA,6.92140889478108,12.5036280993346
2069-11-07 12:00:00,2069,11,7,NA,3.22279604316739,11.6105297376062
2069-11-08 12:00:00,2069,11,8,NA,3.04361338624838,15.8168524689003
2069-11-09 12:00:00,2069,11,9,NA,1.82742284667023,17.5213510348404
2069-11-10 12:00:00,2069,11,10,NA,3.98375798829028,18.4114148402892
2069-11-11 12:00:00,2069,11,11,NA,10.1399278798944,16.3221171373099
2069-11-12 12:00:00,2069,11,12,NA,5.627965438484,14.5110438602172
2069-11-13 12:00:00,2069,11,13,NA,5.01639729500023,16.1017813947319
2069-11-14 12:00:00,2069,11,14,NA,2.9636627758515,17.5533963024429
2069-11-15 12:00:00,2069,11,15,NA,4.69061521425726,17.6941941333389
2069-11-16 12:00:00,2069,11,16,NA,3.8115273585341,19.1567016249332
2069-11-17 12:00:00,2069,11,17,NA,2.96987864694902,14.146232543046
2069-11-18 12:00:00,2069,11,18,NA,2.98472828810684,15.9851450010671
2069-11-19 12:00:00,2069,11,19,NA,4.5507339527347,19.9805260691436
2069-11-20 12:00:00,2069,11,20,NA,5.45852885252091,15.1224273479088
2069-11-21 12:00:00,2069,11,21,NA,7.23622694928944,18.5164539624786
2069-11-22 12:00:00,2069,11,22,NA,5.70009961678426,10.6153531335433
2069-11-23 12:00:00,2069,11,23,NA,3.68298141762133,8.59823493438036
2069-11-24 12:00:00,2069,11,24,NA,0.419658788282507,8.10738636904434
2069-11-25 12:00:00,2069,11,25,NA,0.653280831869831,9.21721579889824
2069-11-26 12:00:00,2069,11,26,NA,-3.53998235082142,5.12295665656022
2069-11-27 12:00:00,2069,11,27,NA,-4.10665015565957,11.4251118115563
2069-11-28 12:00:00,2069,11,28,NA,-1.82951044752105,15.0663010837864
2069-11-29 12:00:00,2069,11,29,NA,-2.88236867653668,6.7288246301838
2069-11-30 12:00:00,2069,11,30,NA,-13.6443981788891,7.40699009467542
2069-12-01 12:00:00,2069,12,1,NA,-7.61537062207459,11.0467938492853
2069-12-02 12:00:00,2069,12,2,NA,-3.61492031293639,13.6982576340917
2069-12-03 12:00:00,2069,12,3,NA,-4.43188566526332,6.45402718370644
2069-12-04 12:00:00,2069,12,4,NA,-4.2283508681674,10.2955667416329
2069-12-05 12:00:00,2069,12,5,NA,-2.17893855778082,9.18169439983582
2069-12-06 12:00:00,2069,12,6,NA,-1.60917684186169,12.308610175776
2069-12-07 12:00:00,2069,12,7,NA,-0.570016620623931,11.5609270357059
2069-12-08 12:00:00,2069,12,8,NA,1.96763443122351,8.19503688313294
2069-12-09 12:00:00,2069,12,9,NA,-0.274666622120706,9.49768763993224
2069-12-10 12:00:00,2069,12,10,NA,1.63858635964836,4.72161009385623
2069-12-11 12:00:00,2069,12,11,NA,-1.98697425918899,1.43562721665523
2069-12-12 12:00:00,2069,12,12,NA,0.40692814613437,10.6404143637151
2069-12-13 12:00:00,2069,12,13,NA,1.28507551298341,11.0167063894984
2069-12-14 12:00:00,2069,12,14,NA,1.78279482125724,9.11001165057159
2069-12-15 12:00:00,2069,12,15,NA,3.77448764166409,11.9224610433459
2069-12-16 12:00:00,2069,12,16,NA,3.03229043350393,13.1355471948634
2069-12-17 12:00:00,2069,12,17,NA,0.827280547200532,10.97134009786
2069-12-18 12:00:00,2069,12,18,NA,-3.17274320417032,4.58638576654332
2069-12-19 12:00:00,2069,12,19,NA,-2.35267892598249,4.82810477440439
2069-12-20 12:00:00,2069,12,20,NA,-3.0402802421044,11.1060233129424
2069-12-21 12:00:00,2069,12,21,NA,-2.02393612692812,11.3432770701781
2069-12-22 12:00:00,2069,12,22,NA,-0.898829308848805,5.34837254059571
2069-12-23 12:00:00,2069,12,23,NA,-3.64422762769165,4.46883186119922
2069-12-24 12:00:00,2069,12,24,NA,-1.46042424995124,6.22532327900216
2069-12-25 12:00:00,2069,12,25,NA,-6.33879165495887,0.230362584855039
2069-12-26 12:00:00,2069,12,26,NA,-7.73079463361057,-0.654138820022322
2069-12-27 12:00:00,2069,12,27,NA,-4.16827932749786,3.24191385936975
2069-12-28 12:00:00,2069,12,28,NA,-5.95134872623605,3.50838501198184
2069-12-29 12:00:00,2069,12,29,NA,-11.8640679574633,-1.40177410351337
2069-12-30 12:00:00,2069,12,30,NA,-12.3642893717587,2.49093621305523
2069-12-31 12:00:00,2069,12,31,NA,-9.49281930510467,-4.99324669262431
2070-01-01 12:00:00,2070,1,1,NA,-9.62051068572822,-3.51103207814032
2070-01-02 12:00:00,2070,1,2,NA,-7.84466765326371,5.31168294963906
2070-01-03 12:00:00,2070,1,3,NA,-7.73539171593684,3.56970568124629
2070-01-04 12:00:00,2070,1,4,NA,-6.64363463985522,5.63983154066999
2070-01-05 12:00:00,2070,1,5,NA,-4.22718621546627,7.66150040784445
2070-01-06 12:00:00,2070,1,6,NA,-5.38308221736751,7.23068125211049
2070-01-07 12:00:00,2070,1,7,NA,-5.4679183153469,1.08063822846789
2070-01-08 12:00:00,2070,1,8,NA,-4.37255764103812,7.96576380838563
2070-01-09 12:00:00,2070,1,9,NA,-1.34551705766741,9.43636967328166
2070-01-10 12:00:00,2070,1,10,NA,1.26140747083142,11.2711364700311
2070-01-11 12:00:00,2070,1,11,NA,-0.392427555232574,10.9438884249554
2070-01-12 12:00:00,2070,1,12,NA,-0.135667160752964,11.537142488843
2070-01-13 12:00:00,2070,1,13,NA,1.33730403181209,10.2671311353062
2070-01-14 12:00:00,2070,1,14,NA,-5.27198988254233,-1.11896930401094
2070-01-15 12:00:00,2070,1,15,NA,-7.52179544129443,-0.0647049284617207
2070-01-16 12:00:00,2070,1,16,NA,-6.38829925435295,1.72316972001847
2070-01-17 12:00:00,2070,1,17,NA,-5.26548174299451,-0.595568788051581
2070-01-18 12:00:00,2070,1,18,NA,-6.32252972294659,-1.76496383796485
2070-01-19 12:00:00,2070,1,19,NA,-2.36914590550839,6.90766190280531
2070-01-20 12:00:00,2070,1,20,NA,-2.59623239309077,9.77876990978168
2070-01-21 12:00:00,2070,1,21,NA,1.17926217553425,10.4806628580827
2070-01-22 12:00:00,2070,1,22,NA,0.0895039204256749,11.919293756176
2070-01-23 12:00:00,2070,1,23,NA,1.41777488985462,13.3064615131653
2070-01-24 12:00:00,2070,1,24,NA,0.797790996758899,15.3554638449494
2070-01-25 12:00:00,2070,1,25,NA,2.41055134257068,13.4640176931241
2070-01-26 12:00:00,2070,1,26,NA,3.06981401912762,10.9180166217122
2070-01-27 12:00:00,2070,1,27,NA,1.05153570954394,6.66906417360119
2070-01-28 12:00:00,2070,1,28,NA,2.47463263605742,5.02604545796381
2070-01-29 12:00:00,2070,1,29,NA,-0.748525553745712,6.14259695643252
2070-01-30 12:00:00,2070,1,30,NA,-3.67201823147103,6.63077058196802
2070-01-31 12:00:00,2070,1,31,NA,-4.89320038721481,5.15808525564645
2070-02-01 12:00:00,2070,2,1,NA,-4.41903207893281,7.5712677118653
2070-02-02 12:00:00,2070,2,2,NA,-2.84762985013961,11.0823994738775
2070-02-03 12:00:00,2070,2,3,NA,-1.660847540442,13.9948971464605
2070-02-04 12:00:00,2070,2,4,NA,0.26115947331344,13.9540529767978
2070-02-05 12:00:00,2070,2,5,NA,8.78837590778265,17.2429986484537
2070-02-06 12:00:00,2070,2,6,NA,5.00696989242486,9.18019549246522
2070-02-07 12:00:00,2070,2,7,NA,3.28339736818443,12.3129655852999
2070-02-08 12:00:00,2070,2,8,NA,3.74444380419325,11.1723434288688
2070-02-09 12:00:00,2070,2,9,NA,3.09386639001592,9.26974515664683
2070-02-10 12:00:00,2070,2,10,NA,1.12741731339682,14.2900010468052
2070-02-11 12:00:00,2070,2,11,NA,6.57026163955335,12.4492213264524
2070-02-12 12:00:00,2070,2,12,NA,7.15362594459629,10.6779482899629
2070-02-13 12:00:00,2070,2,13,NA,7.92200709693296,10.8814320981361
2070-02-14 12:00:00,2070,2,14,NA,2.44192174163439,6.62430010550779
2070-02-15 12:00:00,2070,2,15,NA,-1.56573159981048,9.67692261407928
2070-02-16 12:00:00,2070,2,16,NA,-0.993256995277103,4.63924181758217
2070-02-17 12:00:00,2070,2,17,NA,-0.155627914227499,7.12677740347924
2070-02-18 12:00:00,2070,2,18,NA,-0.240814984231688,11.036937361609
2070-02-19 12:00:00,2070,2,19,NA,-1.00966745304513,12.6636301854731
2070-02-20 12:00:00,2070,2,20,NA,-3.2197745176036,3.38472872545933
2070-02-21 12:00:00,2070,2,21,NA,-6.95465747847514,1.08990970188461
2070-02-22 12:00:00,2070,2,22,NA,-6.60269452504029,5.37243383482672
2070-02-23 12:00:00,2070,2,23,NA,-4.65293336723745,6.85262811732873
2070-02-24 12:00:00,2070,2,24,NA,-5.86661133425428,8.69011433275279
2070-02-25 12:00:00,2070,2,25,NA,-3.02032931840408,6.33302558599353
2070-02-26 12:00:00,2070,2,26,NA,-0.966241816480266,10.2822486340367
2070-02-27 12:00:00,2070,2,27,NA,0.905095521609992,11.3403947965989
2070-02-28 12:00:00,2070,2,28,NA,-2.46703828530006,2.6112148166886
2070-03-01 12:00:00,2070,3,1,NA,1.87658320993188,7.06291896801578
2070-03-02 12:00:00,2070,3,2,NA,-0.255642562632108,11.2499189219341
2070-03-03 12:00:00,2070,3,3,NA,-0.408618755646255,12.4724667682218
2070-03-04 12:00:00,2070,3,4,NA,-2.14921926579124,13.2696071916112
2070-03-05 12:00:00,2070,3,5,NA,-0.88737065981547,17.1138126608618
2070-03-06 12:00:00,2070,3,6,NA,-1.89731992024059,17.8850044925563
2070-03-07 12:00:00,2070,3,7,NA,-2.64940377305325,9.45034272822441
2070-03-08 12:00:00,2070,3,8,NA,-2.38858899789476,1.71916445250346
2070-03-09 12:00:00,2070,3,9,NA,-3.71676379177023,6.31288673031307
2070-03-10 12:00:00,2070,3,10,NA,-2.77704357403926,10.5228778614153
2070-03-11 12:00:00,2070,3,11,NA,-2.56184142853365,4.23844554486656
2070-03-12 12:00:00,2070,3,12,NA,-7.08681117182918,9.4535112340771
2070-03-13 12:00:00,2070,3,13,NA,-4.56594003995967,14.073024034723
2070-03-14 12:00:00,2070,3,14,NA,-5.78705168083986,7.60221803887352
2070-03-15 12:00:00,2070,3,15,NA,-2.16613708743271,11.00583485604
2070-03-16 12:00:00,2070,3,16,NA,0.326050431034264,14.015934205313
2070-03-17 12:00:00,2070,3,17,NA,-0.150047904636812,16.2316233735496
2070-03-18 12:00:00,2070,3,18,NA,0.738927828170977,18.8904371804191
2070-03-19 12:00:00,2070,3,19,NA,2.66045849407432,19.752637923263
2070-03-20 12:00:00,2070,3,20,NA,4.98614574387831,20.3363729361586
2070-03-21 12:00:00,2070,3,21,NA,3.30580014406694,16.9494549619228
2070-03-22 12:00:00,2070,3,22,NA,5.2593515937195,22.15844896577
2070-03-23 12:00:00,2070,3,23,NA,4.38629132577583,20.1326994604661
2070-03-24 12:00:00,2070,3,24,NA,2.51808012714337,9.66347548962076
2070-03-25 12:00:00,2070,3,25,NA,3.00171283711935,9.90504876450336
2070-03-26 12:00:00,2070,3,26,NA,6.53619398229738,17.8258457678319
2070-03-27 12:00:00,2070,3,27,NA,5.61140696469534,18.783378908168
2070-03-28 12:00:00,2070,3,28,NA,6.63551439995315,14.5836173725067
2070-03-29 12:00:00,2070,3,29,NA,3.45463405170179,18.4143012413491
2070-03-30 12:00:00,2070,3,30,NA,5.37817053033019,17.8655016005272
2070-03-31 12:00:00,2070,3,31,NA,2.52870360588457,15.4762067270472
2070-04-01 12:00:00,2070,4,1,NA,0.784139968919055,16.2270708094229
2070-04-02 12:00:00,2070,4,2,NA,6.97866576873924,14.0740331735534
2070-04-03 12:00:00,2070,4,3,NA,5.54023210865482,9.01367697441579
2070-04-04 12:00:00,2070,4,4,NA,6.34840929532787,9.68499777813032
2070-04-05 12:00:00,2070,4,5,NA,3.89888283941262,12.0285941253473
2070-04-06 12:00:00,2070,4,6,NA,7.93194729760559,11.268535780408
2070-04-07 12:00:00,2070,4,7,NA,7.17627738269777,14.0663468547131
2070-04-08 12:00:00,2070,4,8,NA,5.3485970309278,21.1062946487363
2070-04-09 12:00:00,2070,4,9,NA,7.76591031414477,21.5194676830509
2070-04-10 12:00:00,2070,4,10,NA,9.56174490202714,22.5655240905381
2070-04-11 12:00:00,2070,4,11,NA,9.14457354152643,23.0659956547109
2070-04-12 12:00:00,2070,4,12,NA,16.2461083717692,24.5764443198841
2070-04-13 12:00:00,2070,4,13,NA,13.4118463517651,18.0184993419986
2070-04-14 12:00:00,2070,4,14,NA,14.58778280355,22.7293858461456
2070-04-15 12:00:00,2070,4,15,NA,9.69434605254354,17.3263007206354
2070-04-16 12:00:00,2070,4,16,NA,7.22628609710846,22.3567346251371
2070-04-17 12:00:00,2070,4,17,NA,9.27203790506344,19.748152098335
2070-04-18 12:00:00,2070,4,18,NA,8.14086408846632,21.3509983559899
2070-04-19 12:00:00,2070,4,19,NA,9.12207034060066,22.9438031070583
2070-04-20 12:00:00,2070,4,20,NA,12.3387835883793,24.2620865551355
2070-04-21 12:00:00,2070,4,21,NA,8.61759472787465,21.8495294897059
2070-04-22 12:00:00,2070,4,22,NA,5.80083218620652,15.4166908205472
2070-04-23 12:00:00,2070,4,23,NA,4.53749213890314,18.7483174233072
2070-04-24 12:00:00,2070,4,24,NA,5.58062667779934,24.0140875609017
2070-04-25 12:00:00,2070,4,25,NA,4.761440512427,22.3583691679094
2070-04-26 12:00:00,2070,4,26,NA,4.62871789757827,23.076316660967
2070-04-27 12:00:00,2070,4,27,NA,7.49931331979665,18.077483537105
2070-04-28 12:00:00,2070,4,28,NA,7.14830318648662,19.4568321358827
2070-04-29 12:00:00,2070,4,29,NA,7.33890236746165,22.3383533995076
2070-04-30 12:00:00,2070,4,30,NA,8.18788495091168,21.4837167226918
2070-05-01 12:00:00,2070,5,1,NA,9.08165125195404,23.1572774073967
2070-05-02 12:00:00,2070,5,2,NA,15.3972417914,26.5047726472864
2070-05-03 12:00:00,2070,5,3,NA,11.0139667838683,23.8592044088053
2070-05-04 12:00:00,2070,5,4,NA,11.0339723173422,21.9296734102468
2070-05-05 12:00:00,2070,5,5,NA,10.2157942536804,25.4096774197011
2070-05-06 12:00:00,2070,5,6,NA,11.0363192751012,26.7941088027212
2070-05-07 12:00:00,2070,5,7,NA,16.3617882830981,30.7627154930776
2070-05-08 12:00:00,2070,5,8,NA,17.147297833608,30.3314706147034
2070-05-09 12:00:00,2070,5,9,NA,15.4566260957219,31.1825319565899
2070-05-10 12:00:00,2070,5,10,NA,14.5957629362477,28.3530224674255
2070-05-11 12:00:00,2070,5,11,NA,15.9075182867001,30.0393181039637
2070-05-12 12:00:00,2070,5,12,NA,14.284866079813,28.9647634345195
2070-05-13 12:00:00,2070,5,13,NA,14.5281752655495,29.5406784395254
2070-05-14 12:00:00,2070,5,14,NA,14.809810594051,27.4541774964058
2070-05-15 12:00:00,2070,5,15,NA,12.8505221293116,27.8842571116741
2070-05-16 12:00:00,2070,5,16,NA,12.7006142724502,28.0780626200373
2070-05-17 12:00:00,2070,5,17,NA,13.1181244618419,29.369092362298
2070-05-18 12:00:00,2070,5,18,NA,10.2554046616441,20.7980843856069
2070-05-19 12:00:00,2070,5,19,NA,9.44509572546444,26.0829856226379
2070-05-20 12:00:00,2070,5,20,NA,11.5967820226062,21.2697418016996
2070-05-21 12:00:00,2070,5,21,NA,12.2859932817803,22.0831357585467
2070-05-22 12:00:00,2070,5,22,NA,14.1147091852224,28.4082548468476
2070-05-23 12:00:00,2070,5,23,NA,15.5254050605897,26.5414480471685
2070-05-24 12:00:00,2070,5,24,NA,14.8332545218393,26.5188700552192
2070-05-25 12:00:00,2070,5,25,NA,14.3922583124672,29.0603037435577
2070-05-26 12:00:00,2070,5,26,NA,15.3075189916282,29.006447651521
2070-05-27 12:00:00,2070,5,27,NA,16.7350817958192,22.6176825420661
2070-05-28 12:00:00,2070,5,28,NA,15.0599357802408,21.9062028012267
2070-05-29 12:00:00,2070,5,29,NA,15.0673917983695,22.9098217845442
2070-05-30 12:00:00,2070,5,30,NA,14.9816936837629,22.8228388599322
2070-05-31 12:00:00,2070,5,31,NA,14.064812131425,27.4305566509969
2070-06-01 12:00:00,2070,6,1,NA,15.559169128918,22.4124106194671
2070-06-02 12:00:00,2070,6,2,NA,17.7746529883779,21.2399009268435
2070-06-03 12:00:00,2070,6,3,NA,17.7336538443776,28.5253029670838
2070-06-04 12:00:00,2070,6,4,NA,19.3058389346676,26.3836104506535
2070-06-05 12:00:00,2070,6,5,NA,15.591795369024,26.1685212408514
2070-06-06 12:00:00,2070,6,6,NA,15.6085871865318,24.6593189191372
2070-06-07 12:00:00,2070,6,7,NA,16.4537853605157,25.3022217164378
2070-06-08 12:00:00,2070,6,8,NA,15.8639389967953,24.881715881346
2070-06-09 12:00:00,2070,6,9,NA,17.0068722323812,21.8730163574463
2070-06-10 12:00:00,2070,6,10,NA,19.4303062850421,23.9327322574582
2070-06-11 12:00:00,2070,6,11,NA,15.7858263610763,25.7642218389143
2070-06-12 12:00:00,2070,6,12,NA,16.3180771919352,26.0627548700461
2070-06-13 12:00:00,2070,6,13,NA,17.2642849607233,29.6835215184603
2070-06-14 12:00:00,2070,6,14,NA,17.4067308064973,24.4226850706242
2070-06-15 12:00:00,2070,6,15,NA,15.452402988341,27.2053134052703
2070-06-16 12:00:00,2070,6,16,NA,19.8025074591298,28.4381360975531
2070-06-17 12:00:00,2070,6,17,NA,20.1177659472309,29.804737091761
2070-06-18 12:00:00,2070,6,18,NA,19.9171148232737,28.0026809196569
2070-06-19 12:00:00,2070,6,19,NA,20.1377130600393,27.7698596676407
2070-06-20 12:00:00,2070,6,20,NA,19.9378257156102,31.2699769134598
2070-06-21 12:00:00,2070,6,21,NA,19.1804068310603,29.7309102919339
2070-06-22 12:00:00,2070,6,22,NA,20.7354485738825,29.6003599006131
2070-06-23 12:00:00,2070,6,23,NA,21.625597656711,30.2454481408608
2070-06-24 12:00:00,2070,6,24,NA,20.7529698684124,31.8186319684765
2070-06-25 12:00:00,2070,6,25,NA,20.7310164951115,29.7689192826801
2070-06-26 12:00:00,2070,6,26,NA,17.0273055908671,30.4077205751916
2070-06-27 12:00:00,2070,6,27,NA,17.0470691813575,31.606316396372
2070-06-28 12:00:00,2070,6,28,NA,18.7302370026485,29.8291307818356
2070-06-29 12:00:00,2070,6,29,NA,17.5312630794463,31.6718273338207
2070-06-30 12:00:00,2070,6,30,NA,18.8105265207739,32.0727706223183
2070-07-01 12:00:00,2070,7,1,NA,18.8794429132467,34.9130104602851
2070-07-02 12:00:00,2070,7,2,NA,20.2952603378041,29.6845323956936
2070-07-03 12:00:00,2070,7,3,NA,23.3788059672802,30.818432111559
2070-07-04 12:00:00,2070,7,4,NA,22.7240999482819,30.4136634993971
2070-07-05 12:00:00,2070,7,5,NA,21.9406685144547,28.0302996043418
2070-07-06 12:00:00,2070,7,6,NA,21.5343923067341,29.3139325288237
2070-07-07 12:00:00,2070,7,7,NA,23.3433457635938,30.610636000688
2070-07-08 12:00:00,2070,7,8,NA,20.2697948898812,27.1753725818624
2070-07-09 12:00:00,2070,7,9,NA,23.8602619527166,31.9891485969682
2070-07-10 12:00:00,2070,7,10,NA,23.1279421437105,32.7592831935873
2070-07-11 12:00:00,2070,7,11,NA,20.2132466954714,32.4017955160635
2070-07-12 12:00:00,2070,7,12,NA,19.882253038034,31.8210203271821
2070-07-13 12:00:00,2070,7,13,NA,21.4763164847538,32.1729094638495
2070-07-14 12:00:00,2070,7,14,NA,22.5008232745785,33.1451968290522
2070-07-15 12:00:00,2070,7,15,NA,23.9245522286542,33.3903025145317
2070-07-16 12:00:00,2070,7,16,NA,21.55695960753,29.3387660181215
2070-07-17 12:00:00,2070,7,17,NA,25.0416987562244,32.6985364606697
2070-07-18 12:00:00,2070,7,18,NA,25.6753860454054,30.5407816490861
2070-07-19 12:00:00,2070,7,19,NA,23.3647435428114,29.8565557421414
2070-07-20 12:00:00,2070,7,20,NA,24.0282900953209,33.2246830470992
2070-07-21 12:00:00,2070,7,21,NA,23.9260113125899,34.5020936519162
2070-07-22 12:00:00,2070,7,22,NA,24.0168398136085,30.9224175055897
2070-07-23 12:00:00,2070,7,23,NA,23.3216825622336,33.0016871839483
2070-07-24 12:00:00,2070,7,24,NA,25.2952547607812,32.9215984896113
2070-07-25 12:00:00,2070,7,25,NA,26.049015326163,31.8559441054077
2070-07-26 12:00:00,2070,7,26,NA,27.2367185233856,29.189558285319
2070-07-27 12:00:00,2070,7,27,NA,22.4515008550564,24.4567162075021
2070-07-28 12:00:00,2070,7,28,NA,19.4684808933445,30.2604929458811
2070-07-29 12:00:00,2070,7,29,NA,21.3253620192515,31.9857145732215
2070-07-30 12:00:00,2070,7,30,NA,21.8522968884318,30.5585157296892
2070-07-31 12:00:00,2070,7,31,NA,22.0056178081302,30.5166648937687
2070-08-01 12:00:00,2070,8,1,NA,22.9466376200997,30.6956093174119
2070-08-02 12:00:00,2070,8,2,NA,22.0896354862804,26.0208881387931
2070-08-03 12:00:00,2070,8,3,NA,22.9594417920036,26.8089648011694
2070-08-04 12:00:00,2070,8,4,NA,22.1378871828776,27.8973982813404
2070-08-05 12:00:00,2070,8,5,NA,21.0472075846165,32.2203328728406
2070-08-06 12:00:00,2070,8,6,NA,21.9600763911336,32.7715604453629
2070-08-07 12:00:00,2070,8,7,NA,22.9889724206356,34.5584349822527
2070-08-08 12:00:00,2070,8,8,NA,24.7934270366327,36.3333714540375
2070-08-09 12:00:00,2070,8,9,NA,24.6025222917219,34.6110412952037
2070-08-10 12:00:00,2070,8,10,NA,21.4869013429953,30.3471658645718
2070-08-11 12:00:00,2070,8,11,NA,22.172439185865,27.0903114371301
2070-08-12 12:00:00,2070,8,12,NA,21.2771873737792,25.1832945075007
2070-08-13 12:00:00,2070,8,13,NA,21.7916800242942,29.5930567323213
2070-08-14 12:00:00,2070,8,14,NA,22.2413177312157,33.0719958714717
2070-08-15 12:00:00,2070,8,15,NA,23.4647787009108,34.0461781808854
2070-08-16 12:00:00,2070,8,16,NA,23.6000207457323,34.158758955732
2070-08-17 12:00:00,2070,8,17,NA,24.7226224039458,31.5766284937751
2070-08-18 12:00:00,2070,8,18,NA,26.6824239114571,30.7368206021272
2070-08-19 12:00:00,2070,8,19,NA,24.71054681865,32.3875461433512
2070-08-20 12:00:00,2070,8,20,NA,25.0073222709698,32.6887388526515
2070-08-21 12:00:00,2070,8,21,NA,23.7032928470837,33.3294490822376
2070-08-22 12:00:00,2070,8,22,NA,23.4756255530602,33.6701039869341
2070-08-23 12:00:00,2070,8,23,NA,24.7721027346378,33.4153320102821
2070-08-24 12:00:00,2070,8,24,NA,24.2854542391419,34.8403252208897
2070-08-25 12:00:00,2070,8,25,NA,23.8411790550183,31.3243901540558
2070-08-26 12:00:00,2070,8,26,NA,24.0978760528274,30.8361716216743
2070-08-27 12:00:00,2070,8,27,NA,23.2792788647517,32.1519626751294
2070-08-28 12:00:00,2070,8,28,NA,24.135352731062,28.4647670487478
2070-08-29 12:00:00,2070,8,29,NA,22.6529827332202,33.3321792166481
2070-08-30 12:00:00,2070,8,30,NA,22.4495087853378,32.0756650204917
2070-08-31 12:00:00,2070,8,31,NA,20.7184705605482,26.7608346865446
2070-09-01 12:00:00,2070,9,1,NA,19.3593346736,27.9952746979315
2070-09-02 12:00:00,2070,9,2,NA,20.6214629439539,30.8815851516231
2070-09-03 12:00:00,2070,9,3,NA,20.823636978829,30.4083796143963
2070-09-04 12:00:00,2070,9,4,NA,18.6571462130814,31.7743115929253
2070-09-05 12:00:00,2070,9,5,NA,20.6342922012194,31.4813278696172
2070-09-06 12:00:00,2070,9,6,NA,22.2870521607745,33.8122336932202
2070-09-07 12:00:00,2070,9,7,NA,22.603457281452,31.1485552786861
2070-09-08 12:00:00,2070,9,8,NA,21.0310001929043,32.3335801596046
2070-09-09 12:00:00,2070,9,9,NA,21.936945172343,31.7545741629672
2070-09-10 12:00:00,2070,9,10,NA,18.0283621936133,26.9993924105655
2070-09-11 12:00:00,2070,9,11,NA,16.2855572799686,24.993190929943
2070-09-12 12:00:00,2070,9,12,NA,15.2712772183705,24.5123326257316
2070-09-13 12:00:00,2070,9,13,NA,15.3085866797482,26.8204696348305
2070-09-14 12:00:00,2070,9,14,NA,16.2966746048491,26.3998510544152
2070-09-15 12:00:00,2070,9,15,NA,14.0674830826295,22.7138520230103
2070-09-16 12:00:00,2070,9,16,NA,15.0402311954745,24.3955580078104
2070-09-17 12:00:00,2070,9,17,NA,15.4946876208883,27.0102165410172
2070-09-18 12:00:00,2070,9,18,NA,15.5054586548779,26.8698362991134
2070-09-19 12:00:00,2070,9,19,NA,16.7354915537436,26.3480573938276
2070-09-20 12:00:00,2070,9,20,NA,16.4596753770462,28.7170458631958
2070-09-21 12:00:00,2070,9,21,NA,17.3470368592125,28.2374048231579
2070-09-22 12:00:00,2070,9,22,NA,16.9841839586292,22.5307476510151
2070-09-23 12:00:00,2070,9,23,NA,15.4150015890269,21.7684467257061
2070-09-24 12:00:00,2070,9,24,NA,12.8507402524466,24.2661614034444
2070-09-25 12:00:00,2070,9,25,NA,13.3607739397926,28.2307602980221
2070-09-26 12:00:00,2070,9,26,NA,13.2291843712278,27.821966513682
2070-09-27 12:00:00,2070,9,27,NA,14.7090984911828,27.1830480062328
2070-09-28 12:00:00,2070,9,28,NA,15.0782224433553,27.5417553981605
2070-09-29 12:00:00,2070,9,29,NA,16.7038010533641,22.6334224533228
2070-09-30 12:00:00,2070,9,30,NA,14.1728936700912,24.7226820308942
2070-10-01 12:00:00,2070,10,1,NA,13.9921807624084,24.9852676341232
2070-10-02 12:00:00,2070,10,2,NA,14.2729602550992,22.4278985180374
2070-10-03 12:00:00,2070,10,3,NA,20.1197603318476,23.2077620934831
2070-10-04 12:00:00,2070,10,4,NA,17.1800365722283,26.251064123601
2070-10-05 12:00:00,2070,10,5,NA,16.8748692254671,26.4381452807553
2070-10-06 12:00:00,2070,10,6,NA,14.823405276214,26.4568033716719
2070-10-07 12:00:00,2070,10,7,NA,12.837535621796,24.5822378343305
2070-10-08 12:00:00,2070,10,8,NA,13.5586078654314,27.7906351558657
2070-10-09 12:00:00,2070,10,9,NA,11.558639027941,26.9891248868769
2070-10-10 12:00:00,2070,10,10,NA,14.4264618387543,26.852177774148
2070-10-11 12:00:00,2070,10,11,NA,11.9433818763375,20.2489397572295
2070-10-12 12:00:00,2070,10,12,NA,13.6706431603253,22.461133364445
2070-10-13 12:00:00,2070,10,13,NA,12.8028089172275,25.3772026223317
2070-10-14 12:00:00,2070,10,14,NA,15.6241188741719,25.7821734343179
2070-10-15 12:00:00,2070,10,15,NA,19.6109139118833,26.2932857727092
2070-10-16 12:00:00,2070,10,16,NA,20.2447669024201,29.0354768517186
2070-10-17 12:00:00,2070,10,17,NA,19.8688130777237,23.6952675171014
2070-10-18 12:00:00,2070,10,18,NA,15.3047821405026,24.1506281783922
2070-10-19 12:00:00,2070,10,19,NA,11.9654235762223,20.0506527020379
2070-10-20 12:00:00,2070,10,20,NA,7.02891369578612,23.1648183779305
2070-10-21 12:00:00,2070,10,21,NA,7.22630166581823,22.8346133945983
2070-10-22 12:00:00,2070,10,22,NA,8.15803629439678,19.8719815790217
2070-10-23 12:00:00,2070,10,23,NA,8.25163297225467,20.2129471397461
2070-10-24 12:00:00,2070,10,24,NA,7.85703999139229,20.6302863782063
2070-10-25 12:00:00,2070,10,25,NA,9.02399510426228,19.312927657417
2070-10-26 12:00:00,2070,10,26,NA,6.27209576220861,15.6546182936403
2070-10-27 12:00:00,2070,10,27,NA,6.18539923043044,16.7538058277666
2070-10-28 12:00:00,2070,10,28,NA,7.00149935131279,16.6684278457295
2070-10-29 12:00:00,2070,10,29,NA,4.25031564404039,10.6134008508781
2070-10-30 12:00:00,2070,10,30,NA,4.61581591290247,17.7285036117521
2070-10-31 12:00:00,2070,10,31,NA,6.16514510085243,18.8253803622148
2070-11-01 12:00:00,2070,11,1,NA,5.03103493859949,13.1162640644151
2070-11-02 12:00:00,2070,11,2,NA,4.11712493219623,9.79515781943802
2070-11-03 12:00:00,2070,11,3,NA,2.02192139779242,15.3278416961916
2070-11-04 12:00:00,2070,11,4,NA,2.28485653903504,17.6786238581213
2070-11-05 12:00:00,2070,11,5,NA,4.46496976294528,20.1439568262846
2070-11-06 12:00:00,2070,11,6,NA,5.66706745659195,17.54951556759
2070-11-07 12:00:00,2070,11,7,NA,7.52384484727855,17.8883644842048
2070-11-08 12:00:00,2070,11,8,NA,5.6142018961923,16.4323957710466
2070-11-09 12:00:00,2070,11,9,NA,5.05759863343016,18.285275903012
2070-11-10 12:00:00,2070,11,10,NA,6.49270649533234,15.5224269210045
2070-11-11 12:00:00,2070,11,11,NA,6.16097029709453,15.3450840175445
2070-11-12 12:00:00,2070,11,12,NA,5.07949626796444,13.3720242625127
2070-11-13 12:00:00,2070,11,13,NA,7.44015324598656,17.6684989508281
2070-11-14 12:00:00,2070,11,14,NA,-2.78719242845648,12.5862886103868
2070-11-15 12:00:00,2070,11,15,NA,-2.54309718661799,7.16082709145898
2070-11-16 12:00:00,2070,11,16,NA,-1.93986935317408,10.8285809088833
2070-11-17 12:00:00,2070,11,17,NA,-0.506727282797504,13.3448320786794
2070-11-18 12:00:00,2070,11,18,NA,2.76190212099997,14.84103947253
2070-11-19 12:00:00,2070,11,19,NA,3.90051276577413,16.2178492245491
2070-11-20 12:00:00,2070,11,20,NA,0.386578829076724,12.8112890703808
2070-11-21 12:00:00,2070,11,21,NA,0.801627173465769,13.5428827185962
2070-11-22 12:00:00,2070,11,22,NA,1.91437565501717,8.61318496490849
2070-11-23 12:00:00,2070,11,23,NA,3.03752951129366,6.00180941727731
2070-11-24 12:00:00,2070,11,24,NA,0.474297427358487,6.6528190228971
2070-11-25 12:00:00,2070,11,25,NA,-1.87252513939616,5.06682997999811
2070-11-26 12:00:00,2070,11,26,NA,-2.19528399682599,6.77080412857977
2070-11-27 12:00:00,2070,11,27,NA,-3.0422894103757,9.9581273025846
2070-11-28 12:00:00,2070,11,28,NA,2.45633325044651,11.6748412359159
2070-11-29 12:00:00,2070,11,29,NA,0.375472952474023,14.3927833321505
2070-11-30 12:00:00,2070,11,30,NA,-2.06314699592249,12.4443808251062
2070-12-01 12:00:00,2070,12,1,NA,-0.711645469234965,9.61882056595145
2070-12-02 12:00:00,2070,12,2,NA,1.17582530903819,14.9059442060508
2070-12-03 12:00:00,2070,12,3,NA,3.266313030678,13.0865593003464
2070-12-04 12:00:00,2070,12,4,NA,2.86929321981804,15.0631190873982
2070-12-05 12:00:00,2070,12,5,NA,4.20369194973721,13.2733563317992
2070-12-06 12:00:00,2070,12,6,NA,2.78270286896254,11.9817974563927
2070-12-07 12:00:00,2070,12,7,NA,1.68694585466603,13.0949239002502
2070-12-08 12:00:00,2070,12,8,NA,1.1373323186072,12.1589484070336
2070-12-09 12:00:00,2070,12,9,NA,1.48024857957806,13.1244275719005
2070-12-10 12:00:00,2070,12,10,NA,0.440882835655444,8.53301588543919
2070-12-11 12:00:00,2070,12,11,NA,0.630499111906563,10.5569991995863
2070-12-12 12:00:00,2070,12,12,NA,1.6347338120131,13.1399147327021
2070-12-13 12:00:00,2070,12,13,NA,-0.951797560677192,10.3378521900098
2070-12-14 12:00:00,2070,12,14,NA,4.22604518864255,19.9025745545938
2070-12-15 12:00:00,2070,12,15,NA,4.45751849832676,16.5750064631539
2070-12-16 12:00:00,2070,12,16,NA,6.59911939210431,16.7023761534638
2070-12-17 12:00:00,2070,12,17,NA,5.90225291020462,20.1814560853133
2070-12-18 12:00:00,2070,12,18,NA,8.94000146037164,13.2775485430788
2070-12-19 12:00:00,2070,12,19,NA,4.0508465892539,12.1988199909357
2070-12-20 12:00:00,2070,12,20,NA,-0.0770446300456413,6.00711658287022
2070-12-21 12:00:00,2070,12,21,NA,-3.74208418656826,3.34722040136298
2070-12-22 12:00:00,2070,12,22,NA,-3.62987249002868,8.14266991881196
2070-12-23 12:00:00,2070,12,23,NA,0.358594915621876,12.6330596542291
2070-12-24 12:00:00,2070,12,24,NA,3.59009930750489,13.0335140483286
2070-12-25 12:00:00,2070,12,25,NA,1.36823841675155,12.7033394440511
2070-12-26 12:00:00,2070,12,26,NA,2.28242777119068,14.3864128710004
2070-12-27 12:00:00,2070,12,27,NA,7.78586248033673,15.6400754120788
2070-12-28 12:00:00,2070,12,28,NA,6.46778467435589,10.732548830638
2070-12-29 12:00:00,2070,12,29,NA,2.97301046821149,11.9596012561261
2070-12-30 12:00:00,2070,12,30,NA,5.37663546715773,13.8488706217662
2070-12-31 12:00:00,2070,12,31,NA,1.79675470565619,11.7794326424244
2071-01-01 12:00:00,2071,1,1,NA,1.15927601197672,13.2031698075858
2071-01-02 12:00:00,2071,1,2,NA,5.03881251192156,13.2378120780296
2071-01-03 12:00:00,2071,1,3,NA,5.35045910065647,10.5048265816568
2071-01-04 12:00:00,2071,1,4,NA,3.23538131800191,9.84046340725728
2071-01-05 12:00:00,2071,1,5,NA,0.710619645556349,11.0134084589954
2071-01-06 12:00:00,2071,1,6,NA,-6.18266245503979,-0.38169310954662
2071-01-07 12:00:00,2071,1,7,NA,-12.1371504583206,-2.30703590676227
2071-01-08 12:00:00,2071,1,8,NA,-12.4082458339647,1.40294603610875
2071-01-09 12:00:00,2071,1,9,NA,-8.29067161905258,2.13389236357984
2071-01-10 12:00:00,2071,1,10,NA,-7.5700992101571,-0.767116745424464
2071-01-11 12:00:00,2071,1,11,NA,-6.74337615309793,2.67280987593134
2071-01-12 12:00:00,2071,1,12,NA,-4.74093676094832,6.01131913530086
2071-01-13 12:00:00,2071,1,13,NA,-10.3737581190383,5.67652503423766
2071-01-14 12:00:00,2071,1,14,NA,-10.6258933732777,4.47890941556626
2071-01-15 12:00:00,2071,1,15,NA,-10.6113359085326,4.74467491966421
2071-01-16 12:00:00,2071,1,16,NA,-8.60096336705834,4.68322989721314
2071-01-17 12:00:00,2071,1,17,NA,-3.968361655462,6.45620232717041
2071-01-18 12:00:00,2071,1,18,NA,-2.18870947699859,4.51579144914045
2071-01-19 12:00:00,2071,1,19,NA,-3.99926040665246,5.48231957731092
2071-01-20 12:00:00,2071,1,20,NA,-4.1165389852491,4.10638016904117
2071-01-21 12:00:00,2071,1,21,NA,-1.43560808538205,9.20151963851359
2071-01-22 12:00:00,2071,1,22,NA,-3.09669139952943,6.88998157917583
2071-01-23 12:00:00,2071,1,23,NA,-1.92666963453124,6.71936576617569
2071-01-24 12:00:00,2071,1,24,NA,-3.93266451370091,3.03059588025183
2071-01-25 12:00:00,2071,1,25,NA,-4.45204446024486,0.711580054504412
2071-01-26 12:00:00,2071,1,26,NA,-6.29210958970459,0.911370495105142
2071-01-27 12:00:00,2071,1,27,NA,-8.07312788288974,4.0598700329632
2071-01-28 12:00:00,2071,1,28,NA,-3.41789317766211,4.15003312784174
2071-01-29 12:00:00,2071,1,29,NA,-2.29144916927272,8.96815123564831
2071-01-30 12:00:00,2071,1,30,NA,-2.75621767257387,7.33508634162088
2071-01-31 12:00:00,2071,1,31,NA,-2.20702358153007,10.0052134209252
2071-02-01 12:00:00,2071,2,1,NA,0.120375205763735,11.2199388933432
2071-02-02 12:00:00,2071,2,2,NA,-0.112963365043051,9.26632936145118
2071-02-03 12:00:00,2071,2,3,NA,-2.21721062772282,4.83792787504539
2071-02-04 12:00:00,2071,2,4,NA,-3.37617123095102,9.6380013024628
2071-02-05 12:00:00,2071,2,5,NA,-2.55869374414054,11.3034401090933
2071-02-06 12:00:00,2071,2,6,NA,-0.509160628068093,17.2710933926817
2071-02-07 12:00:00,2071,2,7,NA,-0.596130915911945,15.9363665876454
2071-02-08 12:00:00,2071,2,8,NA,4.41347733716798,13.7856260800842
2071-02-09 12:00:00,2071,2,9,NA,-3.85668296128045,6.91193989873174
2071-02-10 12:00:00,2071,2,10,NA,-2.8107293765661,12.3763388854301
2071-02-11 12:00:00,2071,2,11,NA,-0.528941468433683,12.8117128194047
2071-02-12 12:00:00,2071,2,12,NA,5.38108839164732,10.4347026907574
2071-02-13 12:00:00,2071,2,13,NA,7.96459334238368,11.2016482584386
2071-02-14 12:00:00,2071,2,14,NA,7.38154980101754,15.7458673554254
2071-02-15 12:00:00,2071,2,15,NA,1.20401187701561,3.58678613486643
2071-02-16 12:00:00,2071,2,16,NA,-2.07120865283711,5.16017977676167
2071-02-17 12:00:00,2071,2,17,NA,-1.42536525429302,11.1002782692044
2071-02-18 12:00:00,2071,2,18,NA,-0.78320840572248,4.46024818248123
2071-02-19 12:00:00,2071,2,19,NA,-2.44412911445849,6.87382733743409
2071-02-20 12:00:00,2071,2,20,NA,1.26750887206926,8.94384280489338
2071-02-21 12:00:00,2071,2,21,NA,-4.235960027699,-0.99890511164407
2071-02-22 12:00:00,2071,2,22,NA,-3.86241899348119,5.82644384007664
2071-02-23 12:00:00,2071,2,23,NA,-7.38375209019966,9.28270089097128
2071-02-24 12:00:00,2071,2,24,NA,0.615978367400225,4.68766613676565
2071-02-25 12:00:00,2071,2,25,NA,-1.50316323734449,4.76821751399606
2071-02-26 12:00:00,2071,2,26,NA,-2.40361868302971,3.21740707619409
2071-02-27 12:00:00,2071,2,27,NA,-2.98250314738081,-0.48109153548594
2071-02-28 12:00:00,2071,2,28,NA,-4.692766147204,1.46622372811954
2071-03-01 12:00:00,2071,3,1,NA,-10.0994562912003,-5.6195539598446
2071-03-02 12:00:00,2071,3,2,NA,-9.64487230797834,2.95870992437066
2071-03-03 12:00:00,2071,3,3,NA,-4.54058319142641,3.89789313758347
2071-03-04 12:00:00,2071,3,4,NA,-4.99601563359031,10.2971590076068
2071-03-05 12:00:00,2071,3,5,NA,-3.88986477576111,14.296150044497
2071-03-06 12:00:00,2071,3,6,NA,-0.795905798652287,16.7980949369858
2071-03-07 12:00:00,2071,3,7,NA,2.09218794656099,12.8220641044846
2071-03-08 12:00:00,2071,3,8,NA,2.78928463319369,16.4301515842733
2071-03-09 12:00:00,2071,3,9,NA,1.22405382023783,17.7548282462283
2071-03-10 12:00:00,2071,3,10,NA,2.63454899425869,15.1597329889843
2071-03-11 12:00:00,2071,3,11,NA,2.08619540107455,14.8957561506554
2071-03-12 12:00:00,2071,3,12,NA,3.33302199748886,19.2330200453405
2071-03-13 12:00:00,2071,3,13,NA,5.84928515368443,16.9793462289387
2071-03-14 12:00:00,2071,3,14,NA,7.15330173936765,12.1327063853961
2071-03-15 12:00:00,2071,3,15,NA,4.76709562253213,14.9312630085526
2071-03-16 12:00:00,2071,3,16,NA,3.83013777297566,16.5380536709309
2071-03-17 12:00:00,2071,3,17,NA,4.49528593167173,15.9629421156147
2071-03-18 12:00:00,2071,3,18,NA,0.504292371998482,14.7427817679138
2071-03-19 12:00:00,2071,3,19,NA,-0.533015369210533,5.46505176299586
2071-03-20 12:00:00,2071,3,20,NA,-0.621218530465555,7.33983702248847
2071-03-21 12:00:00,2071,3,21,NA,-3.15117522900861,7.07408911805336
2071-03-22 12:00:00,2071,3,22,NA,-1.62411293007525,11.1687730893604
2071-03-23 12:00:00,2071,3,23,NA,-0.80953504851114,13.2923622610448
2071-03-24 12:00:00,2071,3,24,NA,-0.0210144074563052,15.3071246162104
2071-03-25 12:00:00,2071,3,25,NA,-0.15131419217713,15.0097910923817
2071-03-26 12:00:00,2071,3,26,NA,0.292346610463476,19.7388993917776
2071-03-27 12:00:00,2071,3,27,NA,8.42607329405095,22.4599426428557
2071-03-28 12:00:00,2071,3,28,NA,7.88680013387767,15.1490012992345
2071-03-29 12:00:00,2071,3,29,NA,7.44913936741877,15.8270335483248
2071-03-30 12:00:00,2071,3,30,NA,7.51903314826795,18.6602161151942
2071-03-31 12:00:00,2071,3,31,NA,5.63402242026252,13.8399839423624
2071-04-01 12:00:00,2071,4,1,NA,3.08756674597133,17.2155908599506
2071-04-02 12:00:00,2071,4,2,NA,2.35421905366531,18.6750870558712
2071-04-03 12:00:00,2071,4,3,NA,1.96004285383297,19.4510976977051
2071-04-04 12:00:00,2071,4,4,NA,5.1084593385255,20.2631007578252
2071-04-05 12:00:00,2071,4,5,NA,5.30049002906654,16.4827595710734
2071-04-06 12:00:00,2071,4,6,NA,4.86377502249369,19.2056473002115
2071-04-07 12:00:00,2071,4,7,NA,6.92633333227167,19.7550819268263
2071-04-08 12:00:00,2071,4,8,NA,9.33791760353622,12.710226642018
2071-04-09 12:00:00,2071,4,9,NA,9.18410670678382,19.3849316077513
2071-04-10 12:00:00,2071,4,10,NA,5.71447749144207,21.747777964625
2071-04-11 12:00:00,2071,4,11,NA,8.59271191818864,19.2747619088259
2071-04-12 12:00:00,2071,4,12,NA,4.91657063076014,17.5328067261613
2071-04-13 12:00:00,2071,4,13,NA,7.49569781285977,22.2187692609997
2071-04-14 12:00:00,2071,4,14,NA,9.11139136991675,22.8649487388229
2071-04-15 12:00:00,2071,4,15,NA,9.25401871965418,23.785251907567
2071-04-16 12:00:00,2071,4,16,NA,13.1445776145791,28.8960049426602
2071-04-17 12:00:00,2071,4,17,NA,13.028562638734,23.9116129077898
2071-04-18 12:00:00,2071,4,18,NA,16.926464451168,27.079595350061
2071-04-19 12:00:00,2071,4,19,NA,20.3976031572076,22.6422381063242
2071-04-20 12:00:00,2071,4,20,NA,16.4276043397871,25.8567912446281
2071-04-21 12:00:00,2071,4,21,NA,12.3998207790203,17.3270922602716
2071-04-22 12:00:00,2071,4,22,NA,11.8064929779662,25.0835192379583
2071-04-23 12:00:00,2071,4,23,NA,13.6923914300631,24.5577861008706
2071-04-24 12:00:00,2071,4,24,NA,11.8552821066765,29.6600187811357
2071-04-25 12:00:00,2071,4,25,NA,14.9132805471947,30.7170693463228
2071-04-26 12:00:00,2071,4,26,NA,14.4010762251329,25.2781601669568
2071-04-27 12:00:00,2071,4,27,NA,9.07714068606608,16.0326191158931
2071-04-28 12:00:00,2071,4,28,NA,6.54860936626548,18.4056831646235
2071-04-29 12:00:00,2071,4,29,NA,8.51487949033851,19.0341975846157
2071-04-30 12:00:00,2071,4,30,NA,7.19543517959126,20.3086689386447
2071-05-01 12:00:00,2071,5,1,NA,7.80696782962935,20.5808154199147
2071-05-02 12:00:00,2071,5,2,NA,9.49370813396434,23.2472655028705
2071-05-03 12:00:00,2071,5,3,NA,6.09221753795897,22.2519148453153
2071-05-04 12:00:00,2071,5,4,NA,6.92760604589085,23.5586451055773
2071-05-05 12:00:00,2071,5,5,NA,9.68006221037309,23.9785566713824
2071-05-06 12:00:00,2071,5,6,NA,8.43592106705762,27.9847917649505
2071-05-07 12:00:00,2071,5,7,NA,10.9543411175269,27.3173981590617
2071-05-08 12:00:00,2071,5,8,NA,12.4919782724685,26.6862657051472
2071-05-09 12:00:00,2071,5,9,NA,13.8770897441969,27.5867108327149
2071-05-10 12:00:00,2071,5,10,NA,15.5351201947413,23.853562730141
2071-05-11 12:00:00,2071,5,11,NA,12.4667557293759,24.8733984036754
2071-05-12 12:00:00,2071,5,12,NA,12.781324879677,25.6812891311441
2071-05-13 12:00:00,2071,5,13,NA,13.0446897945895,25.7994355636904
2071-05-14 12:00:00,2071,5,14,NA,12.5052881965988,28.7667492950226
2071-05-15 12:00:00,2071,5,15,NA,13.7671161572691,28.047437523769
2071-05-16 12:00:00,2071,5,16,NA,11.7658783732004,27.9155297441507
2071-05-17 12:00:00,2071,5,17,NA,13.6392347358979,31.9589841283778
2071-05-18 12:00:00,2071,5,18,NA,17.0034974772503,27.9640777548134
2071-05-19 12:00:00,2071,5,19,NA,17.1656339231408,22.6830630894015
2071-05-20 12:00:00,2071,5,20,NA,17.497067207202,26.316470140005
2071-05-21 12:00:00,2071,5,21,NA,15.0626879741087,17.6133963972162
2071-05-22 12:00:00,2071,5,22,NA,13.6532773155331,24.4858232679405
2071-05-23 12:00:00,2071,5,23,NA,13.6427386353012,22.4477808029214
2071-05-24 12:00:00,2071,5,24,NA,11.0458753070315,24.8486127748979
2071-05-25 12:00:00,2071,5,25,NA,12.34345066865,23.6279970892728
2071-05-26 12:00:00,2071,5,26,NA,13.7285951650158,29.2051710137643
2071-05-27 12:00:00,2071,5,27,NA,16.9164813494864,25.455228366402
2071-05-28 12:00:00,2071,5,28,NA,19.0041057784661,28.6155286046089
2071-05-29 12:00:00,2071,5,29,NA,16.143008655664,31.2322191139792
2071-05-30 12:00:00,2071,5,30,NA,18.0671229231962,22.5750379869162
2071-05-31 12:00:00,2071,5,31,NA,13.9550216888888,28.2353430553887
2071-06-01 12:00:00,2071,6,1,NA,18.049243727674,33.0829787100364
2071-06-02 12:00:00,2071,6,2,NA,11.3303936323811,27.3681491180786
2071-06-03 12:00:00,2071,6,3,NA,13.9990920864286,28.3104621842942
2071-06-04 12:00:00,2071,6,4,NA,15.8642109196371,29.2095322526138
2071-06-05 12:00:00,2071,6,5,NA,17.0035752497247,30.265819351269
2071-06-06 12:00:00,2071,6,6,NA,17.3107569717145,28.5966634408098
2071-06-07 12:00:00,2071,6,7,NA,18.5041678022968,25.0449545734163
2071-06-08 12:00:00,2071,6,8,NA,17.1247706863166,28.6916087889673
2071-06-09 12:00:00,2071,6,9,NA,17.2791040346242,29.3683940798004
2071-06-10 12:00:00,2071,6,10,NA,17.8698968282444,31.7334824809777
2071-06-11 12:00:00,2071,6,11,NA,20.4613386467871,30.0500354908391
2071-06-12 12:00:00,2071,6,12,NA,20.4934603792898,31.973921592096
2071-06-13 12:00:00,2071,6,13,NA,18.2817289824353,32.6648983244735
2071-06-14 12:00:00,2071,6,14,NA,18.6473402210957,30.3302280199931
2071-06-15 12:00:00,2071,6,15,NA,20.0412407229871,27.2462854557029
2071-06-16 12:00:00,2071,6,16,NA,19.4881547037246,29.5665494203982
2071-06-17 12:00:00,2071,6,17,NA,21.608410677148,32.7073044563351
2071-06-18 12:00:00,2071,6,18,NA,20.6326572823498,33.7230811509547
2071-06-19 12:00:00,2071,6,19,NA,20.5950480527127,32.2686023152432
2071-06-20 12:00:00,2071,6,20,NA,20.3593463099965,30.2087140358934
2071-06-21 12:00:00,2071,6,21,NA,20.6877841399118,27.1405087791316
2071-06-22 12:00:00,2071,6,22,NA,21.1390170659212,31.2546812637697
2071-06-23 12:00:00,2071,6,23,NA,20.3668682130535,31.4348888596927
2071-06-24 12:00:00,2071,6,24,NA,21.7708947606969,31.4090748352982
2071-06-25 12:00:00,2071,6,25,NA,21.4397415940521,33.5290316392284
2071-06-26 12:00:00,2071,6,26,NA,22.0371599381925,32.4019245668172
2071-06-27 12:00:00,2071,6,27,NA,26.0062511757928,33.05111101637
2071-06-28 12:00:00,2071,6,28,NA,25.3418295183518,28.1784025454652
2071-06-29 12:00:00,2071,6,29,NA,22.858621643066,28.9013512827024
2071-06-30 12:00:00,2071,6,30,NA,23.0764216554133,31.0809310074127
2071-07-01 12:00:00,2071,7,1,NA,22.8816505196813,31.2977040409443
2071-07-02 12:00:00,2071,7,2,NA,21.1665550435908,31.0376850839646
2071-07-03 12:00:00,2071,7,3,NA,23.3301015202756,28.6540854677537
2071-07-04 12:00:00,2071,7,4,NA,20.9738468586485,27.1509410932892
2071-07-05 12:00:00,2071,7,5,NA,19.8314299007218,24.2989361497454
2071-07-06 12:00:00,2071,7,6,NA,19.5744991849192,27.4115147196802
2071-07-07 12:00:00,2071,7,7,NA,20.4619000849219,30.6060894707762
2071-07-08 12:00:00,2071,7,8,NA,22.3520084598759,33.9624660740854
2071-07-09 12:00:00,2071,7,9,NA,23.5392847324236,34.095902339537
2071-07-10 12:00:00,2071,7,10,NA,21.3890336993783,32.0334072538521
2071-07-11 12:00:00,2071,7,11,NA,21.4445333392956,28.4142261401854
2071-07-12 12:00:00,2071,7,12,NA,23.2201078354197,31.6551096308364
2071-07-13 12:00:00,2071,7,13,NA,23.7851509087204,32.437311554188
2071-07-14 12:00:00,2071,7,14,NA,24.3953935545041,29.8467270917434
2071-07-15 12:00:00,2071,7,15,NA,23.3764127986169,30.3050710425996
2071-07-16 12:00:00,2071,7,16,NA,23.0837548800627,32.5355122475508
2071-07-17 12:00:00,2071,7,17,NA,24.8175264140776,32.4624292411338
2071-07-18 12:00:00,2071,7,18,NA,22.0654699782548,33.9994876445089
2071-07-19 12:00:00,2071,7,19,NA,23.6349004795528,31.1771963052969
2071-07-20 12:00:00,2071,7,20,NA,22.5890703294291,32.2674452348841
2071-07-21 12:00:00,2071,7,21,NA,25.7928139722413,31.798524766814
2071-07-22 12:00:00,2071,7,22,NA,24.9531624898174,29.9240500320256
2071-07-23 12:00:00,2071,7,23,NA,23.1824001637824,29.9641381954626
2071-07-24 12:00:00,2071,7,24,NA,23.5974183422493,28.4346590182775
2071-07-25 12:00:00,2071,7,25,NA,23.4942060092105,30.096762766869
2071-07-26 12:00:00,2071,7,26,NA,23.2740632106371,32.9558676783188
2071-07-27 12:00:00,2071,7,27,NA,24.0255437867959,32.887450526041
2071-07-28 12:00:00,2071,7,28,NA,23.1333003700581,34.7178089719496
2071-07-29 12:00:00,2071,7,29,NA,23.6766491172581,33.9249911128835
2071-07-30 12:00:00,2071,7,30,NA,23.4411851630103,35.3799524521585
2071-07-31 12:00:00,2071,7,31,NA,24.2119178830767,36.2952524123298
2071-08-01 12:00:00,2071,8,1,NA,24.1357731830494,32.98558912165
2071-08-02 12:00:00,2071,8,2,NA,26.2446624703227,33.4267646330727
2071-08-03 12:00:00,2071,8,3,NA,24.6862170501324,33.8279724906653
2071-08-04 12:00:00,2071,8,4,NA,25.9389931404819,35.0704840597533
2071-08-05 12:00:00,2071,8,5,NA,28.1082205630087,30.9963625024724
2071-08-06 12:00:00,2071,8,6,NA,24.7906380142761,33.9293379416377
2071-08-07 12:00:00,2071,8,7,NA,25.2814791982926,32.3321055850971
2071-08-08 12:00:00,2071,8,8,NA,26.312908910606,30.6911087965597
2071-08-09 12:00:00,2071,8,9,NA,25.52808322217,29.6434502239375
2071-08-10 12:00:00,2071,8,10,NA,25.2733731845005,27.193060285619
2071-08-11 12:00:00,2071,8,11,NA,22.3932338923605,27.0022973169326
2071-08-12 12:00:00,2071,8,12,NA,22.4059606677,31.4603587478367
2071-08-13 12:00:00,2071,8,13,NA,24.4373193266829,30.1115537379703
2071-08-14 12:00:00,2071,8,14,NA,24.3574426189177,32.0465964582933
2071-08-15 12:00:00,2071,8,15,NA,24.8866323380004,35.0621804293438
2071-08-16 12:00:00,2071,8,16,NA,25.1211905863738,36.0785474704419
2071-08-17 12:00:00,2071,8,17,NA,24.0335945850939,34.6223584029069
2071-08-18 12:00:00,2071,8,18,NA,25.3774627105662,34.0753784725132
2071-08-19 12:00:00,2071,8,19,NA,26.0110346380141,34.8708294310229
2071-08-20 12:00:00,2071,8,20,NA,26.6936247245823,35.1266180564176
2071-08-21 12:00:00,2071,8,21,NA,23.8674988302596,30.4865813766984
2071-08-22 12:00:00,2071,8,22,NA,24.3588061823296,34.9540837535419
2071-08-23 12:00:00,2071,8,23,NA,25.3551547137039,32.4057811005083
2071-08-24 12:00:00,2071,8,24,NA,24.6571253232164,33.9142144602123
2071-08-25 12:00:00,2071,8,25,NA,24.1792357064329,33.6276776195244
2071-08-26 12:00:00,2071,8,26,NA,24.2692523637313,32.8414242448247
2071-08-27 12:00:00,2071,8,27,NA,24.0282503670231,33.654406602177
2071-08-28 12:00:00,2071,8,28,NA,23.6954364580751,34.4951919805048
2071-08-29 12:00:00,2071,8,29,NA,23.577213102547,30.6278394893515
2071-08-30 12:00:00,2071,8,30,NA,22.3304512134144,31.0283669753614
2071-08-31 12:00:00,2071,8,31,NA,23.7714562950845,34.3667338662967
2071-09-01 12:00:00,2071,9,1,NA,23.5350252768234,34.4923821608916
2071-09-02 12:00:00,2071,9,2,NA,23.9188199821975,31.7203638231856
2071-09-03 12:00:00,2071,9,3,NA,21.3021640388585,33.7612764087555
2071-09-04 12:00:00,2071,9,4,NA,22.2380382884736,32.7775808507394
2071-09-05 12:00:00,2071,9,5,NA,23.2345607710542,30.90126006371
2071-09-06 12:00:00,2071,9,6,NA,21.532365690093,31.3696207372023
2071-09-07 12:00:00,2071,9,7,NA,21.0159824162324,27.8497257194739
2071-09-08 12:00:00,2071,9,8,NA,19.1749767885201,29.9113408308202
2071-09-09 12:00:00,2071,9,9,NA,19.6307787690934,31.0417591510859
2071-09-10 12:00:00,2071,9,10,NA,20.0860097422664,29.4660404269277
2071-09-11 12:00:00,2071,9,11,NA,18.7213695204947,25.9936730655216
2071-09-12 12:00:00,2071,9,12,NA,18.424312064476,28.6269917072811
2071-09-13 12:00:00,2071,9,13,NA,19.5392806656419,30.588435983075
2071-09-14 12:00:00,2071,9,14,NA,17.4537710868933,28.6151744641296
2071-09-15 12:00:00,2071,9,15,NA,16.3690901264658,28.0498552226587
2071-09-16 12:00:00,2071,9,16,NA,15.9869508900704,28.3736595075345
2071-09-17 12:00:00,2071,9,17,NA,18.3999919325707,25.2799365153814
2071-09-18 12:00:00,2071,9,18,NA,17.3956476994383,28.956878551994
2071-09-19 12:00:00,2071,9,19,NA,18.7905613797358,28.886412673166
2071-09-20 12:00:00,2071,9,20,NA,19.4222917124988,28.7735626797904
2071-09-21 12:00:00,2071,9,21,NA,18.0463703915692,27.6341452727295
2071-09-22 12:00:00,2071,9,22,NA,14.9689664054077,25.625757369018
2071-09-23 12:00:00,2071,9,23,NA,14.1341304557066,26.5926292989447
2071-09-24 12:00:00,2071,9,24,NA,16.2255972235697,26.8823881871799
2071-09-25 12:00:00,2071,9,25,NA,15.3310359497641,26.6898863054755
2071-09-26 12:00:00,2071,9,26,NA,14.5272976685272,22.193996961183
2071-09-27 12:00:00,2071,9,27,NA,15.045936001443,26.5499314811726
2071-09-28 12:00:00,2071,9,28,NA,15.3094094035226,22.9799887981941
2071-09-29 12:00:00,2071,9,29,NA,16.1851229937002,24.3596463551974
2071-09-30 12:00:00,2071,9,30,NA,13.0822426813495,25.6629023407212
2071-10-01 12:00:00,2071,10,1,NA,14.2697109313497,25.7052707567814
2071-10-02 12:00:00,2071,10,2,NA,17.4736646563355,21.1000246635777
2071-10-03 12:00:00,2071,10,3,NA,14.1545584790136,22.3558900528364
2071-10-04 12:00:00,2071,10,4,NA,15.3945971057173,26.3515291115302
2071-10-05 12:00:00,2071,10,5,NA,13.1844436262019,27.2708347195501
2071-10-06 12:00:00,2071,10,6,NA,15.2415803254979,30.5700459624042
2071-10-07 12:00:00,2071,10,7,NA,18.4759969538812,26.0137128331109
2071-10-08 12:00:00,2071,10,8,NA,16.3042932481985,30.5363205386329
2071-10-09 12:00:00,2071,10,9,NA,15.2099840177145,29.5931877196721
2071-10-10 12:00:00,2071,10,10,NA,13.3708894191964,27.106660733667
2071-10-11 12:00:00,2071,10,11,NA,13.8218018123997,25.8223224642973
2071-10-12 12:00:00,2071,10,12,NA,12.4733825392156,25.9978180488894
2071-10-13 12:00:00,2071,10,13,NA,14.3218924482265,25.9451024795603
2071-10-14 12:00:00,2071,10,14,NA,15.5060033129435,24.1180997229816
2071-10-15 12:00:00,2071,10,15,NA,11.6162538426635,24.3709345384729
2071-10-16 12:00:00,2071,10,16,NA,11.8010027973714,23.3641201335914
2071-10-17 12:00:00,2071,10,17,NA,11.8857059720238,27.6126820457257
2071-10-18 12:00:00,2071,10,18,NA,9.76937520912645,14.4123309159621
2071-10-19 12:00:00,2071,10,19,NA,6.12698733745422,17.8076909163556
2071-10-20 12:00:00,2071,10,20,NA,7.94091921590448,21.263568616394
2071-10-21 12:00:00,2071,10,21,NA,9.83365916078029,27.7712470569751
2071-10-22 12:00:00,2071,10,22,NA,11.2519128554359,23.7509811700579
2071-10-23 12:00:00,2071,10,23,NA,12.9762191815428,24.6735456256518
2071-10-24 12:00:00,2071,10,24,NA,12.8973406611088,21.2355248128852
2071-10-25 12:00:00,2071,10,25,NA,14.3620413966088,19.6871733546391
2071-10-26 12:00:00,2071,10,26,NA,11.0670304971716,22.8315632385279
2071-10-27 12:00:00,2071,10,27,NA,10.7533969607687,21.1823379695307
2071-10-28 12:00:00,2071,10,28,NA,11.501252740683,22.2996108718873
2071-10-29 12:00:00,2071,10,29,NA,11.5579331701288,20.4614110349674
2071-10-30 12:00:00,2071,10,30,NA,8.58396128524509,22.1083967949189
2071-10-31 12:00:00,2071,10,31,NA,8.30854137854315,20.0532435910777
2071-11-01 12:00:00,2071,11,1,NA,6.44297042576322,16.3267603229412
2071-11-02 12:00:00,2071,11,2,NA,6.35458670526574,15.7402125668444
2071-11-03 12:00:00,2071,11,3,NA,6.72179904052293,20.1881841877711
2071-11-04 12:00:00,2071,11,4,NA,3.53845341335269,20.4637119105383
2071-11-05 12:00:00,2071,11,5,NA,7.88549236280137,22.2759058959941
2071-11-06 12:00:00,2071,11,6,NA,10.3255261626853,19.9367194694058
2071-11-07 12:00:00,2071,11,7,NA,9.3685500308283,21.7135110522727
2071-11-08 12:00:00,2071,11,8,NA,10.8512822378352,18.3201774135901
2071-11-09 12:00:00,2071,11,9,NA,8.12770590079963,16.4155814756144
2071-11-10 12:00:00,2071,11,10,NA,6.25850873012486,17.5069625985604
2071-11-11 12:00:00,2071,11,11,NA,5.26711555104416,18.5038030895661
2071-11-12 12:00:00,2071,11,12,NA,9.53615510540054,21.6152924569306
2071-11-13 12:00:00,2071,11,13,NA,5.14072761768896,11.5037448509677
2071-11-14 12:00:00,2071,11,14,NA,3.96005209953074,12.5764981999013
2071-11-15 12:00:00,2071,11,15,NA,3.6176472113953,14.5882782462069
2071-11-16 12:00:00,2071,11,16,NA,6.20246562218892,22.379345294799
2071-11-17 12:00:00,2071,11,17,NA,8.19577025517257,17.5108808991163
2071-11-18 12:00:00,2071,11,18,NA,10.2643332396373,13.1425375341603
2071-11-19 12:00:00,2071,11,19,NA,10.08041562971,13.1707792849813
2071-11-20 12:00:00,2071,11,20,NA,5.60529661178713,18.3737468738445
2071-11-21 12:00:00,2071,11,21,NA,5.74878527767983,18.0308886514624
2071-11-22 12:00:00,2071,11,22,NA,5.44448646238421,15.9802263028775
2071-11-23 12:00:00,2071,11,23,NA,4.19952995837517,19.1669891436
2071-11-24 12:00:00,2071,11,24,NA,2.68194456921169,17.8235171835512
2071-11-25 12:00:00,2071,11,25,NA,0.191517206582649,13.2248861351363
2071-11-26 12:00:00,2071,11,26,NA,1.47071057796887,12.8357502407647
2071-11-27 12:00:00,2071,11,27,NA,2.23307522360326,14.5749654621761
2071-11-28 12:00:00,2071,11,28,NA,3.50868258842622,15.0642319648081
2071-11-29 12:00:00,2071,11,29,NA,2.46462209413807,10.6278944702343
2071-11-30 12:00:00,2071,11,30,NA,3.82524973009542,17.4679165302887
2071-12-01 12:00:00,2071,12,1,NA,2.88730079261294,14.8679690599701
2071-12-02 12:00:00,2071,12,2,NA,1.95853035688827,14.7269806189456
2071-12-03 12:00:00,2071,12,3,NA,4.47459790226946,11.2659663336588
2071-12-04 12:00:00,2071,12,4,NA,2.49605217143318,7.93874161597491
2071-12-05 12:00:00,2071,12,5,NA,2.08512720500487,6.63313618383792
2071-12-06 12:00:00,2071,12,6,NA,0.16803363999924,10.6303274939491
2071-12-07 12:00:00,2071,12,7,NA,3.25075301294601,9.7401950197398
2071-12-08 12:00:00,2071,12,8,NA,-2.15939640374335,2.33281525588795
2071-12-09 12:00:00,2071,12,9,NA,-2.91332181149116,3.80261112932806
2071-12-10 12:00:00,2071,12,10,NA,-3.66549041912999,6.4848512794767
2071-12-11 12:00:00,2071,12,11,NA,0.385929636613346,6.56474344396826
2071-12-12 12:00:00,2071,12,12,NA,-0.150044875189824,8.95412365580466
2071-12-13 12:00:00,2071,12,13,NA,-0.663122000532991,11.5825852442853
2071-12-14 12:00:00,2071,12,14,NA,1.22271296913993,10.5263240405001
2071-12-15 12:00:00,2071,12,15,NA,0.484481629885127,10.7044769701072
2071-12-16 12:00:00,2071,12,16,NA,-6.93352156320859,4.35496845334511
2071-12-17 12:00:00,2071,12,17,NA,-6.72675252678362,2.47981904015326
2071-12-18 12:00:00,2071,12,18,NA,-4.15041636579313,5.62193789625982
2071-12-19 12:00:00,2071,12,19,NA,0.461010038186659,8.36735128759597
2071-12-20 12:00:00,2071,12,20,NA,1.49853568880546,11.2301665653205
2071-12-21 12:00:00,2071,12,21,NA,0.124226681674325,13.319078394281
2071-12-22 12:00:00,2071,12,22,NA,3.95250142467042,10.7438698560598
2071-12-23 12:00:00,2071,12,23,NA,3.72726663465349,13.4023458311185
2071-12-24 12:00:00,2071,12,24,NA,4.34724345626392,11.2364742930919
2071-12-25 12:00:00,2071,12,25,NA,2.28338561160019,11.3983134963908
2071-12-26 12:00:00,2071,12,26,NA,-3.46756413485453,6.59788818530358
2071-12-27 12:00:00,2071,12,27,NA,-6.98939774924085,0.71561289581352
2071-12-28 12:00:00,2071,12,28,NA,-14.1473874661446,-5.93836717360278
2071-12-29 12:00:00,2071,12,29,NA,-9.36459303413722,2.65686575782247
2071-12-30 12:00:00,2071,12,30,NA,-4.02572651690583,4.00214542589967
2071-12-31 12:00:00,2071,12,31,NA,-2.05070111922871,10.2011527555476
2072-01-01 12:00:00,2072,1,1,NA,-1.91216981895717,11.2282047538015
2072-01-02 12:00:00,2072,1,2,NA,0.678424466774624,11.1704967488112
2072-01-03 12:00:00,2072,1,3,NA,0.0442541782778889,11.9857796498959
2072-01-04 12:00:00,2072,1,4,NA,6.22541999318049,14.9892949944259
2072-01-05 12:00:00,2072,1,5,NA,1.03642039943687,8.90626840946429
2072-01-06 12:00:00,2072,1,6,NA,4.26805980147162,10.2970813105812
2072-01-07 12:00:00,2072,1,7,NA,1.34247334571196,7.76587091691885
2072-01-08 12:00:00,2072,1,8,NA,0.746605057765207,5.90857899472572
2072-01-09 12:00:00,2072,1,9,NA,-3.36618793070143,5.89995128761851
2072-01-10 12:00:00,2072,1,10,NA,-0.483170173945288,7.50650767135161
2072-01-11 12:00:00,2072,1,11,NA,-0.805609406036327,7.24207329328948
2072-01-12 12:00:00,2072,1,12,NA,2.11089492403612,3.99309953078171
2072-01-13 12:00:00,2072,1,13,NA,-2.34021781458088,5.7001501091031
2072-01-14 12:00:00,2072,1,14,NA,-1.10006730549323,8.41770180562211
2072-01-15 12:00:00,2072,1,15,NA,-1.29110961860734,8.80611087689336
2072-01-16 12:00:00,2072,1,16,NA,-1.4173574193328,7.71347785580379
2072-01-17 12:00:00,2072,1,17,NA,-2.8608681939827,6.29610261528521
2072-01-18 12:00:00,2072,1,18,NA,3.67523776516127,15.0115537453492
2072-01-19 12:00:00,2072,1,19,NA,4.7228329245568,13.6155831224802
2072-01-20 12:00:00,2072,1,20,NA,-1.13866878873847,13.0195967862462
2072-01-21 12:00:00,2072,1,21,NA,0.590608512936753,11.6390100505465
2072-01-22 12:00:00,2072,1,22,NA,1.05118984655575,7.0735464081389
2072-01-23 12:00:00,2072,1,23,NA,0.121117277719391,10.3905797855426
2072-01-24 12:00:00,2072,1,24,NA,3.15659908541088,11.198919907391
2072-01-25 12:00:00,2072,1,25,NA,-2.28398848774021,8.49789824320886
2072-01-26 12:00:00,2072,1,26,NA,-1.12277418622572,9.29870787186449
2072-01-27 12:00:00,2072,1,27,NA,-0.398958417490241,13.2063350131764
2072-01-28 12:00:00,2072,1,28,NA,2.69154895685474,14.0034038824417
2072-01-29 12:00:00,2072,1,29,NA,13.7778556584945,17.807834844628
2072-01-30 12:00:00,2072,1,30,NA,7.43553644371511,10.6813282797335
2072-01-31 12:00:00,2072,1,31,NA,2.59115361050707,8.36414794753543
2072-02-01 12:00:00,2072,2,1,NA,-0.340912468982379,8.00247275283457
2072-02-02 12:00:00,2072,2,2,NA,-0.0906510569124244,8.68647757197611
2072-02-03 12:00:00,2072,2,3,NA,-0.948515407062257,9.57798949128917
2072-02-04 12:00:00,2072,2,4,NA,-2.40386340104064,10.1718127628754
2072-02-05 12:00:00,2072,2,5,NA,-1.61112346188454,10.6657986107087
2072-02-06 12:00:00,2072,2,6,NA,-0.763886814137389,9.60376437797731
2072-02-07 12:00:00,2072,2,7,NA,-3.38986657682145,6.6638158239994
2072-02-08 12:00:00,2072,2,8,NA,-4.94261570330753,7.71774076824215
2072-02-09 12:00:00,2072,2,9,NA,-5.67419597103982,11.9473478277695
2072-02-10 12:00:00,2072,2,10,NA,-4.03561335782073,13.5870006976454
2072-02-11 12:00:00,2072,2,11,NA,-3.36894600062952,13.3483262702731
2072-02-12 12:00:00,2072,2,12,NA,-0.516331777754507,16.4213620141188
2072-02-13 12:00:00,2072,2,13,NA,-3.07480437226672,7.31438114453415
2072-02-14 12:00:00,2072,2,14,NA,-1.40091494962156,15.2715211654144
2072-02-15 12:00:00,2072,2,15,NA,1.63847253757762,10.0800225117072
2072-02-16 12:00:00,2072,2,16,NA,-1.51963228250483,9.85489014419826
2072-02-17 12:00:00,2072,2,17,NA,0.914205550517223,13.8613325767456
2072-02-18 12:00:00,2072,2,18,NA,1.52823136849917,6.39374312567338
2072-02-19 12:00:00,2072,2,19,NA,2.49920239489855,8.36921298207562
2072-02-20 12:00:00,2072,2,20,NA,-1.22237925505426,5.9412977981537
2072-02-21 12:00:00,2072,2,21,NA,-4.09209191017993,9.13915050152924
2072-02-22 12:00:00,2072,2,22,NA,-1.79332806790831,14.3289962618567
2072-02-23 12:00:00,2072,2,23,NA,-1.92205997055296,14.0341041307551
2072-02-24 12:00:00,2072,2,24,NA,1.26349159303117,15.2353925438797
2072-02-25 12:00:00,2072,2,25,NA,1.54151453353184,16.3483696122596
2072-02-26 12:00:00,2072,2,26,NA,-0.7271074725481,13.4608601203403
2072-02-27 12:00:00,2072,2,27,NA,2.22412357253131,14.7105137849635
2072-02-28 12:00:00,2072,2,28,NA,-0.808795368635297,13.2506412992494
2072-02-29 12:00:00,2072,2,29,NA,-0.465950985127623,7.85619449202742
2072-03-01 12:00:00,2072,3,1,NA,-1.02676904559833,12.3018401445223
2072-03-02 12:00:00,2072,3,2,NA,4.82827881876139,9.66358378257127
2072-03-03 12:00:00,2072,3,3,NA,2.0242765273702,13.0801341845221
2072-03-04 12:00:00,2072,3,4,NA,1.52048708032471,14.7027798750328
2072-03-05 12:00:00,2072,3,5,NA,2.0114991630774,16.3295850835688
2072-03-06 12:00:00,2072,3,6,NA,5.31821312898988,19.0024730812225
2072-03-07 12:00:00,2072,3,7,NA,8.52856673735458,13.7436579007636
2072-03-08 12:00:00,2072,3,8,NA,8.18026405528022,16.2751128503214
2072-03-09 12:00:00,2072,3,9,NA,6.31881825559291,11.1925577946029
2072-03-10 12:00:00,2072,3,10,NA,3.29292794977053,16.2200067302543
2072-03-11 12:00:00,2072,3,11,NA,5.14161019820359,17.0480934617985
2072-03-12 12:00:00,2072,3,12,NA,3.30124017665185,19.0514044102543
2072-03-13 12:00:00,2072,3,13,NA,1.15495186092439,17.2627482193083
2072-03-14 12:00:00,2072,3,14,NA,6.55264809808843,21.708135484385
2072-03-15 12:00:00,2072,3,15,NA,6.40057891341982,15.6101305401873
2072-03-16 12:00:00,2072,3,16,NA,3.49153520055506,15.0309476366476
2072-03-17 12:00:00,2072,3,17,NA,-1.21450037704259,13.4365249450623
2072-03-18 12:00:00,2072,3,18,NA,1.13133937409322,10.2780475000498
2072-03-19 12:00:00,2072,3,19,NA,0.524419370640897,9.91430901986757
2072-03-20 12:00:00,2072,3,20,NA,-1.15128451000987,9.97877656524438
2072-03-21 12:00:00,2072,3,21,NA,-1.18843410338539,14.7115639444663
2072-03-22 12:00:00,2072,3,22,NA,1.91132797201983,13.0898232468503
2072-03-23 12:00:00,2072,3,23,NA,2.12493437106216,21.5942015211253
2072-03-24 12:00:00,2072,3,24,NA,6.00075501087771,24.3844443092571
2072-03-25 12:00:00,2072,3,25,NA,10.3816188237314,20.4712125315622
2072-03-26 12:00:00,2072,3,26,NA,5.40178041455342,13.8566698949908
2072-03-27 12:00:00,2072,3,27,NA,3.42241084327218,10.4967698579512
2072-03-28 12:00:00,2072,3,28,NA,9.64153833344971,13.2756471993495
2072-03-29 12:00:00,2072,3,29,NA,8.82354499647824,15.781704804134
2072-03-30 12:00:00,2072,3,30,NA,6.50407217772982,14.4521751502833
2072-03-31 12:00:00,2072,3,31,NA,4.28982492616992,18.9225330978413
2072-04-01 12:00:00,2072,4,1,NA,12.0327685006735,16.0545087007337
2072-04-02 12:00:00,2072,4,2,NA,10.3449908955641,15.5354948714444
2072-04-03 12:00:00,2072,4,3,NA,10.7059265897977,21.5876204234847
2072-04-04 12:00:00,2072,4,4,NA,11.8214251852144,16.7463059228902
2072-04-05 12:00:00,2072,4,5,NA,9.39962432748269,12.7362128102851
2072-04-06 12:00:00,2072,4,6,NA,9.41249128202887,18.1504102841367
2072-04-07 12:00:00,2072,4,7,NA,8.74079559554058,17.6708009269856
2072-04-08 12:00:00,2072,4,8,NA,7.21471146744018,15.5053624333612
2072-04-09 12:00:00,2072,4,9,NA,5.11160361088498,10.7796424320552
2072-04-10 12:00:00,2072,4,10,NA,2.00650751004059,17.7879171104802
2072-04-11 12:00:00,2072,4,11,NA,3.03126496426295,19.8682317269887
2072-04-12 12:00:00,2072,4,12,NA,4.94017193050127,18.838739014181
2072-04-13 12:00:00,2072,4,13,NA,4.75366536681788,20.3752986358504
2072-04-14 12:00:00,2072,4,14,NA,4.13907867800712,20.7435538670027
2072-04-15 12:00:00,2072,4,15,NA,6.38727971704917,13.5924089914237
2072-04-16 12:00:00,2072,4,16,NA,4.45945164004228,15.7925292641832
2072-04-17 12:00:00,2072,4,17,NA,9.44930747666458,24.6963690624676
2072-04-18 12:00:00,2072,4,18,NA,11.9541143226936,29.5567329354542
2072-04-19 12:00:00,2072,4,19,NA,11.0387297262266,24.7922870951327
2072-04-20 12:00:00,2072,4,20,NA,12.2125136528571,25.0157737222589
2072-04-21 12:00:00,2072,4,21,NA,11.7884198778436,25.3588652119405
2072-04-22 12:00:00,2072,4,22,NA,14.4924245183194,24.4595528919386
2072-04-23 12:00:00,2072,4,23,NA,13.3106405289621,26.0746673564502
2072-04-24 12:00:00,2072,4,24,NA,14.0904220305551,25.627000270564
2072-04-25 12:00:00,2072,4,25,NA,16.3808359239246,23.585965198299
2072-04-26 12:00:00,2072,4,26,NA,13.2865567277329,22.7150304725049
2072-04-27 12:00:00,2072,4,27,NA,14.0768709152985,21.8733409969602
2072-04-28 12:00:00,2072,4,28,NA,10.4790052917032,21.2289478023487
2072-04-29 12:00:00,2072,4,29,NA,15.214386109014,19.7971130409221
2072-04-30 12:00:00,2072,4,30,NA,15.3805871028433,19.5303237217392
2072-05-01 12:00:00,2072,5,1,NA,11.5551205399215,23.2482050536822
2072-05-02 12:00:00,2072,5,2,NA,11.4908162663724,17.8680339190065
2072-05-03 12:00:00,2072,5,3,NA,12.9932405915451,17.8985129955111
2072-05-04 12:00:00,2072,5,4,NA,9.19331177742254,25.8372413968519
2072-05-05 12:00:00,2072,5,5,NA,11.1352753987779,24.0551521479338
2072-05-06 12:00:00,2072,5,6,NA,13.6959596454071,25.4147193834483
2072-05-07 12:00:00,2072,5,7,NA,14.3708770224454,26.7161493649806
2072-05-08 12:00:00,2072,5,8,NA,12.6291519158756,28.5477060459391
2072-05-09 12:00:00,2072,5,9,NA,13.5493094459742,29.6952505389508
2072-05-10 12:00:00,2072,5,10,NA,14.231507664496,26.6578136305496
2072-05-11 12:00:00,2072,5,11,NA,14.5406380042304,27.5752511314507
2072-05-12 12:00:00,2072,5,12,NA,20.6612868619268,27.0303848498055
2072-05-13 12:00:00,2072,5,13,NA,16.053622199885,21.8351999550241
2072-05-14 12:00:00,2072,5,14,NA,13.3785488377,22.7132744714104
2072-05-15 12:00:00,2072,5,15,NA,11.0577317855964,23.8835967522962
2072-05-16 12:00:00,2072,5,16,NA,12.1467287826916,19.9770574569834
2072-05-17 12:00:00,2072,5,17,NA,10.7568530715963,25.9931922716054
2072-05-18 12:00:00,2072,5,18,NA,10.6187387655131,25.5085324647281
2072-05-19 12:00:00,2072,5,19,NA,10.9528303424811,26.483542609985
2072-05-20 12:00:00,2072,5,20,NA,10.9599033320562,28.9425217610025
2072-05-21 12:00:00,2072,5,21,NA,12.9763408609075,30.7508052453471
2072-05-22 12:00:00,2072,5,22,NA,15.5834272892157,32.2144663489021
2072-05-23 12:00:00,2072,5,23,NA,16.8540831335128,32.6118726611329
2072-05-24 12:00:00,2072,5,24,NA,19.1703950464319,32.3268961579294
2072-05-25 12:00:00,2072,5,25,NA,18.7949525329835,33.0934469939928
2072-05-26 12:00:00,2072,5,26,NA,18.5474032631363,32.2462573920666
2072-05-27 12:00:00,2072,5,27,NA,17.6214124640686,30.6132885803091
2072-05-28 12:00:00,2072,5,28,NA,18.6915050826267,29.9760515032495
2072-05-29 12:00:00,2072,5,29,NA,18.0618559691841,24.4035531024559
2072-05-30 12:00:00,2072,5,30,NA,17.8219913299468,31.4021560970193
2072-05-31 12:00:00,2072,5,31,NA,17.6573707604462,30.301737662801
2072-06-01 12:00:00,2072,6,1,NA,18.6046009490764,36.5872193780228
2072-06-02 12:00:00,2072,6,2,NA,19.6757121319605,35.5942662620241
2072-06-03 12:00:00,2072,6,3,NA,22.9961731584582,30.0452280941022
2072-06-04 12:00:00,2072,6,4,NA,23.5801503342209,26.1946130721203
2072-06-05 12:00:00,2072,6,5,NA,20.2854221554204,25.9341657840585
2072-06-06 12:00:00,2072,6,6,NA,19.7152558356711,27.8018073505272
2072-06-07 12:00:00,2072,6,7,NA,19.1825000583135,30.8560543208439
2072-06-08 12:00:00,2072,6,8,NA,20.5761634789365,29.5916645854558
2072-06-09 12:00:00,2072,6,9,NA,18.0931863922381,24.7042970623791
2072-06-10 12:00:00,2072,6,10,NA,19.1998164140852,25.9337429841055
2072-06-11 12:00:00,2072,6,11,NA,18.3167022728349,29.9902565353653
2072-06-12 12:00:00,2072,6,12,NA,17.3214926099941,27.3817833099344
2072-06-13 12:00:00,2072,6,13,NA,17.3359258850443,29.7598868075384
2072-06-14 12:00:00,2072,6,14,NA,19.6036307025302,25.942284078714
2072-06-15 12:00:00,2072,6,15,NA,17.1463180358771,31.0099036886103
2072-06-16 12:00:00,2072,6,16,NA,20.5924508382845,31.6569395814434
2072-06-17 12:00:00,2072,6,17,NA,22.8914865608148,30.2260410981906
2072-06-18 12:00:00,2072,6,18,NA,21.9644646355478,29.397254152059
2072-06-19 12:00:00,2072,6,19,NA,18.4980233768418,29.4972396521677
2072-06-20 12:00:00,2072,6,20,NA,19.4826111066959,32.5730349753007
2072-06-21 12:00:00,2072,6,21,NA,21.2331324298581,29.6881001448252
2072-06-22 12:00:00,2072,6,22,NA,19.5057502765864,26.8403048139622
2072-06-23 12:00:00,2072,6,23,NA,19.6455588134344,30.762171453542
2072-06-24 12:00:00,2072,6,24,NA,16.6843837813365,28.8612351886215
2072-06-25 12:00:00,2072,6,25,NA,19.7563088972152,29.6044306009937
2072-06-26 12:00:00,2072,6,26,NA,20.0086228140665,32.6938934470835
2072-06-27 12:00:00,2072,6,27,NA,19.2728225709631,32.0847411406643
2072-06-28 12:00:00,2072,6,28,NA,23.1992579001089,28.2347435115701
2072-06-29 12:00:00,2072,6,29,NA,21.8712434374691,29.9568095338523
2072-06-30 12:00:00,2072,6,30,NA,25.4412962136851,28.0557589515845
2072-07-01 12:00:00,2072,7,1,NA,24.2569164513879,26.5458784707287
2072-07-02 12:00:00,2072,7,2,NA,21.7409930445926,31.3259497168213
2072-07-03 12:00:00,2072,7,3,NA,22.8117406115929,29.1542409461204
2072-07-04 12:00:00,2072,7,4,NA,21.6795026087436,29.5429719504146
2072-07-05 12:00:00,2072,7,5,NA,22.5764360596101,32.5198091047686
2072-07-06 12:00:00,2072,7,6,NA,23.7009186016859,34.0128420094986
2072-07-07 12:00:00,2072,7,7,NA,27.0445050768264,30.9757577293391
2072-07-08 12:00:00,2072,7,8,NA,23.6351084958394,26.9174829912646
2072-07-09 12:00:00,2072,7,9,NA,20.9530090416723,24.4065409609021
2072-07-10 12:00:00,2072,7,10,NA,19.8007743729834,26.9849158992192
2072-07-11 12:00:00,2072,7,11,NA,21.3398140148525,30.7915713823406
2072-07-12 12:00:00,2072,7,12,NA,23.5075216794528,32.6235889319081
2072-07-13 12:00:00,2072,7,13,NA,24.621644817156,33.194385617284
2072-07-14 12:00:00,2072,7,14,NA,24.3401308840403,34.3654889109964
2072-07-15 12:00:00,2072,7,15,NA,21.107478457593,25.0441293475681
2072-07-16 12:00:00,2072,7,16,NA,19.5078147783899,25.2369617173178
2072-07-17 12:00:00,2072,7,17,NA,21.2543401485281,26.1969120698534
2072-07-18 12:00:00,2072,7,18,NA,21.0542889482259,24.6723565747666
2072-07-19 12:00:00,2072,7,19,NA,19.6639430304053,26.5272201395403
2072-07-20 12:00:00,2072,7,20,NA,22.9321873077633,28.7841513515303
2072-07-21 12:00:00,2072,7,21,NA,23.7806545818283,30.7955753867177
2072-07-22 12:00:00,2072,7,22,NA,23.6256225954251,32.4237967384203
2072-07-23 12:00:00,2072,7,23,NA,23.9820914624227,31.5070943473804
2072-07-24 12:00:00,2072,7,24,NA,22.5577789618407,30.6611463369112
2072-07-25 12:00:00,2072,7,25,NA,20.9673126390038,28.6026891039238
2072-07-26 12:00:00,2072,7,26,NA,22.1003888449629,31.7199030345357
2072-07-27 12:00:00,2072,7,27,NA,21.9930081207317,32.0183661476878
2072-07-28 12:00:00,2072,7,28,NA,22.4973992283887,29.4331670314261
2072-07-29 12:00:00,2072,7,29,NA,21.4198488687032,26.3817373559556
2072-07-30 12:00:00,2072,7,30,NA,23.0612837412768,28.2045791661181
2072-07-31 12:00:00,2072,7,31,NA,23.0878790769135,31.1663588609402
2072-08-01 12:00:00,2072,8,1,NA,21.916300499217,31.7143996381389
2072-08-02 12:00:00,2072,8,2,NA,24.5324127898317,37.2351328848309
2072-08-03 12:00:00,2072,8,3,NA,24.7256793428137,34.9368696048897
2072-08-04 12:00:00,2072,8,4,NA,27.1201259465499,35.7554943258505
2072-08-05 12:00:00,2072,8,5,NA,25.5930954608678,35.7923367733147
2072-08-06 12:00:00,2072,8,6,NA,26.9295183045423,36.8333069163675
2072-08-07 12:00:00,2072,8,7,NA,28.524377454801,34.8872242798919
2072-08-08 12:00:00,2072,8,8,NA,27.7783358321444,32.4810025657892
2072-08-09 12:00:00,2072,8,9,NA,25.8400379871889,35.1311893415749
2072-08-10 12:00:00,2072,8,10,NA,26.7904756770002,31.5874372896167
2072-08-11 12:00:00,2072,8,11,NA,25.6947752252562,33.2239213976357
2072-08-12 12:00:00,2072,8,12,NA,23.5445224596905,29.5250685986144
2072-08-13 12:00:00,2072,8,13,NA,24.70832047268,33.5948489604808
2072-08-14 12:00:00,2072,8,14,NA,24.0202421589134,35.1219076109758
2072-08-15 12:00:00,2072,8,15,NA,25.6448456135728,36.6022024976409
2072-08-16 12:00:00,2072,8,16,NA,26.7934919532125,36.4196481883664
2072-08-17 12:00:00,2072,8,17,NA,25.9275515755721,35.1898268395915
2072-08-18 12:00:00,2072,8,18,NA,26.5490833614791,32.5937215605895
2072-08-19 12:00:00,2072,8,19,NA,25.63838388418,30.3456278671492
2072-08-20 12:00:00,2072,8,20,NA,23.7133065280895,33.3191394531855
2072-08-21 12:00:00,2072,8,21,NA,24.9300034043735,33.5652604107233
2072-08-22 12:00:00,2072,8,22,NA,23.9531823713594,35.2997715228372
2072-08-23 12:00:00,2072,8,23,NA,22.6938137116565,31.5224692883885
2072-08-24 12:00:00,2072,8,24,NA,23.6228466348111,34.2181242060234
2072-08-25 12:00:00,2072,8,25,NA,24.033424308026,30.1391693482052
2072-08-26 12:00:00,2072,8,26,NA,22.9415064019472,31.0091123955029
2072-08-27 12:00:00,2072,8,27,NA,21.8916660528732,30.4342416219124
2072-08-28 12:00:00,2072,8,28,NA,21.3724657920533,32.9124102094581
2072-08-29 12:00:00,2072,8,29,NA,22.5155515932539,30.3267608102094
2072-08-30 12:00:00,2072,8,30,NA,22.5950784269599,32.2295420303343
2072-08-31 12:00:00,2072,8,31,NA,22.8967296306322,32.307560447012
2072-09-01 12:00:00,2072,9,1,NA,26.5855568407917,31.552351553496
2072-09-02 12:00:00,2072,9,2,NA,23.7879366535589,31.8502806836611
2072-09-03 12:00:00,2072,9,3,NA,22.9756022265878,31.6046044536885
2072-09-04 12:00:00,2072,9,4,NA,22.7743770566748,31.3971377856066
2072-09-05 12:00:00,2072,9,5,NA,20.8514373652599,29.4762924815068
2072-09-06 12:00:00,2072,9,6,NA,21.1201236831782,25.4465520123802
2072-09-07 12:00:00,2072,9,7,NA,19.8284848197827,25.5952638827595
2072-09-08 12:00:00,2072,9,8,NA,19.3837741854369,31.4911920529663
2072-09-09 12:00:00,2072,9,9,NA,19.7802356232066,31.6465977426783
2072-09-10 12:00:00,2072,9,10,NA,19.6162949253601,31.1775257779157
2072-09-11 12:00:00,2072,9,11,NA,19.5859744556615,27.8617374600838
2072-09-12 12:00:00,2072,9,12,NA,18.26827020074,28.8072653994924
2072-09-13 12:00:00,2072,9,13,NA,17.9631517872486,29.4607992002425
2072-09-14 12:00:00,2072,9,14,NA,17.0833401824731,28.862539700643
2072-09-15 12:00:00,2072,9,15,NA,14.9083766454236,23.8827680993836
2072-09-16 12:00:00,2072,9,16,NA,12.6286043772348,24.4064930174432
2072-09-17 12:00:00,2072,9,17,NA,13.9116973187794,25.1209168094752
2072-09-18 12:00:00,2072,9,18,NA,18.1300501176147,29.0766950339487
2072-09-19 12:00:00,2072,9,19,NA,16.1154596004089,29.269491204861
2072-09-20 12:00:00,2072,9,20,NA,18.0353972583471,22.2477274907837
2072-09-21 12:00:00,2072,9,21,NA,15.9630692505267,22.0505360821112
2072-09-22 12:00:00,2072,9,22,NA,14.6054468755353,24.2262153623216
2072-09-23 12:00:00,2072,9,23,NA,15.704794453534,24.0779796333206
2072-09-24 12:00:00,2072,9,24,NA,15.9882566364509,24.8540612779208
2072-09-25 12:00:00,2072,9,25,NA,15.4571722550173,27.072586741188
2072-09-26 12:00:00,2072,9,26,NA,14.7814711913064,28.0697345865779
2072-09-27 12:00:00,2072,9,27,NA,18.1928921949232,23.5839747713349
2072-09-28 12:00:00,2072,9,28,NA,17.4608499644492,22.1044170917029
2072-09-29 12:00:00,2072,9,29,NA,16.0030471502363,23.4236315632919
2072-09-30 12:00:00,2072,9,30,NA,12.7190585644237,22.6969283047696
2072-10-01 12:00:00,2072,10,1,NA,13.5267985347327,23.71062591382
2072-10-02 12:00:00,2072,10,2,NA,15.294496349625,26.6533467053364
2072-10-03 12:00:00,2072,10,3,NA,13.7211687086659,30.6786446526502
2072-10-04 12:00:00,2072,10,4,NA,14.4289286931894,29.0840483646077
2072-10-05 12:00:00,2072,10,5,NA,14.7866788161524,30.3832243681539
2072-10-06 12:00:00,2072,10,6,NA,15.0306574895803,21.7227045219529
2072-10-07 12:00:00,2072,10,7,NA,15.5080160091965,23.1465009348073
2072-10-08 12:00:00,2072,10,8,NA,16.5567438824692,26.585171680039
2072-10-09 12:00:00,2072,10,9,NA,14.2332796144825,23.7779391763651
2072-10-10 12:00:00,2072,10,10,NA,14.9294574689671,26.4925748051871
2072-10-11 12:00:00,2072,10,11,NA,13.5162183180665,25.6679821872804
2072-10-12 12:00:00,2072,10,12,NA,12.601418148045,22.3325041995791
2072-10-13 12:00:00,2072,10,13,NA,12.5386188239834,22.2427949620949
2072-10-14 12:00:00,2072,10,14,NA,12.4445339441661,25.0079077246008
2072-10-15 12:00:00,2072,10,15,NA,11.0683254899185,25.7018274830074
2072-10-16 12:00:00,2072,10,16,NA,12.2638947053642,27.3437463515544
2072-10-17 12:00:00,2072,10,17,NA,12.9306344937794,26.4554274001142
2072-10-18 12:00:00,2072,10,18,NA,11.4648505795459,25.9587887471962
2072-10-19 12:00:00,2072,10,19,NA,11.2811720915559,23.2263471946637
2072-10-20 12:00:00,2072,10,20,NA,10.198543821437,24.4204079805283
2072-10-21 12:00:00,2072,10,21,NA,13.3018977299723,24.5025800478837
2072-10-22 12:00:00,2072,10,22,NA,12.5179794235803,25.1972326933189
2072-10-23 12:00:00,2072,10,23,NA,12.884488006059,22.693597881329
2072-10-24 12:00:00,2072,10,24,NA,11.8011516164279,20.9858066611921
2072-10-25 12:00:00,2072,10,25,NA,10.7864276569393,20.7365611275683
2072-10-26 12:00:00,2072,10,26,NA,9.37215933140381,18.9635091872152
2072-10-27 12:00:00,2072,10,27,NA,7.21975469836212,18.0861111503896
2072-10-28 12:00:00,2072,10,28,NA,10.7346762355835,19.4587799758899
2072-10-29 12:00:00,2072,10,29,NA,10.3050319085398,20.4004618308669
2072-10-30 12:00:00,2072,10,30,NA,7.22413152145932,19.7231998360813
2072-10-31 12:00:00,2072,10,31,NA,8.14260748077015,17.7564591346059
2072-11-01 12:00:00,2072,11,1,NA,7.84247567746816,18.4617531350518
2072-11-02 12:00:00,2072,11,2,NA,8.69923497140146,12.7046031979473
2072-11-03 12:00:00,2072,11,3,NA,4.32002308138821,15.0658076405974
2072-11-04 12:00:00,2072,11,4,NA,11.0184445052955,23.6132067124711
2072-11-05 12:00:00,2072,11,5,NA,14.0871352512401,19.2483111164258
2072-11-06 12:00:00,2072,11,6,NA,5.85179671225226,16.0872349773324
2072-11-07 12:00:00,2072,11,7,NA,8.38083067682537,17.9028760422059
2072-11-08 12:00:00,2072,11,8,NA,4.13916136999778,16.2253288574309
2072-11-09 12:00:00,2072,11,9,NA,1.58579594872523,15.1331297983177
2072-11-10 12:00:00,2072,11,10,NA,2.62207806231334,14.6381701553682
2072-11-11 12:00:00,2072,11,11,NA,6.39637988296306,17.6555627370473
2072-11-12 12:00:00,2072,11,12,NA,5.65852330053117,17.7446907879643
2072-11-13 12:00:00,2072,11,13,NA,5.77984878126811,17.564145836428
2072-11-14 12:00:00,2072,11,14,NA,7.05380988963508,19.0666593997077
2072-11-15 12:00:00,2072,11,15,NA,5.72232378551242,16.4177932190267
2072-11-16 12:00:00,2072,11,16,NA,0.957841438780111,12.2228744428127
2072-11-17 12:00:00,2072,11,17,NA,1.05096106735403,9.85978337826443
2072-11-18 12:00:00,2072,11,18,NA,-1.533308339821,7.53682462699179
2072-11-19 12:00:00,2072,11,19,NA,-0.950116012159539,9.85854115444921
2072-11-20 12:00:00,2072,11,20,NA,-2.0006725944891,16.5275631772675
2072-11-21 12:00:00,2072,11,21,NA,-1.13729697406504,17.5849258028773
2072-11-22 12:00:00,2072,11,22,NA,2.41669511562657,16.1618884410339
2072-11-23 12:00:00,2072,11,23,NA,1.75064821204905,16.9847528793394
2072-11-24 12:00:00,2072,11,24,NA,3.13513463716062,17.155675377369
2072-11-25 12:00:00,2072,11,25,NA,5.09650085290558,14.2137872523324
2072-11-26 12:00:00,2072,11,26,NA,5.97442406494055,12.6970121866863
2072-11-27 12:00:00,2072,11,27,NA,3.19417534640373,11.6122715290114
2072-11-28 12:00:00,2072,11,28,NA,2.55078283626055,11.3397982943676
2072-11-29 12:00:00,2072,11,29,NA,-0.505939363685836,5.80553752603209
2072-11-30 12:00:00,2072,11,30,NA,-1.31668317395575,1.73260983858878
2072-12-01 12:00:00,2072,12,1,NA,-2.11829482343534,4.03875233423899
2072-12-02 12:00:00,2072,12,2,NA,0.140798637342767,5.88893217227555
2072-12-03 12:00:00,2072,12,3,NA,-1.35511865927847,7.86135987412851
2072-12-04 12:00:00,2072,12,4,NA,-1.08615670819518,10.8080019395269
2072-12-05 12:00:00,2072,12,5,NA,-1.92389017094376,11.6445531736994
2072-12-06 12:00:00,2072,12,6,NA,1.12090730572179,11.3994582911852
2072-12-07 12:00:00,2072,12,7,NA,2.58576644038301,11.7889191188311
2072-12-08 12:00:00,2072,12,8,NA,-1.74599393272451,6.8458769474582
2072-12-09 12:00:00,2072,12,9,NA,-3.4520633061469,5.4535625821199
2072-12-10 12:00:00,2072,12,10,NA,-0.735444098388057,5.54764441153724
2072-12-11 12:00:00,2072,12,11,NA,-3.93979213354391,7.97721268160638
2072-12-12 12:00:00,2072,12,12,NA,-4.18920638313473,7.92828158169246
2072-12-13 12:00:00,2072,12,13,NA,-4.20428580587171,7.83960798973739
2072-12-14 12:00:00,2072,12,14,NA,-5.34415438971257,5.36880753341488
2072-12-15 12:00:00,2072,12,15,NA,-2.80231271975819,6.30247079627292
2072-12-16 12:00:00,2072,12,16,NA,-3.77053682894482,7.73464409174414
2072-12-17 12:00:00,2072,12,17,NA,-2.82470740111696,11.5551507769715
2072-12-18 12:00:00,2072,12,18,NA,-3.95241820585,11.7241111601013
2072-12-19 12:00:00,2072,12,19,NA,-4.25249666578652,13.588754737906
2072-12-20 12:00:00,2072,12,20,NA,-2.1764957466937,10.0173301208865
2072-12-21 12:00:00,2072,12,21,NA,-2.18397688943666,11.9863145052382
2072-12-22 12:00:00,2072,12,22,NA,-0.524057236959947,8.57434217995115
2072-12-23 12:00:00,2072,12,23,NA,-1.86009249758463,9.24847571156552
2072-12-24 12:00:00,2072,12,24,NA,1.77928661201155,12.310335611642
2072-12-25 12:00:00,2072,12,25,NA,0.561195190542338,10.9197358639485
2072-12-26 12:00:00,2072,12,26,NA,1.18848194215732,3.51864234187589
2072-12-27 12:00:00,2072,12,27,NA,0.683138745651792,1.99373845925271
2072-12-28 12:00:00,2072,12,28,NA,-4.49439582773523,-2.16423542801666
2072-12-29 12:00:00,2072,12,29,NA,-5.72887605453442,2.35986403618112
2072-12-30 12:00:00,2072,12,30,NA,-8.19130967990138,3.4305465372747
2072-12-31 12:00:00,2072,12,31,NA,-6.59217207677517,-1.31298770889008
2073-01-01 12:00:00,2073,1,1,NA,-7.08039678496283,3.30979396030656
2073-01-02 12:00:00,2073,1,2,NA,-4.97192224544825,5.86343284382854
2073-01-03 12:00:00,2073,1,3,NA,-1.97555805891442,5.54860895972097
2073-01-04 12:00:00,2073,1,4,NA,-3.00974814246573,8.81414933428196
2073-01-05 12:00:00,2073,1,5,NA,-7.02788092935835,4.23052067196
2073-01-06 12:00:00,2073,1,6,NA,-7.04967134905893,4.25542604812419
2073-01-07 12:00:00,2073,1,7,NA,-5.00127781760559,5.21279312133679
2073-01-08 12:00:00,2073,1,8,NA,-2.68325664524837,9.25826882636965
2073-01-09 12:00:00,2073,1,9,NA,-2.86006881056614,9.70093624169867
2073-01-10 12:00:00,2073,1,10,NA,-2.70881554497058,8.71686024693857
2073-01-11 12:00:00,2073,1,11,NA,-1.00862939478671,10.4600495535
2073-01-12 12:00:00,2073,1,12,NA,-0.236220201831688,12.1387821010408
2073-01-13 12:00:00,2073,1,13,NA,-0.159096046022493,10.9123830951964
2073-01-14 12:00:00,2073,1,14,NA,0.34137484079016,5.3818429748789
2073-01-15 12:00:00,2073,1,15,NA,-0.594966062674787,5.43273454786428
2073-01-16 12:00:00,2073,1,16,NA,-7.53699854995967,3.49643475427135
2073-01-17 12:00:00,2073,1,17,NA,-6.55330049356742,0.445653023975606
2073-01-18 12:00:00,2073,1,18,NA,-4.76179039474454,3.28053042723553
2073-01-19 12:00:00,2073,1,19,NA,-6.82909793956965,0.997660835081282
2073-01-20 12:00:00,2073,1,20,NA,-10.5620677895444,-1.94343508032264
2073-01-21 12:00:00,2073,1,21,NA,-7.64258079818895,2.00740806206514
2073-01-22 12:00:00,2073,1,22,NA,-1.93150554443017,7.33503462468247
2073-01-23 12:00:00,2073,1,23,NA,-4.18798141101901,3.26637592320361
2073-01-24 12:00:00,2073,1,24,NA,-4.74538269635293,4.14852998307942
2073-01-25 12:00:00,2073,1,25,NA,-3.79122218993966,5.07985927511903
2073-01-26 12:00:00,2073,1,26,NA,-5.64463008594956,1.05987084018947
2073-01-27 12:00:00,2073,1,27,NA,-3.91414442389179,3.18405437189828
2073-01-28 12:00:00,2073,1,28,NA,-3.8485966256271,7.04225127435592
2073-01-29 12:00:00,2073,1,29,NA,-0.947091275879904,8.43220145061433
2073-01-30 12:00:00,2073,1,30,NA,-2.18673578688141,9.12911821212943
2073-01-31 12:00:00,2073,1,31,NA,3.8898996046187,12.1577842593974
2073-02-01 12:00:00,2073,2,1,NA,-0.618591049613868,5.57781098114807
2073-02-02 12:00:00,2073,2,2,NA,-7.67371655469616,0.379184550796178
2073-02-03 12:00:00,2073,2,3,NA,-6.79201997772594,2.60780784958895
2073-02-04 12:00:00,2073,2,4,NA,-6.76675797719489,5.20837038267212
2073-02-05 12:00:00,2073,2,5,NA,-6.40283661382168,2.05178612684936
2073-02-06 12:00:00,2073,2,6,NA,-3.46633043091067,7.98569037590394
2073-02-07 12:00:00,2073,2,7,NA,-2.98701433005994,11.9818763995227
2073-02-08 12:00:00,2073,2,8,NA,-3.04514889958292,6.90366753622845
2073-02-09 12:00:00,2073,2,9,NA,-1.48753678615552,6.86645622663775
2073-02-10 12:00:00,2073,2,10,NA,0.318316718623953,11.2016727889447
2073-02-11 12:00:00,2073,2,11,NA,3.35508168656784,13.4298796517314
2073-02-12 12:00:00,2073,2,12,NA,3.43234868046666,10.6462423404954
2073-02-13 12:00:00,2073,2,13,NA,3.65594846096366,13.3140629317368
2073-02-14 12:00:00,2073,2,14,NA,-3.67731476562646,3.76081010765597
2073-02-15 12:00:00,2073,2,15,NA,-6.17367633567097,7.54104412633086
2073-02-16 12:00:00,2073,2,16,NA,-4.46750822749873,7.55889450948327
2073-02-17 12:00:00,2073,2,17,NA,-4.98260086156047,14.1517811564857
2073-02-18 12:00:00,2073,2,18,NA,-1.82662164852491,13.755927287834
2073-02-19 12:00:00,2073,2,19,NA,-3.80068134437498,11.3130628216895
2073-02-20 12:00:00,2073,2,20,NA,-0.489322460059054,18.1451442926685
2073-02-21 12:00:00,2073,2,21,NA,0.0736873792645545,14.6489683308698
2073-02-22 12:00:00,2073,2,22,NA,0.775543951922963,16.1711811238095
2073-02-23 12:00:00,2073,2,23,NA,1.60918878757717,17.5653528888852
2073-02-24 12:00:00,2073,2,24,NA,4.04502050706014,16.55617552492
2073-02-25 12:00:00,2073,2,25,NA,-0.875371648196493,8.38682677029463
2073-02-26 12:00:00,2073,2,26,NA,-3.20623836352305,5.95118007095836
2073-02-27 12:00:00,2073,2,27,NA,-5.88142009809312,1.43934668544433
2073-02-28 12:00:00,2073,2,28,NA,-4.9187575673419,11.8134210295855
2073-03-01 12:00:00,2073,3,1,NA,-2.25994233546801,9.1476582886536
2073-03-02 12:00:00,2073,3,2,NA,0.594751767891673,12.0941798374827
2073-03-03 12:00:00,2073,3,3,NA,7.40513859764601,13.8000803697128
2073-03-04 12:00:00,2073,3,4,NA,4.3443767252263,17.4299967776954
2073-03-05 12:00:00,2073,3,5,NA,1.47876774089011,7.20754618550391
2073-03-06 12:00:00,2073,3,6,NA,0.71858228284832,9.96293495500153
2073-03-07 12:00:00,2073,3,7,NA,0.0996456286218894,14.3501091613667
2073-03-08 12:00:00,2073,3,8,NA,-1.45593803099831,13.8850037303043
2073-03-09 12:00:00,2073,3,9,NA,1.71974970672044,10.1863587347747
2073-03-10 12:00:00,2073,3,10,NA,-1.94325793078774,9.44055815086783
2073-03-11 12:00:00,2073,3,11,NA,-0.370500413118693,13.8364466491801
2073-03-12 12:00:00,2073,3,12,NA,-5.17573748469178,15.4592996014311
2073-03-13 12:00:00,2073,3,13,NA,-2.10906518925151,16.1960470953671
2073-03-14 12:00:00,2073,3,14,NA,1.15631703234867,10.035239350205
2073-03-15 12:00:00,2073,3,15,NA,-2.21793128228137,10.9643615124268
2073-03-16 12:00:00,2073,3,16,NA,-1.91689082943343,12.5232050704265
2073-03-17 12:00:00,2073,3,17,NA,0.481302977102398,14.4924295833125
2073-03-18 12:00:00,2073,3,18,NA,2.65866737628224,11.7830735906598
2073-03-19 12:00:00,2073,3,19,NA,1.48681321172904,12.2207892524691
2073-03-20 12:00:00,2073,3,20,NA,3.46521251932722,12.4628938491991
2073-03-21 12:00:00,2073,3,21,NA,4.75932457688101,15.1197111728282
2073-03-22 12:00:00,2073,3,22,NA,6.14948755116405,15.6610590921939
2073-03-23 12:00:00,2073,3,23,NA,4.82741817114444,19.9885234557032
2073-03-24 12:00:00,2073,3,24,NA,8.17185754037644,18.6083542638086
2073-03-25 12:00:00,2073,3,25,NA,8.3247142370206,15.4200816418347
2073-03-26 12:00:00,2073,3,26,NA,6.08845521405189,16.9757220057455
2073-03-27 12:00:00,2073,3,27,NA,8.63689332708535,19.2571775897787
2073-03-28 12:00:00,2073,3,28,NA,4.32701803358259,20.2126013077958
2073-03-29 12:00:00,2073,3,29,NA,3.78400005706744,21.926719021999
2073-03-30 12:00:00,2073,3,30,NA,5.32557130606792,15.2080849460754
2073-03-31 12:00:00,2073,3,31,NA,2.45910833214732,12.0367939933395
2073-04-01 12:00:00,2073,4,1,NA,1.71039914153107,18.347118483252
2073-04-02 12:00:00,2073,4,2,NA,4.2067303140259,20.9267094114201
2073-04-03 12:00:00,2073,4,3,NA,4.3939889411796,22.3617988471437
2073-04-04 12:00:00,2073,4,4,NA,5.71935386531296,21.3409871343455
2073-04-05 12:00:00,2073,4,5,NA,3.38410343309783,16.9183168678726
2073-04-06 12:00:00,2073,4,6,NA,4.57728959611481,16.3952732435221
2073-04-07 12:00:00,2073,4,7,NA,4.54931402060563,20.3531028197337
2073-04-08 12:00:00,2073,4,8,NA,4.30094004378937,19.0372286545312
2073-04-09 12:00:00,2073,4,9,NA,7.95889378009506,15.3207005437125
2073-04-10 12:00:00,2073,4,10,NA,3.14795020991959,18.0210621740015
2073-04-11 12:00:00,2073,4,11,NA,4.61944704840586,15.5348008718435
2073-04-12 12:00:00,2073,4,12,NA,6.17678658664431,12.4492434684203
2073-04-13 12:00:00,2073,4,13,NA,6.18896293417513,16.2317521400455
2073-04-14 12:00:00,2073,4,14,NA,6.09851397279622,13.7838636333757
2073-04-15 12:00:00,2073,4,15,NA,5.67092561617826,15.6898132783018
2073-04-16 12:00:00,2073,4,16,NA,6.10808932853527,16.3664782107656
2073-04-17 12:00:00,2073,4,17,NA,6.77264356078179,15.3376549208737
2073-04-18 12:00:00,2073,4,18,NA,5.55326389221353,15.4271595811804
2073-04-19 12:00:00,2073,4,19,NA,8.56753696686004,17.4891491572278
2073-04-20 12:00:00,2073,4,20,NA,8.62284879716291,14.566048524673
2073-04-21 12:00:00,2073,4,21,NA,6.91595782675561,17.3217578201593
2073-04-22 12:00:00,2073,4,22,NA,7.43050227733993,22.1632083725398
2073-04-23 12:00:00,2073,4,23,NA,6.6525733158255,20.8384592645928
2073-04-24 12:00:00,2073,4,24,NA,7.60812090227602,19.245541265277
2073-04-25 12:00:00,2073,4,25,NA,11.1680778874404,22.0717223642122
2073-04-26 12:00:00,2073,4,26,NA,10.9841513885565,26.8424976151127
2073-04-27 12:00:00,2073,4,27,NA,12.9028148776823,25.7807306641112
2073-04-28 12:00:00,2073,4,28,NA,12.9933223679482,28.1237708959769
2073-04-29 12:00:00,2073,4,29,NA,10.9620878923955,28.4531427362676
2073-04-30 12:00:00,2073,4,30,NA,10.3402728675054,27.337377047135
2073-05-01 12:00:00,2073,5,1,NA,11.2130775519761,26.2125285840221
2073-05-02 12:00:00,2073,5,2,NA,12.344526665602,28.0468027772072
2073-05-03 12:00:00,2073,5,3,NA,16.6672498754536,25.6879299416909
2073-05-04 12:00:00,2073,5,4,NA,19.3784839697307,26.9912817999872
2073-05-05 12:00:00,2073,5,5,NA,15.0500357061386,26.9048397659282
2073-05-06 12:00:00,2073,5,6,NA,15.7903427196963,26.3808806286563
2073-05-07 12:00:00,2073,5,7,NA,17.0408869516383,24.6536847818948
2073-05-08 12:00:00,2073,5,8,NA,13.1446407093447,27.3129586829195
2073-05-09 12:00:00,2073,5,9,NA,12.1479303243487,27.0742684097405
2073-05-10 12:00:00,2073,5,10,NA,15.2779465887528,22.2480681171528
2073-05-11 12:00:00,2073,5,11,NA,14.3238770329129,24.1258821600099
2073-05-12 12:00:00,2073,5,12,NA,16.473927943627,19.0817513582601
2073-05-13 12:00:00,2073,5,13,NA,12.7581458530457,15.5287234257537
2073-05-14 12:00:00,2073,5,14,NA,10.6640097599255,19.5458816263539
2073-05-15 12:00:00,2073,5,15,NA,11.8420052113912,22.6745511637986
2073-05-16 12:00:00,2073,5,16,NA,11.747248386236,28.0491407933742
2073-05-17 12:00:00,2073,5,17,NA,15.2074622304208,27.4462111462303
2073-05-18 12:00:00,2073,5,18,NA,17.3960709787055,25.378334070405
2073-05-19 12:00:00,2073,5,19,NA,14.9108681475579,26.7656722073475
2073-05-20 12:00:00,2073,5,20,NA,15.6946733981888,30.0956006081683
2073-05-21 12:00:00,2073,5,21,NA,15.1118151686407,29.1664886619424
2073-05-22 12:00:00,2073,5,22,NA,17.5787564374499,28.8345086127079
2073-05-23 12:00:00,2073,5,23,NA,15.9454947836343,30.1086642053237
2073-05-24 12:00:00,2073,5,24,NA,16.4982790217139,31.0636050218879
2073-05-25 12:00:00,2073,5,25,NA,17.5133493414837,28.062950786524
2073-05-26 12:00:00,2073,5,26,NA,20.654665058874,23.5903424249153
2073-05-27 12:00:00,2073,5,27,NA,17.4983206658448,21.9313046804608
2073-05-28 12:00:00,2073,5,28,NA,13.5115599990123,19.3810834312081
2073-05-29 12:00:00,2073,5,29,NA,12.9862997558892,21.9129578014537
2073-05-30 12:00:00,2073,5,30,NA,15.1285247645304,27.5628467505257
2073-05-31 12:00:00,2073,5,31,NA,11.982988776224,28.0618694522052
2073-06-01 12:00:00,2073,6,1,NA,14.1375323568238,29.5707259845763
2073-06-02 12:00:00,2073,6,2,NA,16.1244580249568,28.2427433351326
2073-06-03 12:00:00,2073,6,3,NA,17.2916165479311,30.8107793595819
2073-06-04 12:00:00,2073,6,4,NA,20.4182499167636,33.0784635823139
2073-06-05 12:00:00,2073,6,5,NA,19.7629347324417,32.0154859158589
2073-06-06 12:00:00,2073,6,6,NA,22.5225530774474,25.7620609464907
2073-06-07 12:00:00,2073,6,7,NA,19.6741143945384,28.7607952674334
2073-06-08 12:00:00,2073,6,8,NA,21.6285149496099,26.8869158535893
2073-06-09 12:00:00,2073,6,9,NA,19.9611442868911,25.770095542195
2073-06-10 12:00:00,2073,6,10,NA,19.9183540550821,28.1750493941262
2073-06-11 12:00:00,2073,6,11,NA,18.1538435353514,30.8872592702505
2073-06-12 12:00:00,2073,6,12,NA,17.8917393069295,33.7347213819738
2073-06-13 12:00:00,2073,6,13,NA,19.4676776650953,32.5581015337002
2073-06-14 12:00:00,2073,6,14,NA,20.1434906576775,28.5984583726447
2073-06-15 12:00:00,2073,6,15,NA,19.202796751458,28.3289590573422
2073-06-16 12:00:00,2073,6,16,NA,19.5533772845719,30.7200133947817
2073-06-17 12:00:00,2073,6,17,NA,18.6113246070664,31.2287632060195
2073-06-18 12:00:00,2073,6,18,NA,20.4190896092644,27.4698629731626
2073-06-19 12:00:00,2073,6,19,NA,18.208164404629,29.9758519928143
2073-06-20 12:00:00,2073,6,20,NA,18.7453328785143,25.3035533586226
2073-06-21 12:00:00,2073,6,21,NA,18.9826610787696,25.9986153428965
2073-06-22 12:00:00,2073,6,22,NA,17.8531731208792,20.8817803536563
2073-06-23 12:00:00,2073,6,23,NA,17.1658156033859,25.8894946281946
2073-06-24 12:00:00,2073,6,24,NA,17.9573208927443,29.3211065463871
2073-06-25 12:00:00,2073,6,25,NA,20.2626631949203,29.8365656685053
2073-06-26 12:00:00,2073,6,26,NA,19.4157419209146,30.4002074777747
2073-06-27 12:00:00,2073,6,27,NA,20.4529109503346,24.4755110117057
2073-06-28 12:00:00,2073,6,28,NA,19.3884998143554,24.8017444586623
2073-06-29 12:00:00,2073,6,29,NA,16.979821747918,23.3184751241018
2073-06-30 12:00:00,2073,6,30,NA,19.4833053294897,26.2144022330514
2073-07-01 12:00:00,2073,7,1,NA,19.6865721976366,27.6215203435787
2073-07-02 12:00:00,2073,7,2,NA,21.1788388367516,27.2463558073896
2073-07-03 12:00:00,2073,7,3,NA,20.769443016671,28.6148393792921
2073-07-04 12:00:00,2073,7,4,NA,21.0396505191661,29.6123913192941
2073-07-05 12:00:00,2073,7,5,NA,21.9702835711813,30.0901503948528
2073-07-06 12:00:00,2073,7,6,NA,23.319590725073,30.2235636134311
2073-07-07 12:00:00,2073,7,7,NA,23.6668128465925,30.6844091257987
2073-07-08 12:00:00,2073,7,8,NA,22.0090889466349,31.5341752404666
2073-07-09 12:00:00,2073,7,9,NA,22.6253529217356,30.691638617088
2073-07-10 12:00:00,2073,7,10,NA,23.5723648324069,32.072643330407
2073-07-11 12:00:00,2073,7,11,NA,24.4517823303634,32.1779436738276
2073-07-12 12:00:00,2073,7,12,NA,25.577034984203,31.396079524453
2073-07-13 12:00:00,2073,7,13,NA,25.557562863466,33.7932183334342
2073-07-14 12:00:00,2073,7,14,NA,25.0542083660804,32.8360147766719
2073-07-15 12:00:00,2073,7,15,NA,24.4125659083135,35.9195723186505
2073-07-16 12:00:00,2073,7,16,NA,25.8820930958308,32.6983242524511
2073-07-17 12:00:00,2073,7,17,NA,22.0480258762522,27.4678974438837
2073-07-18 12:00:00,2073,7,18,NA,22.9585841583544,30.1856543144604
2073-07-19 12:00:00,2073,7,19,NA,23.4622549792266,31.0416608623386
2073-07-20 12:00:00,2073,7,20,NA,23.1704716323027,28.0358672359834
2073-07-21 12:00:00,2073,7,21,NA,23.006482319321,29.0950449591486
2073-07-22 12:00:00,2073,7,22,NA,24.7336379236212,29.912116674855
2073-07-23 12:00:00,2073,7,23,NA,24.829934960281,33.0696852255201
2073-07-24 12:00:00,2073,7,24,NA,23.8043310593952,35.292144931087
2073-07-25 12:00:00,2073,7,25,NA,23.080237019961,29.3843939341418
2073-07-26 12:00:00,2073,7,26,NA,22.5842081955204,30.2168769718381
2073-07-27 12:00:00,2073,7,27,NA,22.302244606348,30.0896684632217
2073-07-28 12:00:00,2073,7,28,NA,25.5181852517148,33.9590901194948
2073-07-29 12:00:00,2073,7,29,NA,28.2169094568176,34.0703904344066
2073-07-30 12:00:00,2073,7,30,NA,26.2149990010026,36.3793017488909
2073-07-31 12:00:00,2073,7,31,NA,25.3705696263795,31.3174763333381
2073-08-01 12:00:00,2073,8,1,NA,28.075885528405,31.7114121082799
2073-08-02 12:00:00,2073,8,2,NA,25.096393086492,32.9462882235594
2073-08-03 12:00:00,2073,8,3,NA,28.1232299973509,34.1037761362747
2073-08-04 12:00:00,2073,8,4,NA,27.1460602113955,35.2295668066815
2073-08-05 12:00:00,2073,8,5,NA,26.6216432551574,33.8296866892033
2073-08-06 12:00:00,2073,8,6,NA,25.931949109859,34.5703313552252
2073-08-07 12:00:00,2073,8,7,NA,22.6093409388762,25.8734546083698
2073-08-08 12:00:00,2073,8,8,NA,23.6458947585319,29.523227940041
2073-08-09 12:00:00,2073,8,9,NA,23.3968548212073,27.3495650815846
2073-08-10 12:00:00,2073,8,10,NA,24.4599800198819,28.1413814821544
2073-08-11 12:00:00,2073,8,11,NA,23.9682069114348,31.6485243333709
2073-08-12 12:00:00,2073,8,12,NA,26.3716155657494,32.3623050170183
2073-08-13 12:00:00,2073,8,13,NA,24.8627102694534,35.0102379659281
2073-08-14 12:00:00,2073,8,14,NA,24.5875641614196,34.2220277647939
2073-08-15 12:00:00,2073,8,15,NA,23.9016175410107,34.2138639171509
2073-08-16 12:00:00,2073,8,16,NA,24.0191103571183,33.2702420531578
2073-08-17 12:00:00,2073,8,17,NA,20.7233791785653,28.2497269488287
2073-08-18 12:00:00,2073,8,18,NA,20.2018133070863,28.3957092825544
2073-08-19 12:00:00,2073,8,19,NA,19.6519549212207,28.2898609375348
2073-08-20 12:00:00,2073,8,20,NA,20.6825790101573,27.2619941134236
2073-08-21 12:00:00,2073,8,21,NA,24.154931860638,26.7765166640919
2073-08-22 12:00:00,2073,8,22,NA,24.7204587375738,30.3928447666314
2073-08-23 12:00:00,2073,8,23,NA,22.0291366142792,29.9437893642269
2073-08-24 12:00:00,2073,8,24,NA,25.0900427932884,33.1778590513432
2073-08-25 12:00:00,2073,8,25,NA,23.229191139398,32.7668959134346
2073-08-26 12:00:00,2073,8,26,NA,24.6710158599073,32.8665658026615
2073-08-27 12:00:00,2073,8,27,NA,23.0913618400287,32.640360117827
2073-08-28 12:00:00,2073,8,28,NA,21.1458035015423,26.7499667210099
2073-08-29 12:00:00,2073,8,29,NA,20.3103767319593,27.9944007294713
2073-08-30 12:00:00,2073,8,30,NA,21.3762335245786,25.8658286902409
2073-08-31 12:00:00,2073,8,31,NA,21.3632072973372,31.2669959091624
2073-09-01 12:00:00,2073,9,1,NA,21.0074040419202,30.6042227313757
2073-09-02 12:00:00,2073,9,2,NA,21.3623341945981,31.9221681877156
2073-09-03 12:00:00,2073,9,3,NA,19.704001462151,25.1459944945643
2073-09-04 12:00:00,2073,9,4,NA,16.9147421561595,27.9690436855026
2073-09-05 12:00:00,2073,9,5,NA,21.103730110233,28.414813846223
2073-09-06 12:00:00,2073,9,6,NA,21.0160097448172,28.6831582093419
2073-09-07 12:00:00,2073,9,7,NA,18.890106071704,28.476655150992
2073-09-08 12:00:00,2073,9,8,NA,18.6637178238596,32.4879788935339
2073-09-09 12:00:00,2073,9,9,NA,19.8716106772449,28.2981188645348
2073-09-10 12:00:00,2073,9,10,NA,21.1218540410289,30.0511402685973
2073-09-11 12:00:00,2073,9,11,NA,16.472843453093,32.8024532819268
2073-09-12 12:00:00,2073,9,12,NA,18.6343027127482,30.9618097891362
2073-09-13 12:00:00,2073,9,13,NA,16.5528305214732,26.0667483356076
2073-09-14 12:00:00,2073,9,14,NA,16.3992592996735,31.2912756704885
2073-09-15 12:00:00,2073,9,15,NA,18.3555583602947,31.767178903785
2073-09-16 12:00:00,2073,9,16,NA,18.9784603492579,31.4487227769335
2073-09-17 12:00:00,2073,9,17,NA,19.1769849121627,31.6405178669679
2073-09-18 12:00:00,2073,9,18,NA,19.4786829018341,32.595848281678
2073-09-19 12:00:00,2073,9,19,NA,19.1662027820852,25.8770353885649
2073-09-20 12:00:00,2073,9,20,NA,19.3382912480324,28.4764555723687
2073-09-21 12:00:00,2073,9,21,NA,17.5304128478492,26.5001900709343
2073-09-22 12:00:00,2073,9,22,NA,16.4921027420665,28.2408488286251
2073-09-23 12:00:00,2073,9,23,NA,17.6881739308499,29.5545360503217
2073-09-24 12:00:00,2073,9,24,NA,17.5108748630795,25.1873460967003
2073-09-25 12:00:00,2073,9,25,NA,19.4556354615369,25.8090805982161
2073-09-26 12:00:00,2073,9,26,NA,18.3086547729531,23.9038658167398
2073-09-27 12:00:00,2073,9,27,NA,14.2892822134378,16.1033271650246
2073-09-28 12:00:00,2073,9,28,NA,11.9392095549671,16.2699138193275
2073-09-29 12:00:00,2073,9,29,NA,11.9552432719311,25.072408651775
2073-09-30 12:00:00,2073,9,30,NA,13.2908895829083,24.6151111687712
2073-10-01 12:00:00,2073,10,1,NA,15.7384241425613,28.2086865702369
2073-10-02 12:00:00,2073,10,2,NA,15.300899823687,22.0345608410508
2073-10-03 12:00:00,2073,10,3,NA,12.0622066505506,21.8895484398158
2073-10-04 12:00:00,2073,10,4,NA,13.04396172806,19.3977576590557
2073-10-05 12:00:00,2073,10,5,NA,12.1312651481401,21.6759247100227
2073-10-06 12:00:00,2073,10,6,NA,10.038896908749,24.5758927856245
2073-10-07 12:00:00,2073,10,7,NA,10.8279557214253,26.694951458661
2073-10-08 12:00:00,2073,10,8,NA,12.5839620143034,29.225690686617
2073-10-09 12:00:00,2073,10,9,NA,11.362991907354,26.3691286975176
2073-10-10 12:00:00,2073,10,10,NA,12.2167380244487,26.2723208229128
2073-10-11 12:00:00,2073,10,11,NA,11.0142125606641,20.1988676054283
2073-10-12 12:00:00,2073,10,12,NA,11.5366750246747,17.7204879060918
2073-10-13 12:00:00,2073,10,13,NA,11.3145825317938,19.9351824991998
2073-10-14 12:00:00,2073,10,14,NA,11.8153641017497,20.5394678420561
2073-10-15 12:00:00,2073,10,15,NA,10.4031511020426,18.7652558432244
2073-10-16 12:00:00,2073,10,16,NA,9.81514929873509,19.3996560787201
2073-10-17 12:00:00,2073,10,17,NA,10.5543149931644,23.667002692014
2073-10-18 12:00:00,2073,10,18,NA,9.15769465016598,21.93094103698
2073-10-19 12:00:00,2073,10,19,NA,13.0153429640357,24.794837663388
2073-10-20 12:00:00,2073,10,20,NA,12.3684988758294,22.4728303901803
2073-10-21 12:00:00,2073,10,21,NA,10.3606025791702,23.4868920677368
2073-10-22 12:00:00,2073,10,22,NA,10.9476303790025,22.2326569000692
2073-10-23 12:00:00,2073,10,23,NA,11.5458432522059,23.1028297386137
2073-10-24 12:00:00,2073,10,24,NA,10.6339683625901,26.5845913399279
2073-10-25 12:00:00,2073,10,25,NA,9.88921886911692,26.4821065700639
2073-10-26 12:00:00,2073,10,26,NA,9.52438761652688,24.9255854825484
2073-10-27 12:00:00,2073,10,27,NA,8.7007371265006,24.9233895692962
2073-10-28 12:00:00,2073,10,28,NA,11.6347196978699,22.5310118190906
2073-10-29 12:00:00,2073,10,29,NA,10.9909661465026,22.5749696763708
2073-10-30 12:00:00,2073,10,30,NA,11.6010570537869,14.95645689476
2073-10-31 12:00:00,2073,10,31,NA,6.86566262923571,13.9299340949242
2073-11-01 12:00:00,2073,11,1,NA,7.01881274696463,18.5489883523273
2073-11-02 12:00:00,2073,11,2,NA,6.28044705199894,22.0074231257009
2073-11-03 12:00:00,2073,11,3,NA,7.79612588273506,21.647685244212
2073-11-04 12:00:00,2073,11,4,NA,6.79985701699379,24.304911495884
2073-11-05 12:00:00,2073,11,5,NA,9.67710875028223,22.5078933240434
2073-11-06 12:00:00,2073,11,6,NA,7.91664588836422,20.3562973361658
2073-11-07 12:00:00,2073,11,7,NA,8.80565172008486,20.3142644976891
2073-11-08 12:00:00,2073,11,8,NA,9.36807628093041,20.2352159610191
2073-11-09 12:00:00,2073,11,9,NA,8.90592224794021,19.8765532827518
2073-11-10 12:00:00,2073,11,10,NA,3.31513756709786,15.295805834455
2073-11-11 12:00:00,2073,11,11,NA,5.3863202860226,16.3569513208342
2073-11-12 12:00:00,2073,11,12,NA,5.07563872651408,17.5799351447585
2073-11-13 12:00:00,2073,11,13,NA,4.61569507516302,11.8608435335415
2073-11-14 12:00:00,2073,11,14,NA,1.08931660863952,14.1289957683368
2073-11-15 12:00:00,2073,11,15,NA,2.22372091285314,17.1146597770634
2073-11-16 12:00:00,2073,11,16,NA,5.23416817579847,11.8428609757244
2073-11-17 12:00:00,2073,11,17,NA,10.916667453301,15.0296547809985
2073-11-18 12:00:00,2073,11,18,NA,7.09696555475445,21.0318104547048
2073-11-19 12:00:00,2073,11,19,NA,0.496762472279385,13.9542916363464
2073-11-20 12:00:00,2073,11,20,NA,4.47585378341967,16.2601508385796
2073-11-21 12:00:00,2073,11,21,NA,3.94560225039261,17.683639800709
2073-11-22 12:00:00,2073,11,22,NA,4.27613284772342,17.4163563680804
2073-11-23 12:00:00,2073,11,23,NA,-4.11284765762998,12.8124108395556
2073-11-24 12:00:00,2073,11,24,NA,-1.62733226406415,10.1569647910958
2073-11-25 12:00:00,2073,11,25,NA,2.94968828887912,9.2750410477012
2073-11-26 12:00:00,2073,11,26,NA,1.98025879457745,12.9508898293891
2073-11-27 12:00:00,2073,11,27,NA,4.9842969122446,6.1299441031122
2073-11-28 12:00:00,2073,11,28,NA,2.91848476491838,6.825621632833
2073-11-29 12:00:00,2073,11,29,NA,1.88588298090438,12.2504026178306
2073-11-30 12:00:00,2073,11,30,NA,-1.33277382527852,13.4602847612178
2073-12-01 12:00:00,2073,12,1,NA,-5.93877870845287,10.5869542764057
2073-12-02 12:00:00,2073,12,2,NA,-3.39538634828198,9.9206888198605
2073-12-03 12:00:00,2073,12,3,NA,0.297607200380027,11.2998141344268
2073-12-04 12:00:00,2073,12,4,NA,-0.317098517990189,11.0721020202894
2073-12-05 12:00:00,2073,12,5,NA,4.39847979767327,15.6881295483603
2073-12-06 12:00:00,2073,12,6,NA,2.79291439250101,14.082564143188
2073-12-07 12:00:00,2073,12,7,NA,1.93343490028632,11.1400064672232
2073-12-08 12:00:00,2073,12,8,NA,-4.16851807799076,7.47834566110243
2073-12-09 12:00:00,2073,12,9,NA,-0.454120284770624,4.893598752531
2073-12-10 12:00:00,2073,12,10,NA,-1.06293809954073,9.43836974484792
2073-12-11 12:00:00,2073,12,11,NA,1.43546193858118,11.7539586546967
2073-12-12 12:00:00,2073,12,12,NA,-1.14793321827727,12.0978021452937
2073-12-13 12:00:00,2073,12,13,NA,0.369428787406893,12.6151360322252
2073-12-14 12:00:00,2073,12,14,NA,5.89990437984869,10.9513702974607
2073-12-15 12:00:00,2073,12,15,NA,-0.940495107325695,10.347994909228
2073-12-16 12:00:00,2073,12,16,NA,0.322436715286608,6.05439263670873
2073-12-17 12:00:00,2073,12,17,NA,-1.463942316146,7.63776299292507
2073-12-18 12:00:00,2073,12,18,NA,2.35925635362292,11.4559003621376
2073-12-19 12:00:00,2073,12,19,NA,-0.959867004732411,7.06800493807308
2073-12-20 12:00:00,2073,12,20,NA,-2.8807548118443,12.5935111157034
2073-12-21 12:00:00,2073,12,21,NA,-2.66748844750499,8.55582597231273
2073-12-22 12:00:00,2073,12,22,NA,-2.00413330937552,6.14384009230631
2073-12-23 12:00:00,2073,12,23,NA,-0.324497650098885,9.67966320085394
2073-12-24 12:00:00,2073,12,24,NA,4.3751281593227,10.9464373974901
2073-12-25 12:00:00,2073,12,25,NA,0.825603179210942,7.93494858535249
2073-12-26 12:00:00,2073,12,26,NA,0.957790773291067,11.4888397729215
2073-12-27 12:00:00,2073,12,27,NA,0.0936609438951166,11.407738382585
2073-12-28 12:00:00,2073,12,28,NA,-1.47811537372207,9.73085847998363
2073-12-29 12:00:00,2073,12,29,NA,-8.35647764255151,1.88946162518537
2073-12-30 12:00:00,2073,12,30,NA,-7.50540176281707,4.87978203321554
2073-12-31 12:00:00,2073,12,31,NA,-4.90314738412657,9.03690995004235
2074-01-01 12:00:00,2074,1,1,NA,-4.41144573526629,10.4437798495476
2074-01-02 12:00:00,2074,1,2,NA,-1.65668021131525,4.02266136990024
2074-01-03 12:00:00,2074,1,3,NA,-4.37588763350005,6.08460815321995
2074-01-04 12:00:00,2074,1,4,NA,-3.41643355512228,8.97832400416445
2074-01-05 12:00:00,2074,1,5,NA,-2.18802987976952,9.6983598302096
2074-01-06 12:00:00,2074,1,6,NA,-3.6054578928769,6.9614213881029
2074-01-07 12:00:00,2074,1,7,NA,-1.58656600838989,9.83661596906108
2074-01-08 12:00:00,2074,1,8,NA,-1.93906760018435,8.64221217481714
2074-01-09 12:00:00,2074,1,9,NA,-3.30642804751796,8.09767359909891
2074-01-10 12:00:00,2074,1,10,NA,-3.92401047655607,6.94215239439798
2074-01-11 12:00:00,2074,1,11,NA,-1.57717849551699,5.59971153237804
2074-01-12 12:00:00,2074,1,12,NA,-5.75408374266097,1.44647459313532
2074-01-13 12:00:00,2074,1,13,NA,-4.90298272251159,0.396447849917625
2074-01-14 12:00:00,2074,1,14,NA,-6.27335599825299,5.55054147849471
2074-01-15 12:00:00,2074,1,15,NA,-2.92729910783987,6.4712544239485
2074-01-16 12:00:00,2074,1,16,NA,-6.51769724133662,4.5157360628944
2074-01-17 12:00:00,2074,1,17,NA,-3.3628731465959,5.24466895644695
2074-01-18 12:00:00,2074,1,18,NA,-4.5307092473215,11.5195739059545
2074-01-19 12:00:00,2074,1,19,NA,-2.94066745789747,12.4000804299019
2074-01-20 12:00:00,2074,1,20,NA,-2.17406752437753,11.9066583868947
2074-01-21 12:00:00,2074,1,21,NA,-2.30344678684513,9.96442724644351
2074-01-22 12:00:00,2074,1,22,NA,-1.34664193751382,6.69567888446625
2074-01-23 12:00:00,2074,1,23,NA,-0.666927363617738,10.8565356784565
2074-01-24 12:00:00,2074,1,24,NA,-2.18867609478421,9.63522138196349
2074-01-25 12:00:00,2074,1,25,NA,-4.27368408746109,6.55215486937774
2074-01-26 12:00:00,2074,1,26,NA,-6.74717319884205,5.38684536217377
2074-01-27 12:00:00,2074,1,27,NA,-5.73180835399291,6.12336191071704
2074-01-28 12:00:00,2074,1,28,NA,-5.53480558785556,5.14144816427283
2074-01-29 12:00:00,2074,1,29,NA,-4.62136014111801,2.56441509641916
2074-01-30 12:00:00,2074,1,30,NA,-1.35122417881923,6.69604112195176
2074-01-31 12:00:00,2074,1,31,NA,-3.21064162278161,10.3946518078851
2074-02-01 12:00:00,2074,2,1,NA,-0.204915744280934,11.1213746490352
2074-02-02 12:00:00,2074,2,2,NA,0.956222828826669,12.1082624771262
2074-02-03 12:00:00,2074,2,3,NA,0.00536090475525164,13.5970392511563
2074-02-04 12:00:00,2074,2,4,NA,-2.067383750017,11.9309316531228
2074-02-05 12:00:00,2074,2,5,NA,-4.05568557343446,8.46995795006299
2074-02-06 12:00:00,2074,2,6,NA,0.220187174116654,9.1073412805969
2074-02-07 12:00:00,2074,2,7,NA,-1.93691904219459,5.51711874367323
2074-02-08 12:00:00,2074,2,8,NA,-3.11068422955346,1.07155329784693
2074-02-09 12:00:00,2074,2,9,NA,-4.70869408143197,-0.526315717558573
2074-02-10 12:00:00,2074,2,10,NA,0.901240708404067,5.96507403228394
2074-02-11 12:00:00,2074,2,11,NA,0.0533740174384083,4.71610732062529
2074-02-12 12:00:00,2074,2,12,NA,3.67417837070465,9.99175502687379
2074-02-13 12:00:00,2074,2,13,NA,2.71980313685983,10.6649545322066
2074-02-14 12:00:00,2074,2,14,NA,1.38134694141856,9.1486446515393
2074-02-15 12:00:00,2074,2,15,NA,-1.11039694378435,11.5499595277653
2074-02-16 12:00:00,2074,2,16,NA,0.703850122522214,14.211032814283
2074-02-17 12:00:00,2074,2,17,NA,-0.489945883987408,12.0421121265115
2074-02-18 12:00:00,2074,2,18,NA,-1.14140132019231,8.52424024942773
2074-02-19 12:00:00,2074,2,19,NA,2.7156158008996,12.8747664679515
2074-02-20 12:00:00,2074,2,20,NA,7.69464032687529,18.4632631868875
2074-02-21 12:00:00,2074,2,21,NA,3.10202228297825,13.0497810358131
2074-02-22 12:00:00,2074,2,22,NA,6.63004921349495,11.9572230785425
2074-02-23 12:00:00,2074,2,23,NA,2.82757576667911,14.2886118127426
2074-02-24 12:00:00,2074,2,24,NA,2.1013781298276,13.9437359254373
2074-02-25 12:00:00,2074,2,25,NA,-3.77410773453102,11.7202631388537
2074-02-26 12:00:00,2074,2,26,NA,-1.11950742391844,10.6786880071952
2074-02-27 12:00:00,2074,2,27,NA,0.1027542931437,17.8830083138935
2074-02-28 12:00:00,2074,2,28,NA,3.20631387988793,15.0486716754977
2074-03-01 12:00:00,2074,3,1,NA,4.11478521846154,10.9156084121022
2074-03-02 12:00:00,2074,3,2,NA,2.04443806796203,13.8467923273669
2074-03-03 12:00:00,2074,3,3,NA,7.3244955419058,18.7083116235614
2074-03-04 12:00:00,2074,3,4,NA,7.26966540136186,18.3967851754581
2074-03-05 12:00:00,2074,3,5,NA,6.04309428983933,17.2444256086773
2074-03-06 12:00:00,2074,3,6,NA,6.46938712585428,16.095313578146
2074-03-07 12:00:00,2074,3,7,NA,6.23061573992521,19.1695853220209
2074-03-08 12:00:00,2074,3,8,NA,5.85648440613602,13.7101901071959
2074-03-09 12:00:00,2074,3,9,NA,1.82145086243088,7.81914274455939
2074-03-10 12:00:00,2074,3,10,NA,0.186929177160519,10.069442817168
2074-03-11 12:00:00,2074,3,11,NA,0.803736935379195,15.9592243216758
2074-03-12 12:00:00,2074,3,12,NA,5.11508667360844,13.5699761540458
2074-03-13 12:00:00,2074,3,13,NA,4.79700491418164,16.5547168461853
2074-03-14 12:00:00,2074,3,14,NA,3.68910191802722,12.6440118052353
2074-03-15 12:00:00,2074,3,15,NA,3.47383917420103,12.5200144267171
2074-03-16 12:00:00,2074,3,16,NA,3.60894041192258,9.59886342045572
2074-03-17 12:00:00,2074,3,17,NA,-0.644720242217896,10.1676375023588
2074-03-18 12:00:00,2074,3,18,NA,-2.65750046560888,14.2415969064416
2074-03-19 12:00:00,2074,3,19,NA,1.05047673857713,16.0101439282244
2074-03-20 12:00:00,2074,3,20,NA,2.99453981871217,12.0663908905114
2074-03-21 12:00:00,2074,3,21,NA,0.680625949808385,10.2389602788768
2074-03-22 12:00:00,2074,3,22,NA,-0.618972470993402,11.3983204207205
2074-03-23 12:00:00,2074,3,23,NA,3.81347861105072,19.1105694549377
2074-03-24 12:00:00,2074,3,24,NA,5.87900538693488,18.5946971845094
2074-03-25 12:00:00,2074,3,25,NA,8.0819551916021,14.0593837619887
2074-03-26 12:00:00,2074,3,26,NA,9.15908667121171,15.9593736446119
2074-03-27 12:00:00,2074,3,27,NA,2.15595759459629,13.0912818549846
2074-03-28 12:00:00,2074,3,28,NA,3.16419247634628,12.2103677288624
2074-03-29 12:00:00,2074,3,29,NA,3.04928214617256,14.9567292959069
2074-03-30 12:00:00,2074,3,30,NA,4.36890402857836,19.0031541899316
2074-03-31 12:00:00,2074,3,31,NA,5.98781758219434,21.5834754421394
2074-04-01 12:00:00,2074,4,1,NA,10.2790346464918,23.0885953960727
2074-04-02 12:00:00,2074,4,2,NA,8.52357066044503,24.8005656640691
2074-04-03 12:00:00,2074,4,3,NA,10.9393985483236,24.1655258397821
2074-04-04 12:00:00,2074,4,4,NA,9.73959042449791,25.0028811876784
2074-04-05 12:00:00,2074,4,5,NA,9.27497320651364,20.9123935695146
2074-04-06 12:00:00,2074,4,6,NA,10.402758187367,27.3885451882986
2074-04-07 12:00:00,2074,4,7,NA,7.6487330734649,26.5979713211764
2074-04-08 12:00:00,2074,4,8,NA,10.1228886364531,29.0103216627295
2074-04-09 12:00:00,2074,4,9,NA,10.6865879523048,28.4163366180405
2074-04-10 12:00:00,2074,4,10,NA,12.9237999467714,21.8454121371392
2074-04-11 12:00:00,2074,4,11,NA,11.5645102138447,20.702972680077
2074-04-12 12:00:00,2074,4,12,NA,7.95501603601975,16.3010613443844
2074-04-13 12:00:00,2074,4,13,NA,3.85223286306298,9.66111370300859
2074-04-14 12:00:00,2074,4,14,NA,0.109405210322326,15.8859076947307
2074-04-15 12:00:00,2074,4,15,NA,2.59543575932741,16.7933389781813
2074-04-16 12:00:00,2074,4,16,NA,5.11341364416387,20.1241837555402
2074-04-17 12:00:00,2074,4,17,NA,5.20972432577278,19.6486391709715
2074-04-18 12:00:00,2074,4,18,NA,11.0220926578493,21.8991765996731
2074-04-19 12:00:00,2074,4,19,NA,12.8155025489959,18.7737858517985
2074-04-20 12:00:00,2074,4,20,NA,5.91641921189264,14.2985671463162
2074-04-21 12:00:00,2074,4,21,NA,6.4278372658901,20.546373755436
2074-04-22 12:00:00,2074,4,22,NA,12.0848005089955,23.7222208719965
2074-04-23 12:00:00,2074,4,23,NA,11.9800343045329,29.0582291853533
2074-04-24 12:00:00,2074,4,24,NA,11.6372574118736,29.4419940863328
2074-04-25 12:00:00,2074,4,25,NA,12.0839183477676,27.9826566170794
2074-04-26 12:00:00,2074,4,26,NA,11.2648865283319,29.081384504781
2074-04-27 12:00:00,2074,4,27,NA,11.1674429354949,28.0694625685857
2074-04-28 12:00:00,2074,4,28,NA,9.43383228394509,24.596651451467
2074-04-29 12:00:00,2074,4,29,NA,11.0268834955264,25.9270115051469
2074-04-30 12:00:00,2074,4,30,NA,9.5454034948025,22.5941729884247
2074-05-01 12:00:00,2074,5,1,NA,11.942185194657,21.9093135682762
2074-05-02 12:00:00,2074,5,2,NA,10.4795212665032,18.0048966725416
2074-05-03 12:00:00,2074,5,3,NA,11.19351275667,19.8794607265687
2074-05-04 12:00:00,2074,5,4,NA,11.4274310850972,15.9833097382536
2074-05-05 12:00:00,2074,5,5,NA,9.94176453466441,20.1571703616295
2074-05-06 12:00:00,2074,5,6,NA,11.3487863162503,22.8675263972028
2074-05-07 12:00:00,2074,5,7,NA,11.8407564978157,23.8890425082688
2074-05-08 12:00:00,2074,5,8,NA,13.2957922927231,19.9340165154712
2074-05-09 12:00:00,2074,5,9,NA,10.9797457733312,24.5024609797784
2074-05-10 12:00:00,2074,5,10,NA,12.3700159574429,23.2527054330585
2074-05-11 12:00:00,2074,5,11,NA,12.0570239687683,23.2407119302348
2074-05-12 12:00:00,2074,5,12,NA,12.0910388490062,24.7609142586284
2074-05-13 12:00:00,2074,5,13,NA,10.4580104010022,20.8366329032015
2074-05-14 12:00:00,2074,5,14,NA,7.17809715419738,23.8159870513709
2074-05-15 12:00:00,2074,5,15,NA,9.47692894688037,23.2574866245439
2074-05-16 12:00:00,2074,5,16,NA,11.6280549443821,25.3431529755028
2074-05-17 12:00:00,2074,5,17,NA,13.151734079487,23.3715714576832
2074-05-18 12:00:00,2074,5,18,NA,11.5620760672366,29.2033716986591
2074-05-19 12:00:00,2074,5,19,NA,12.3053055681548,25.9435718664955
2074-05-20 12:00:00,2074,5,20,NA,14.3614591383492,27.9788680161881
2074-05-21 12:00:00,2074,5,21,NA,15.3378948296209,24.1593167491756
2074-05-22 12:00:00,2074,5,22,NA,14.5954622070465,22.4236588535383
2074-05-23 12:00:00,2074,5,23,NA,13.7434056958571,22.8714879812251
2074-05-24 12:00:00,2074,5,24,NA,14.3193049110877,27.6129227623226
2074-05-25 12:00:00,2074,5,25,NA,13.8694779230196,24.7137909108444
2074-05-26 12:00:00,2074,5,26,NA,13.7395796514559,28.7520828254319
2074-05-27 12:00:00,2074,5,27,NA,13.6079698642271,27.3472108552626
2074-05-28 12:00:00,2074,5,28,NA,14.20709314211,27.0526959323595
2074-05-29 12:00:00,2074,5,29,NA,11.7796513229028,28.4175412200763
2074-05-30 12:00:00,2074,5,30,NA,12.3347666678745,26.6150880343744
2074-05-31 12:00:00,2074,5,31,NA,13.5612728124773,26.7555756916231
2074-06-01 12:00:00,2074,6,1,NA,13.6039848745317,25.2492924577659
2074-06-02 12:00:00,2074,6,2,NA,14.5062522435378,25.3372246376958
2074-06-03 12:00:00,2074,6,3,NA,17.2236094868535,26.9682871649644
2074-06-04 12:00:00,2074,6,4,NA,12.1804638760763,24.1800308279045
2074-06-05 12:00:00,2074,6,5,NA,13.3579292385766,27.2215148913098
2074-06-06 12:00:00,2074,6,6,NA,14.1433907948656,29.366420168197
2074-06-07 12:00:00,2074,6,7,NA,16.4250896003941,27.4992394565791
2074-06-08 12:00:00,2074,6,8,NA,17.7149233631745,26.1309768844375
2074-06-09 12:00:00,2074,6,9,NA,15.4759811468335,24.7573476349069
2074-06-10 12:00:00,2074,6,10,NA,15.4705707196465,26.9510319324527
2074-06-11 12:00:00,2074,6,11,NA,17.9287058384608,21.2174033271593
2074-06-12 12:00:00,2074,6,12,NA,16.2085208796043,27.0962533243296
2074-06-13 12:00:00,2074,6,13,NA,17.4133992389811,28.8771079162802
2074-06-14 12:00:00,2074,6,14,NA,17.0270689893908,25.3653101837979
2074-06-15 12:00:00,2074,6,15,NA,18.370544901311,29.4941645033945
2074-06-16 12:00:00,2074,6,16,NA,23.8142342353562,25.7099410208539
2074-06-17 12:00:00,2074,6,17,NA,20.8754866501075,28.5488060913407
2074-06-18 12:00:00,2074,6,18,NA,24.1267869343917,28.9878649679396
2074-06-19 12:00:00,2074,6,19,NA,21.8633610130544,28.3948551356649
2074-06-20 12:00:00,2074,6,20,NA,20.4383356152603,29.2867719711823
2074-06-21 12:00:00,2074,6,21,NA,20.4911684515276,29.6325599590633
2074-06-22 12:00:00,2074,6,22,NA,20.2689017562213,28.3181197440313
2074-06-23 12:00:00,2074,6,23,NA,20.0119636490619,27.8305201714983
2074-06-24 12:00:00,2074,6,24,NA,20.7522404772717,31.1170051058964
2074-06-25 12:00:00,2074,6,25,NA,22.0282448835934,28.1877294905865
2074-06-26 12:00:00,2074,6,26,NA,20.0947830517868,29.1629071010118
2074-06-27 12:00:00,2074,6,27,NA,20.6970159388664,29.7441311713307
2074-06-28 12:00:00,2074,6,28,NA,20.0218241253569,29.8929541657307
2074-06-29 12:00:00,2074,6,29,NA,20.5443245340723,32.989398659905
2074-06-30 12:00:00,2074,6,30,NA,20.6159459698891,34.3567706028802
2074-07-01 12:00:00,2074,7,1,NA,20.1478274470939,32.8911910923447
2074-07-02 12:00:00,2074,7,2,NA,20.445221894524,32.1213901448373
2074-07-03 12:00:00,2074,7,3,NA,23.6611547053072,30.6708729132998
2074-07-04 12:00:00,2074,7,4,NA,23.2053470162241,31.2777498867755
2074-07-05 12:00:00,2074,7,5,NA,22.0049716136108,34.70769170861
2074-07-06 12:00:00,2074,7,6,NA,24.8942040876445,33.330909886283
2074-07-07 12:00:00,2074,7,7,NA,22.7776837915747,30.2449543335618
2074-07-08 12:00:00,2074,7,8,NA,22.4673900421592,30.2502382350972
2074-07-09 12:00:00,2074,7,9,NA,23.3295476086093,34.3435276371232
2074-07-10 12:00:00,2074,7,10,NA,23.2987790041032,33.4429683899575
2074-07-11 12:00:00,2074,7,11,NA,25.7850798618269,33.5685497730773
2074-07-12 12:00:00,2074,7,12,NA,24.795126284132,32.7470865940685
2074-07-13 12:00:00,2074,7,13,NA,25.0752863038608,33.8371064124044
2074-07-14 12:00:00,2074,7,14,NA,27.2440656375046,35.38381395133
2074-07-15 12:00:00,2074,7,15,NA,29.0698966336336,35.88935992726
2074-07-16 12:00:00,2074,7,16,NA,25.1070234919849,34.2230907444402
2074-07-17 12:00:00,2074,7,17,NA,28.2673161369142,33.8478396082501
2074-07-18 12:00:00,2074,7,18,NA,26.5507796304895,32.403222188419
2074-07-19 12:00:00,2074,7,19,NA,25.845320741866,32.1878210763935
2074-07-20 12:00:00,2074,7,20,NA,24.8858253607149,34.5562136793795
2074-07-21 12:00:00,2074,7,21,NA,25.1110275792259,33.2308944028975
2074-07-22 12:00:00,2074,7,22,NA,26.0466808158566,33.7554912366295
2074-07-23 12:00:00,2074,7,23,NA,25.5682843317279,35.4880579478996
2074-07-24 12:00:00,2074,7,24,NA,26.0870764670623,35.2834694188406
2074-07-25 12:00:00,2074,7,25,NA,26.2648895201121,33.3746620486458
2074-07-26 12:00:00,2074,7,26,NA,26.341469269691,31.1363854600456
2074-07-27 12:00:00,2074,7,27,NA,23.4883121496297,28.9299289360764
2074-07-28 12:00:00,2074,7,28,NA,23.728200088421,32.3275007534117
2074-07-29 12:00:00,2074,7,29,NA,27.1975131652957,32.6488467025349
2074-07-30 12:00:00,2074,7,30,NA,26.9220483237187,32.8243126685819
2074-07-31 12:00:00,2074,7,31,NA,24.1232311010931,29.9301598803378
2074-08-01 12:00:00,2074,8,1,NA,27.6690070375,32.1274359298582
2074-08-02 12:00:00,2074,8,2,NA,27.7325580586631,33.0892568491554
2074-08-03 12:00:00,2074,8,3,NA,24.9399262816429,29.532927168326
2074-08-04 12:00:00,2074,8,4,NA,25.30420178357,29.3658352749054
2074-08-05 12:00:00,2074,8,5,NA,23.857663317053,26.4719156142569
2074-08-06 12:00:00,2074,8,6,NA,24.1842603918771,29.9401253122641
2074-08-07 12:00:00,2074,8,7,NA,23.8463318697848,30.5921831013532
2074-08-08 12:00:00,2074,8,8,NA,25.2331213669308,34.4842530629703
2074-08-09 12:00:00,2074,8,9,NA,30.1508461283707,33.2562260872775
2074-08-10 12:00:00,2074,8,10,NA,28.5472790537376,31.2163430825921
2074-08-11 12:00:00,2074,8,11,NA,21.5692627437836,25.1473465993
2074-08-12 12:00:00,2074,8,12,NA,23.9158151399085,33.0566639273121
2074-08-13 12:00:00,2074,8,13,NA,22.7445536416489,34.0652446884874
2074-08-14 12:00:00,2074,8,14,NA,25.8054760144547,35.6362258287363
2074-08-15 12:00:00,2074,8,15,NA,25.5696594074479,33.0551808123993
2074-08-16 12:00:00,2074,8,16,NA,25.0883238379008,33.7315531135451
2074-08-17 12:00:00,2074,8,17,NA,22.6474841600512,28.1638960539958
2074-08-18 12:00:00,2074,8,18,NA,19.6839901408214,24.014179476741
2074-08-19 12:00:00,2074,8,19,NA,17.7230226588867,25.9955185452835
2074-08-20 12:00:00,2074,8,20,NA,18.3790161593924,26.4625227546784
2074-08-21 12:00:00,2074,8,21,NA,21.6158824964662,28.6665088832707
2074-08-22 12:00:00,2074,8,22,NA,21.6106779324986,29.3023264101151
2074-08-23 12:00:00,2074,8,23,NA,21.4760875186604,31.4865232179661
2074-08-24 12:00:00,2074,8,24,NA,22.2412444115527,28.9570768201537
2074-08-25 12:00:00,2074,8,25,NA,21.466007359448,31.6604857933219
2074-08-26 12:00:00,2074,8,26,NA,20.5701491522481,30.6651719006236
2074-08-27 12:00:00,2074,8,27,NA,20.6093838665448,25.4267248040445
2074-08-28 12:00:00,2074,8,28,NA,20.9648965512936,28.5525514140492
2074-08-29 12:00:00,2074,8,29,NA,18.6547975320085,22.2927767646334
2074-08-30 12:00:00,2074,8,30,NA,17.6431763511938,27.5444568327411
2074-08-31 12:00:00,2074,8,31,NA,17.5073275343238,29.0472719517286
2074-09-01 12:00:00,2074,9,1,NA,19.4654908119036,29.9967145081995
2074-09-02 12:00:00,2074,9,2,NA,20.744679546325,24.6507866800465
2074-09-03 12:00:00,2074,9,3,NA,19.7842740377472,26.131327229118
2074-09-04 12:00:00,2074,9,4,NA,20.0019485221297,27.0925717831415
2074-09-05 12:00:00,2074,9,5,NA,17.9726939032283,25.2943755004773
2074-09-06 12:00:00,2074,9,6,NA,17.9280771562724,23.7027199200115
2074-09-07 12:00:00,2074,9,7,NA,16.785504371179,28.532296955314
2074-09-08 12:00:00,2074,9,8,NA,18.7479154752819,29.2950069554445
2074-09-09 12:00:00,2074,9,9,NA,17.9906579829007,30.4374362581832
2074-09-10 12:00:00,2074,9,10,NA,20.1056496387648,30.4523936028794
2074-09-11 12:00:00,2074,9,11,NA,20.0275083456181,32.4782507874276
2074-09-12 12:00:00,2074,9,12,NA,21.3108889852256,24.785821575524
2074-09-13 12:00:00,2074,9,13,NA,19.3076819370317,24.8614265052516
2074-09-14 12:00:00,2074,9,14,NA,18.4309899841766,27.7863167965124
2074-09-15 12:00:00,2074,9,15,NA,19.0435581299564,30.4024084856678
2074-09-16 12:00:00,2074,9,16,NA,18.8567758004919,29.4013793276047
2074-09-17 12:00:00,2074,9,17,NA,18.3048539230502,29.4117757075748
2074-09-18 12:00:00,2074,9,18,NA,18.2556861515619,29.4001647078319
2074-09-19 12:00:00,2074,9,19,NA,19.9631797348614,27.0173930373558
2074-09-20 12:00:00,2074,9,20,NA,18.2903653248781,22.7752145153167
2074-09-21 12:00:00,2074,9,21,NA,16.0134667405726,26.2432718894365
2074-09-22 12:00:00,2074,9,22,NA,14.7735010857108,24.1802238608492
2074-09-23 12:00:00,2074,9,23,NA,13.0382903807904,26.1554557606343
2074-09-24 12:00:00,2074,9,24,NA,13.5481954991411,24.3425177659272
2074-09-25 12:00:00,2074,9,25,NA,14.3289255996292,26.0850637781454
2074-09-26 12:00:00,2074,9,26,NA,14.4937777288483,26.055008581404
2074-09-27 12:00:00,2074,9,27,NA,13.9292456115333,28.3018685792183
2074-09-28 12:00:00,2074,9,28,NA,14.2921260387603,27.7100439859932
2074-09-29 12:00:00,2074,9,29,NA,16.7250182412482,27.9761152029347
2074-09-30 12:00:00,2074,9,30,NA,16.5733636735724,27.8975852594352
2074-10-01 12:00:00,2074,10,1,NA,18.3159262293724,23.1267550845134
2074-10-02 12:00:00,2074,10,2,NA,18.8693016376913,20.6307861683497
2074-10-03 12:00:00,2074,10,3,NA,14.4531823642902,20.3824341723049
2074-10-04 12:00:00,2074,10,4,NA,14.4238889053125,24.2951959536123
2074-10-05 12:00:00,2074,10,5,NA,12.2823539677663,21.7152086547569
2074-10-06 12:00:00,2074,10,6,NA,12.2642591073061,18.8550906822013
2074-10-07 12:00:00,2074,10,7,NA,10.0994254853993,24.3229378885533
2074-10-08 12:00:00,2074,10,8,NA,10.7607391237607,18.5900180662324
2074-10-09 12:00:00,2074,10,9,NA,8.15634186500943,22.1931242075896
2074-10-10 12:00:00,2074,10,10,NA,12.0204313460853,25.5841895783357
2074-10-11 12:00:00,2074,10,11,NA,12.6401642346232,24.1100684197778
2074-10-12 12:00:00,2074,10,12,NA,11.9274635115071,25.4518990211809
2074-10-13 12:00:00,2074,10,13,NA,10.5434510303347,21.1692814280515
2074-10-14 12:00:00,2074,10,14,NA,9.36671133989185,22.6347694632846
2074-10-15 12:00:00,2074,10,15,NA,10.7553572278173,22.0315458896893
2074-10-16 12:00:00,2074,10,16,NA,9.81382566003084,24.0442634125448
2074-10-17 12:00:00,2074,10,17,NA,11.3452373815051,20.3733852569658
2074-10-18 12:00:00,2074,10,18,NA,13.2899133898379,17.0198482980644
2074-10-19 12:00:00,2074,10,19,NA,10.8912589931594,23.6459396889688
2074-10-20 12:00:00,2074,10,20,NA,10.9252238038235,25.5098477990222
2074-10-21 12:00:00,2074,10,21,NA,15.4083198085375,26.872533657232
2074-10-22 12:00:00,2074,10,22,NA,13.5873056427899,21.9254897945663
2074-10-23 12:00:00,2074,10,23,NA,15.9163226404628,18.7845038709435
2074-10-24 12:00:00,2074,10,24,NA,12.032242251603,24.7838380674052
2074-10-25 12:00:00,2074,10,25,NA,9.37662364932131,23.7353638670981
2074-10-26 12:00:00,2074,10,26,NA,10.5153462612134,23.4466920518183
2074-10-27 12:00:00,2074,10,27,NA,10.2095480957095,24.0354189681393
2074-10-28 12:00:00,2074,10,28,NA,9.67945431932341,23.3698000513866
2074-10-29 12:00:00,2074,10,29,NA,9.42268965604459,25.1575285496435
2074-10-30 12:00:00,2074,10,30,NA,9.41747612431746,23.4598113552358
2074-10-31 12:00:00,2074,10,31,NA,7.39863036281366,21.4587810579867
2074-11-01 12:00:00,2074,11,1,NA,6.47523860651784,23.3100711738026
2074-11-02 12:00:00,2074,11,2,NA,4.73650613967215,18.9669438921861
2074-11-03 12:00:00,2074,11,3,NA,4.83551748847623,21.4043297490737
2074-11-04 12:00:00,2074,11,4,NA,6.03020716999546,19.3663284866884
2074-11-05 12:00:00,2074,11,5,NA,0.184107926070217,22.7051647480972
2074-11-06 12:00:00,2074,11,6,NA,6.43156429406017,19.8559319045082
2074-11-07 12:00:00,2074,11,7,NA,7.25004093625537,20.1588958438322
2074-11-08 12:00:00,2074,11,8,NA,4.19795844928096,19.1345118345481
2074-11-09 12:00:00,2074,11,9,NA,6.48416009864759,16.8396049528282
2074-11-10 12:00:00,2074,11,10,NA,5.75257531582738,16.9289292119244
2074-11-11 12:00:00,2074,11,11,NA,5.99092984984113,19.7313246033006
2074-11-12 12:00:00,2074,11,12,NA,4.30506496197937,18.0957808077277
2074-11-13 12:00:00,2074,11,13,NA,3.1182894406797,15.638379028291
2074-11-14 12:00:00,2074,11,14,NA,-3.43877329991603,10.7321594696835
2074-11-15 12:00:00,2074,11,15,NA,-4.91919517516592,10.2903390868263
2074-11-16 12:00:00,2074,11,16,NA,-1.14408091763387,14.1660585638337
2074-11-17 12:00:00,2074,11,17,NA,2.13836650616103,17.764870975153
2074-11-18 12:00:00,2074,11,18,NA,4.32604498074863,13.3557654064208
2074-11-19 12:00:00,2074,11,19,NA,3.73031120086244,14.7205674264117
2074-11-20 12:00:00,2074,11,20,NA,5.03120385410886,13.2237241020626
2074-11-21 12:00:00,2074,11,21,NA,4.38662602815887,17.564314455976
2074-11-22 12:00:00,2074,11,22,NA,4.84063806909016,15.0689837739317
2074-11-23 12:00:00,2074,11,23,NA,4.43894351025267,12.621037708894
2074-11-24 12:00:00,2074,11,24,NA,1.3756623845717,14.8331915486387
2074-11-25 12:00:00,2074,11,25,NA,-0.595313484894618,12.41033053575
2074-11-26 12:00:00,2074,11,26,NA,1.02926005547658,13.5862402752534
2074-11-27 12:00:00,2074,11,27,NA,2.70084572722613,16.3756496244453
2074-11-28 12:00:00,2074,11,28,NA,3.14106967069302,16.9705322879964
2074-11-29 12:00:00,2074,11,29,NA,2.00273996773662,16.9765621870179
2074-11-30 12:00:00,2074,11,30,NA,1.10510678721319,16.5896191843068
2074-12-01 12:00:00,2074,12,1,NA,4.83664940270034,9.86978401258792
2074-12-02 12:00:00,2074,12,2,NA,2.18124790823393,15.1256424826121
2074-12-03 12:00:00,2074,12,3,NA,-2.5580546402702,3.5514239673177
2074-12-04 12:00:00,2074,12,4,NA,-2.5073047446001,5.6296898454664
2074-12-05 12:00:00,2074,12,5,NA,-0.896199103742374,10.2164208885468
2074-12-06 12:00:00,2074,12,6,NA,-3.45976758223943,8.7713624303822
2074-12-07 12:00:00,2074,12,7,NA,0.123728234284534,11.4347128435386
2074-12-08 12:00:00,2074,12,8,NA,0.201138223484097,10.4909238332713
2074-12-09 12:00:00,2074,12,9,NA,1.12187839306217,8.91636827451492
2074-12-10 12:00:00,2074,12,10,NA,2.34076613821655,9.12753287491504
2074-12-11 12:00:00,2074,12,11,NA,2.43166496232904,9.84749019218354
2074-12-12 12:00:00,2074,12,12,NA,1.5959223974768,6.70595842005125
2074-12-13 12:00:00,2074,12,13,NA,-0.518387533221972,2.20711147967011
2074-12-14 12:00:00,2074,12,14,NA,-2.90389649487346,2.87844583145328
2074-12-15 12:00:00,2074,12,15,NA,-1.99015013008692,10.1435872386021
2074-12-16 12:00:00,2074,12,16,NA,-2.15202294586846,10.1514384731157
2074-12-17 12:00:00,2074,12,17,NA,-1.47802608340647,11.6966438170157
2074-12-18 12:00:00,2074,12,18,NA,-0.567411091120996,6.21935564557749
2074-12-19 12:00:00,2074,12,19,NA,4.0394929355998,13.4289261763593
2074-12-20 12:00:00,2074,12,20,NA,0.156852272407034,9.90086996834617
2074-12-21 12:00:00,2074,12,21,NA,-1.6047405126642,7.78469272809529
2074-12-22 12:00:00,2074,12,22,NA,-1.28783813668868,3.78164602258885
2074-12-23 12:00:00,2074,12,23,NA,-0.970324428809468,3.07372535534578
2074-12-24 12:00:00,2074,12,24,NA,-4.19944109554753,-0.776839619703316
2074-12-25 12:00:00,2074,12,25,NA,-4.1894543439921,5.01089876309979
2074-12-26 12:00:00,2074,12,26,NA,-6.30827489558695,0.651179080856157
2074-12-27 12:00:00,2074,12,27,NA,-5.38162461529095,7.79304528513121
2074-12-28 12:00:00,2074,12,28,NA,-7.10917557570014,2.33423916512356
2074-12-29 12:00:00,2074,12,29,NA,-1.66777765907512,6.92409322110759
2074-12-30 12:00:00,2074,12,30,NA,-5.2496488989378,8.11787976927481
2074-12-31 12:00:00,2074,12,31,NA,-6.62293346205036,2.84086491181587
2075-01-01 12:00:00,2075,1,1,NA,-5.7658239990075,5.61977254077848
2075-01-02 12:00:00,2075,1,2,NA,-5.63069827725552,7.72977450069297
2075-01-03 12:00:00,2075,1,3,NA,-3.26541079719009,9.51837341622615
2075-01-04 12:00:00,2075,1,4,NA,-0.0517648979111378,11.0086575469855
2075-01-05 12:00:00,2075,1,5,NA,0.0703593302170091,5.9039714547304
2075-01-06 12:00:00,2075,1,6,NA,1.43575894484053,7.61191478959182
2075-01-07 12:00:00,2075,1,7,NA,-2.35496334249018,7.21694128270094
2075-01-08 12:00:00,2075,1,8,NA,-0.624950700786303,11.6385471070896
2075-01-09 12:00:00,2075,1,9,NA,-3.3267326800964,4.12119393883011
2075-01-10 12:00:00,2075,1,10,NA,-3.74746190142716,5.5365064942682
2075-01-11 12:00:00,2075,1,11,NA,-5.3294918132055,-0.589497478438152
2075-01-12 12:00:00,2075,1,12,NA,-4.30445287148677,2.89902721332296
2075-01-13 12:00:00,2075,1,13,NA,-2.42342166767919,4.7771366681171
2075-01-14 12:00:00,2075,1,14,NA,-3.18291437437705,2.65686819385063
2075-01-15 12:00:00,2075,1,15,NA,-3.54588719323788,1.88733001994527
2075-01-16 12:00:00,2075,1,16,NA,-6.32133533462508,0.0402405736426497
2075-01-17 12:00:00,2075,1,17,NA,-7.19445386886236,2.7097102104564
2075-01-18 12:00:00,2075,1,18,NA,-10.3104247793175,-2.38911374009447
2075-01-19 12:00:00,2075,1,19,NA,-9.81938628818465,-0.0210825482063086
2075-01-20 12:00:00,2075,1,20,NA,-7.04224322589195,2.18495006821775
2075-01-21 12:00:00,2075,1,21,NA,-6.35229604956416,5.58737158373423
2075-01-22 12:00:00,2075,1,22,NA,-7.12026513559935,5.16320104492585
2075-01-23 12:00:00,2075,1,23,NA,-4.94451206512908,7.33895411539613
2075-01-24 12:00:00,2075,1,24,NA,-4.62320177370229,5.50019196015063
2075-01-25 12:00:00,2075,1,25,NA,-2.58420808538799,11.1279837711407
2075-01-26 12:00:00,2075,1,26,NA,-0.365674450287994,10.9552048948366
2075-01-27 12:00:00,2075,1,27,NA,0.414410577976814,11.955360331683
2075-01-28 12:00:00,2075,1,28,NA,4.3978035950252,11.7427843998366
2075-01-29 12:00:00,2075,1,29,NA,6.4837776370469,16.2117452183792
2075-01-30 12:00:00,2075,1,30,NA,4.84701375455401,11.380292680431
2075-01-31 12:00:00,2075,1,31,NA,3.04825697420302,11.6668896834248
2075-02-01 12:00:00,2075,2,1,NA,0.331083852600388,8.03167843403617
2075-02-02 12:00:00,2075,2,2,NA,0.376506133477625,9.53347694274554
2075-02-03 12:00:00,2075,2,3,NA,3.94879075573651,12.7448807026739
2075-02-04 12:00:00,2075,2,4,NA,-0.537579883189363,1.37933497366232
2075-02-05 12:00:00,2075,2,5,NA,-0.185973178187719,3.98483786196942
2075-02-06 12:00:00,2075,2,6,NA,-1.47558945587875,5.45290241807754
2075-02-07 12:00:00,2075,2,7,NA,-2.98051864013603,7.79427083795671
2075-02-08 12:00:00,2075,2,8,NA,-2.74811262987781,5.07714291126942
2075-02-09 12:00:00,2075,2,9,NA,-0.308889525085473,3.11563660035963
2075-02-10 12:00:00,2075,2,10,NA,-0.0246540632372105,7.73840680817097
2075-02-11 12:00:00,2075,2,11,NA,-6.67236331762029,-2.12830978995885
2075-02-12 12:00:00,2075,2,12,NA,-1.86302984394456,0.730072000819497
2075-02-13 12:00:00,2075,2,13,NA,-1.72081007173781,7.61115152364524
2075-02-14 12:00:00,2075,2,14,NA,-0.958677829600006,6.34930761307567
2075-02-15 12:00:00,2075,2,15,NA,-2.36787689200083,9.22822332705613
2075-02-16 12:00:00,2075,2,16,NA,-4.04822955522715,9.66649090677468
2075-02-17 12:00:00,2075,2,17,NA,-7.20388487633838,5.43137790867603
2075-02-18 12:00:00,2075,2,18,NA,-6.10427558784119,9.49376716684768
2075-02-19 12:00:00,2075,2,19,NA,-4.74246825174563,10.8711004716764
2075-02-20 12:00:00,2075,2,20,NA,-1.18705391401395,14.429847212729
2075-02-21 12:00:00,2075,2,21,NA,-0.825806807400064,11.164208802578
2075-02-22 12:00:00,2075,2,22,NA,2.07624001810011,9.38328598465846
2075-02-23 12:00:00,2075,2,23,NA,-0.518068367468675,8.49444737302541
2075-02-24 12:00:00,2075,2,24,NA,-5.26620307424427,8.11003738712646
2075-02-25 12:00:00,2075,2,25,NA,-4.02357513993247,4.34074241447538
2075-02-26 12:00:00,2075,2,26,NA,-3.72398750723399,11.2636623476838
2075-02-27 12:00:00,2075,2,27,NA,-3.50708383762553,6.86572997361757
2075-02-28 12:00:00,2075,2,28,NA,-2.81848971529177,4.50227706824568
2075-03-01 12:00:00,2075,3,1,NA,-4.56055119955908,0.619508266226783
2075-03-02 12:00:00,2075,3,2,NA,1.94401922042615,8.31584224122057
2075-03-03 12:00:00,2075,3,3,NA,0.0432889127609912,3.45181149351773
2075-03-04 12:00:00,2075,3,4,NA,-1.40604927521081,3.47852546499851
2075-03-05 12:00:00,2075,3,5,NA,-3.01597009063998,3.68142735775074
2075-03-06 12:00:00,2075,3,6,NA,-5.61931384936996,6.69745890113503
2075-03-07 12:00:00,2075,3,7,NA,-2.56378683035425,8.17018921038581
2075-03-08 12:00:00,2075,3,8,NA,-1.67002546541134,9.29974500868984
2075-03-09 12:00:00,2075,3,9,NA,-1.50512158616849,12.9148144683958
2075-03-10 12:00:00,2075,3,10,NA,2.06854847737841,11.3557208960899
2075-03-11 12:00:00,2075,3,11,NA,0.796620131279601,12.5740583676748
2075-03-12 12:00:00,2075,3,12,NA,6.33834606627069,14.8324482597499
2075-03-13 12:00:00,2075,3,13,NA,4.96578569117637,18.3550554108897
2075-03-14 12:00:00,2075,3,14,NA,3.13353302204056,17.766241193712
2075-03-15 12:00:00,2075,3,15,NA,3.96345239940559,17.1354243428783
2075-03-16 12:00:00,2075,3,16,NA,3.62526260954535,18.5253249998025
2075-03-17 12:00:00,2075,3,17,NA,-0.643888903806606,14.4149467284182
2075-03-18 12:00:00,2075,3,18,NA,2.67110780256603,11.1377168306203
2075-03-19 12:00:00,2075,3,19,NA,1.58450688612207,13.6419184001926
2075-03-20 12:00:00,2075,3,20,NA,2.51244233896331,14.4347624778247
2075-03-21 12:00:00,2075,3,21,NA,2.45745391672113,15.9254656642489
2075-03-22 12:00:00,2075,3,22,NA,1.35570006543785,10.7082371813441
2075-03-23 12:00:00,2075,3,23,NA,0.641588023516151,10.3085301294178
2075-03-24 12:00:00,2075,3,24,NA,0.140144234488416,11.4792960263226
2075-03-25 12:00:00,2075,3,25,NA,1.604458403527,15.8429477994423
2075-03-26 12:00:00,2075,3,26,NA,0.65941393494165,17.2704682032164
2075-03-27 12:00:00,2075,3,27,NA,7.45649054390992,14.5518579487241
2075-03-28 12:00:00,2075,3,28,NA,7.63586208456439,18.7039063347574
2075-03-29 12:00:00,2075,3,29,NA,4.03905796022166,21.1312373894103
2075-03-30 12:00:00,2075,3,30,NA,4.58103930447538,22.7985612154851
2075-03-31 12:00:00,2075,3,31,NA,8.74825090025459,22.2965890202474
2075-04-01 12:00:00,2075,4,1,NA,7.14609316450914,19.6039123725609
2075-04-02 12:00:00,2075,4,2,NA,9.12135549003598,24.859337689059
2075-04-03 12:00:00,2075,4,3,NA,5.8635841471813,19.7723423410566
2075-04-04 12:00:00,2075,4,4,NA,5.19325168659067,21.744858148797
2075-04-05 12:00:00,2075,4,5,NA,7.96397933656087,25.7766060069161
2075-04-06 12:00:00,2075,4,6,NA,12.3676771231004,23.5629717627616
2075-04-07 12:00:00,2075,4,7,NA,9.24683263438782,24.8895047679061
2075-04-08 12:00:00,2075,4,8,NA,9.64887460399602,25.0980993153844
2075-04-09 12:00:00,2075,4,9,NA,5.93917989492179,23.219803145271
2075-04-10 12:00:00,2075,4,10,NA,8.1330828470077,22.4749551247255
2075-04-11 12:00:00,2075,4,11,NA,4.8190336461237,17.2097559385122
2075-04-12 12:00:00,2075,4,12,NA,5.35149993195932,19.1907050320941
2075-04-13 12:00:00,2075,4,13,NA,5.10966889205057,20.9134576911786
2075-04-14 12:00:00,2075,4,14,NA,5.52646626332638,17.1299928647997
2075-04-15 12:00:00,2075,4,15,NA,4.99610272401699,21.4259012234226
2075-04-16 12:00:00,2075,4,16,NA,6.45558641427743,17.3167259905662
2075-04-17 12:00:00,2075,4,17,NA,4.92850785164205,23.3595037662934
2075-04-18 12:00:00,2075,4,18,NA,4.72660739173227,20.5080169921719
2075-04-19 12:00:00,2075,4,19,NA,4.12442071685339,18.5603197391501
2075-04-20 12:00:00,2075,4,20,NA,5.12469533648935,17.8887221639774
2075-04-21 12:00:00,2075,4,21,NA,4.45023458800935,15.7352408319057
2075-04-22 12:00:00,2075,4,22,NA,8.74708180574472,22.4251707704237
2075-04-23 12:00:00,2075,4,23,NA,5.57005749850614,16.5771152260183
2075-04-24 12:00:00,2075,4,24,NA,10.5474816388,21.4623075018546
2075-04-25 12:00:00,2075,4,25,NA,14.2290342784255,21.7544096844638
2075-04-26 12:00:00,2075,4,26,NA,12.3660619189132,19.2529718414317
2075-04-27 12:00:00,2075,4,27,NA,7.61627964448271,20.8968103355124
2075-04-28 12:00:00,2075,4,28,NA,10.65143585833,24.6597943160295
2075-04-29 12:00:00,2075,4,29,NA,11.6360306591816,22.9725696184402
2075-04-30 12:00:00,2075,4,30,NA,16.00251034627,19.1368204065392
2075-05-01 12:00:00,2075,5,1,NA,11.2340753645826,19.3756784071782
2075-05-02 12:00:00,2075,5,2,NA,7.61815838362612,20.8500931454574
2075-05-03 12:00:00,2075,5,3,NA,8.76318048773971,28.0759116598758
2075-05-04 12:00:00,2075,5,4,NA,11.8759504121503,29.5535878117985
2075-05-05 12:00:00,2075,5,5,NA,12.8667041293993,28.4429126842376
2075-05-06 12:00:00,2075,5,6,NA,14.482553340683,30.3500233926354
2075-05-07 12:00:00,2075,5,7,NA,15.7219373127539,27.478716855419
2075-05-08 12:00:00,2075,5,8,NA,17.8959897902384,28.1158271684347
2075-05-09 12:00:00,2075,5,9,NA,15.6221810253977,27.7469735786748
2075-05-10 12:00:00,2075,5,10,NA,14.9619629961024,28.1466305643011
2075-05-11 12:00:00,2075,5,11,NA,15.2986300398273,26.114081968329
2075-05-12 12:00:00,2075,5,12,NA,10.4245384486657,20.097498227759
2075-05-13 12:00:00,2075,5,13,NA,9.70307215075589,23.4068715766965
2075-05-14 12:00:00,2075,5,14,NA,10.2555622496455,24.0146292085994
2075-05-15 12:00:00,2075,5,15,NA,13.7729734813564,24.5884254098581
2075-05-16 12:00:00,2075,5,16,NA,13.1439302918213,26.9466677596877
2075-05-17 12:00:00,2075,5,17,NA,13.8055039688515,28.8289507243151
2075-05-18 12:00:00,2075,5,18,NA,14.5816451196371,26.699870069476
2075-05-19 12:00:00,2075,5,19,NA,14.9204249077656,26.97407734955
2075-05-20 12:00:00,2075,5,20,NA,15.8957580176731,29.809428704408
2075-05-21 12:00:00,2075,5,21,NA,17.3601281910687,29.8780639358448
2075-05-22 12:00:00,2075,5,22,NA,14.2961137488794,27.5699267010984
2075-05-23 12:00:00,2075,5,23,NA,13.2163025719181,24.720835104961
2075-05-24 12:00:00,2075,5,24,NA,18.1841101634109,23.4806392956673
2075-05-25 12:00:00,2075,5,25,NA,16.1743129488958,28.7787111765394
2075-05-26 12:00:00,2075,5,26,NA,14.0945394336378,30.7308188317164
2075-05-27 12:00:00,2075,5,27,NA,14.9854908869495,28.7502618845939
2075-05-28 12:00:00,2075,5,28,NA,15.0910689057653,29.4690384444141
2075-05-29 12:00:00,2075,5,29,NA,14.1384508287549,26.5647567948085
2075-05-30 12:00:00,2075,5,30,NA,16.049142730938,23.4595666457524
2075-05-31 12:00:00,2075,5,31,NA,17.2195054036182,25.0453356755708
2075-06-01 12:00:00,2075,6,1,NA,16.232014509504,26.7746942334668
2075-06-02 12:00:00,2075,6,2,NA,17.0554025215779,27.9511036144825
2075-06-03 12:00:00,2075,6,3,NA,16.6340753161498,28.8914826490025
2075-06-04 12:00:00,2075,6,4,NA,21.082844675657,27.6143387982676
2075-06-05 12:00:00,2075,6,5,NA,15.6589805660853,28.386451253818
2075-06-06 12:00:00,2075,6,6,NA,14.6195516875413,26.260627255452
2075-06-07 12:00:00,2075,6,7,NA,16.2041906122041,26.9688051066855
2075-06-08 12:00:00,2075,6,8,NA,18.3216263825995,25.2652251312855
2075-06-09 12:00:00,2075,6,9,NA,18.6264723323977,29.0473299703557
2075-06-10 12:00:00,2075,6,10,NA,24.2401001212088,27.1447494925799
2075-06-11 12:00:00,2075,6,11,NA,22.9686944624234,28.0136731878843
2075-06-12 12:00:00,2075,6,12,NA,20.407649697997,29.8527843602273
2075-06-13 12:00:00,2075,6,13,NA,17.311065778773,22.3291530986989
2075-06-14 12:00:00,2075,6,14,NA,16.1958476207692,25.735293164739
2075-06-15 12:00:00,2075,6,15,NA,16.1025626616832,29.2065300769429
2075-06-16 12:00:00,2075,6,16,NA,18.0731924897252,28.2360254984723
2075-06-17 12:00:00,2075,6,17,NA,18.0728207535092,32.6646614343815
2075-06-18 12:00:00,2075,6,18,NA,22.2497621994805,31.0981985554026
2075-06-19 12:00:00,2075,6,19,NA,20.8327946022594,28.6513511246958
2075-06-20 12:00:00,2075,6,20,NA,17.6336597515263,30.1337171266805
2075-06-21 12:00:00,2075,6,21,NA,19.9808257857967,33.5714245154036
2075-06-22 12:00:00,2075,6,22,NA,20.1303848527545,32.1583864154237
2075-06-23 12:00:00,2075,6,23,NA,20.423214563086,35.165874932575
2075-06-24 12:00:00,2075,6,24,NA,21.8493221304215,31.927716847095
2075-06-25 12:00:00,2075,6,25,NA,21.8907405150352,33.7304241620042
2075-06-26 12:00:00,2075,6,26,NA,24.0261849440982,30.0622057085753
2075-06-27 12:00:00,2075,6,27,NA,25.9166318482553,28.0415427323765
2075-06-28 12:00:00,2075,6,28,NA,21.0988660271512,31.2124712867295
2075-06-29 12:00:00,2075,6,29,NA,25.0627662211373,28.0768446131827
2075-06-30 12:00:00,2075,6,30,NA,23.3398951424092,31.4175440547656
2075-07-01 12:00:00,2075,7,1,NA,23.8426775158035,26.0761496411516
2075-07-02 12:00:00,2075,7,2,NA,20.5850781379594,29.6681165005576
2075-07-03 12:00:00,2075,7,3,NA,20.8789085202977,27.279880075777
2075-07-04 12:00:00,2075,7,4,NA,20.0845348598508,25.8136817987787
2075-07-05 12:00:00,2075,7,5,NA,20.7630247140202,28.4079275410764
2075-07-06 12:00:00,2075,7,6,NA,21.6115747992045,31.794788928859
2075-07-07 12:00:00,2075,7,7,NA,22.8955939819881,31.2243932458337
2075-07-08 12:00:00,2075,7,8,NA,23.6790371268419,30.6141377075868
2075-07-09 12:00:00,2075,7,9,NA,22.0029485173778,26.3668954033536
2075-07-10 12:00:00,2075,7,10,NA,22.2689416737353,26.2816888921963
2075-07-11 12:00:00,2075,7,11,NA,21.8847666591915,28.7887395475495
2075-07-12 12:00:00,2075,7,12,NA,22.599976341966,27.9239602894442
2075-07-13 12:00:00,2075,7,13,NA,18.8652976363758,25.1598737767931
2075-07-14 12:00:00,2075,7,14,NA,21.9366390931612,25.8594706627793
2075-07-15 12:00:00,2075,7,15,NA,20.3648118175099,25.3356993597181
2075-07-16 12:00:00,2075,7,16,NA,19.0862352684287,23.0224036261753
2075-07-17 12:00:00,2075,7,17,NA,19.9313251300228,25.5784386148595
2075-07-18 12:00:00,2075,7,18,NA,21.8826554065679,28.4102613233473
2075-07-19 12:00:00,2075,7,19,NA,24.6382435695241,30.5518106886708
2075-07-20 12:00:00,2075,7,20,NA,29.0169139097617,32.9748501926776
2075-07-21 12:00:00,2075,7,21,NA,27.3361107334512,31.4917004853729
2075-07-22 12:00:00,2075,7,22,NA,28.99984232917,32.6804184098287
2075-07-23 12:00:00,2075,7,23,NA,27.7937051264324,33.2450386636717
2075-07-24 12:00:00,2075,7,24,NA,25.7098217909023,32.7977881308165
2075-07-25 12:00:00,2075,7,25,NA,25.9675752269706,34.4901906906548
2075-07-26 12:00:00,2075,7,26,NA,26.1355427943701,36.0579843665311
2075-07-27 12:00:00,2075,7,27,NA,28.3526784373979,32.2839310899106
2075-07-28 12:00:00,2075,7,28,NA,29.624237335733,31.6158975669967
2075-07-29 12:00:00,2075,7,29,NA,23.683767629641,26.0002030139099
2075-07-30 12:00:00,2075,7,30,NA,25.2671440148681,31.8935309723526
2075-07-31 12:00:00,2075,7,31,NA,27.1616874162724,32.1608229593731
2075-08-01 12:00:00,2075,8,1,NA,26.9999292248292,34.8270704013129
2075-08-02 12:00:00,2075,8,2,NA,25.1003810847116,31.8813986618908
2075-08-03 12:00:00,2075,8,3,NA,24.6154986399204,32.922036241165
2075-08-04 12:00:00,2075,8,4,NA,21.2183089394737,29.225622636235
2075-08-05 12:00:00,2075,8,5,NA,23.5590125963611,29.9293507985452
2075-08-06 12:00:00,2075,8,6,NA,25.6199508808287,29.8420082444629
2075-08-07 12:00:00,2075,8,7,NA,26.3332293172614,33.8187507222128
2075-08-08 12:00:00,2075,8,8,NA,24.7163630153667,31.7669894021711
2075-08-09 12:00:00,2075,8,9,NA,27.5605274623897,35.7293973174333
2075-08-10 12:00:00,2075,8,10,NA,28.0712606071297,34.8182747397084
2075-08-11 12:00:00,2075,8,11,NA,28.6624005408066,35.400200800958
2075-08-12 12:00:00,2075,8,12,NA,27.1424608077414,35.7833737210953
2075-08-13 12:00:00,2075,8,13,NA,25.4119643764773,32.1405715960013
2075-08-14 12:00:00,2075,8,14,NA,22.9927805742753,31.0118106658682
2075-08-15 12:00:00,2075,8,15,NA,25.8462772835562,34.7267247209103
2075-08-16 12:00:00,2075,8,16,NA,23.9246264150681,30.289340582602
2075-08-17 12:00:00,2075,8,17,NA,23.7814349917079,31.4597170328326
2075-08-18 12:00:00,2075,8,18,NA,22.9890191177372,26.566722217099
2075-08-19 12:00:00,2075,8,19,NA,24.0252025512728,27.3909487357176
2075-08-20 12:00:00,2075,8,20,NA,26.7491605525038,28.7249663787917
2075-08-21 12:00:00,2075,8,21,NA,21.5048506957408,27.6447566673474
2075-08-22 12:00:00,2075,8,22,NA,20.2790644780809,29.2805062061231
2075-08-23 12:00:00,2075,8,23,NA,20.5488747899213,32.883328824314
2075-08-24 12:00:00,2075,8,24,NA,20.3954250811313,32.729879115524
2075-08-25 12:00:00,2075,8,25,NA,22.8115314861935,30.9919339797148
2075-08-26 12:00:00,2075,8,26,NA,23.035109756295,33.0256246295502
2075-08-27 12:00:00,2075,8,27,NA,22.0714508194201,31.6662345527513
2075-08-28 12:00:00,2075,8,28,NA,23.5928303922042,32.5942721202464
2075-08-29 12:00:00,2075,8,29,NA,24.6103986015902,30.6457942618787
2075-08-30 12:00:00,2075,8,30,NA,24.112315073103,30.4751618981939
2075-08-31 12:00:00,2075,8,31,NA,22.8857986334174,30.8463349597421
2075-09-01 12:00:00,2075,9,1,NA,22.2164360207848,28.9360052033366
2075-09-02 12:00:00,2075,9,2,NA,17.9766919202979,27.2806156983577
2075-09-03 12:00:00,2075,9,3,NA,15.0304926531659,22.7198500336308
2075-09-04 12:00:00,2075,9,4,NA,14.9124740995694,25.206029981755
2075-09-05 12:00:00,2075,9,5,NA,15.8483007341383,28.105671220288
2075-09-06 12:00:00,2075,9,6,NA,17.0235129230878,30.4476205768193
2075-09-07 12:00:00,2075,9,7,NA,18.9099523976,30.3873651351236
2075-09-08 12:00:00,2075,9,8,NA,20.1475835546764,32.8607342142625
2075-09-09 12:00:00,2075,9,9,NA,23.3165284561012,32.9036189804955
2075-09-10 12:00:00,2075,9,10,NA,24.6452189029316,27.5233836788038
2075-09-11 12:00:00,2075,9,11,NA,22.5601921813705,31.6983565057069
2075-09-12 12:00:00,2075,9,12,NA,20.6747832640584,33.8541132446557
2075-09-13 12:00:00,2075,9,13,NA,20.4727126092761,33.6426638248757
2075-09-14 12:00:00,2075,9,14,NA,21.062528852988,33.2672378571311
2075-09-15 12:00:00,2075,9,15,NA,19.4763860736386,32.1102342953152
2075-09-16 12:00:00,2075,9,16,NA,20.2735932181968,30.042925085786
2075-09-17 12:00:00,2075,9,17,NA,19.5952294440807,29.5911627021547
2075-09-18 12:00:00,2075,9,18,NA,19.215270842827,30.0483113439139
2075-09-19 12:00:00,2075,9,19,NA,19.4871471734111,29.5848077544544
2075-09-20 12:00:00,2075,9,20,NA,17.8361518973448,29.3401473770745
2075-09-21 12:00:00,2075,9,21,NA,17.0221821232139,26.9390419922716
2075-09-22 12:00:00,2075,9,22,NA,18.6689832423994,28.5940385484104
2075-09-23 12:00:00,2075,9,23,NA,18.639120134494,29.1837236616068
2075-09-24 12:00:00,2075,9,24,NA,16.6452065635504,28.8477334681496
2075-09-25 12:00:00,2075,9,25,NA,17.3450444060265,27.1822994531358
2075-09-26 12:00:00,2075,9,26,NA,13.9920715852087,23.4321300709408
2075-09-27 12:00:00,2075,9,27,NA,17.197604741689,28.136638545923
2075-09-28 12:00:00,2075,9,28,NA,16.1647459756036,26.1606792336776
2075-09-29 12:00:00,2075,9,29,NA,15.3035170288711,26.2526624604062
2075-09-30 12:00:00,2075,9,30,NA,16.2595933859427,27.2141184909072
2075-10-01 12:00:00,2075,10,1,NA,15.576877169952,27.6822841810079
2075-10-02 12:00:00,2075,10,2,NA,17.2412429158566,28.8612206716451
2075-10-03 12:00:00,2075,10,3,NA,17.9358208531689,28.1484942064033
2075-10-04 12:00:00,2075,10,4,NA,17.8661638805902,25.4329120719314
2075-10-05 12:00:00,2075,10,5,NA,15.4595637811459,27.702358987882
2075-10-06 12:00:00,2075,10,6,NA,12.1735583466818,28.2713522801426
2075-10-07 12:00:00,2075,10,7,NA,16.3642221463425,31.2325265237591
2075-10-08 12:00:00,2075,10,8,NA,17.9189869441363,29.1951756060083
2075-10-09 12:00:00,2075,10,9,NA,18.3909193883469,28.2163229710006
2075-10-10 12:00:00,2075,10,10,NA,15.0590943709439,27.4096578653502
2075-10-11 12:00:00,2075,10,11,NA,16.3001448858053,20.900195311438
2075-10-12 12:00:00,2075,10,12,NA,15.539888684108,25.2068171785247
2075-10-13 12:00:00,2075,10,13,NA,15.6956377239118,25.3094893777476
2075-10-14 12:00:00,2075,10,14,NA,15.1624451368238,23.6906112172784
2075-10-15 12:00:00,2075,10,15,NA,12.5602112476569,16.3948789977655
2075-10-16 12:00:00,2075,10,16,NA,9.63245027328319,19.8246132047256
2075-10-17 12:00:00,2075,10,17,NA,7.91151332490567,23.3561816857952
2075-10-18 12:00:00,2075,10,18,NA,8.68515341099979,25.2780411119468
2075-10-19 12:00:00,2075,10,19,NA,10.9041899813198,25.3281540888068
2075-10-20 12:00:00,2075,10,20,NA,11.759001122078,25.4753939477895
2075-10-21 12:00:00,2075,10,21,NA,11.3844492748996,25.7164181790368
2075-10-22 12:00:00,2075,10,22,NA,9.43565070950416,17.3357148271948
2075-10-23 12:00:00,2075,10,23,NA,11.5239406240788,23.7704556921569
2075-10-24 12:00:00,2075,10,24,NA,11.6451222438121,22.7794733252514
2075-10-25 12:00:00,2075,10,25,NA,10.1570697711634,22.5643893381717
2075-10-26 12:00:00,2075,10,26,NA,8.64325333025771,23.5246413609741
2075-10-27 12:00:00,2075,10,27,NA,14.3379490972021,18.826565624689
2075-10-28 12:00:00,2075,10,28,NA,12.9749670914227,21.9198579136271
2075-10-29 12:00:00,2075,10,29,NA,10.7845089868654,18.4332110010795
2075-10-30 12:00:00,2075,10,30,NA,9.2042264053393,20.3249772478334
2075-10-31 12:00:00,2075,10,31,NA,8.39880392118355,16.1068753956249
2075-11-01 12:00:00,2075,11,1,NA,11.1404153005503,14.3999783296846
2075-11-02 12:00:00,2075,11,2,NA,6.85326884081519,19.4737308333828
2075-11-03 12:00:00,2075,11,3,NA,5.29662439159149,20.2331777768586
2075-11-04 12:00:00,2075,11,4,NA,6.32775728724626,19.1167317794177
2075-11-05 12:00:00,2075,11,5,NA,5.04660290789806,22.5567750321906
2075-11-06 12:00:00,2075,11,6,NA,2.92188046082449,18.3533400079074
2075-11-07 12:00:00,2075,11,7,NA,4.27002988401268,19.4556930176111
2075-11-08 12:00:00,2075,11,8,NA,6.54590834078198,18.8548593967634
2075-11-09 12:00:00,2075,11,9,NA,7.11223900667356,19.0929072740307
2075-11-10 12:00:00,2075,11,10,NA,7.07457842686735,20.9261377883443
2075-11-11 12:00:00,2075,11,11,NA,8.35892155252003,16.1475175606222
2075-11-12 12:00:00,2075,11,12,NA,8.03304298926233,22.9239818534726
2075-11-13 12:00:00,2075,11,13,NA,8.71572161114211,21.0330580699171
2075-11-14 12:00:00,2075,11,14,NA,8.07091760866025,21.8010365056728
2075-11-15 12:00:00,2075,11,15,NA,9.716400716049,22.0014866043329
2075-11-16 12:00:00,2075,11,16,NA,9.38165577962368,18.4092509309493
2075-11-17 12:00:00,2075,11,17,NA,7.2957592185222,16.5262720653369
2075-11-18 12:00:00,2075,11,18,NA,4.88407230015133,15.7419932744888
2075-11-19 12:00:00,2075,11,19,NA,2.73526952508087,11.2992044921093
2075-11-20 12:00:00,2075,11,20,NA,1.13892558983415,15.3040608853687
2075-11-21 12:00:00,2075,11,21,NA,1.59386638615447,13.0291637005407
2075-11-22 12:00:00,2075,11,22,NA,0.0243344406459869,7.067342863384
2075-11-23 12:00:00,2075,11,23,NA,-0.0218969988858326,10.7152359740509
2075-11-24 12:00:00,2075,11,24,NA,1.29459386523646,8.18526657613784
2075-11-25 12:00:00,2075,11,25,NA,0.339200785899446,13.8865346354919
2075-11-26 12:00:00,2075,11,26,NA,0.139788031592562,14.5150349806755
2075-11-27 12:00:00,2075,11,27,NA,-0.585724878128635,4.06326997786592
2075-11-28 12:00:00,2075,11,28,NA,-2.23425153446646,11.0737134800005
2075-11-29 12:00:00,2075,11,29,NA,-0.597831676786413,15.5790479958236
2075-11-30 12:00:00,2075,11,30,NA,-1.24119561187208,12.7761147678044
2075-12-01 12:00:00,2075,12,1,NA,2.55588471813017,15.0803653432186
2075-12-02 12:00:00,2075,12,2,NA,-2.46626630420622,6.6144108559981
2075-12-03 12:00:00,2075,12,3,NA,1.05285642128115,7.40417314910763
2075-12-04 12:00:00,2075,12,4,NA,-1.73216908696109,4.7572729198327
2075-12-05 12:00:00,2075,12,5,NA,1.04972975681285,7.11506930331716
2075-12-06 12:00:00,2075,12,6,NA,2.35147956629203,10.9383020997002
2075-12-07 12:00:00,2075,12,7,NA,3.01378094898461,7.86118401634329
2075-12-08 12:00:00,2075,12,8,NA,5.53114920996243,12.6091245174634
2075-12-09 12:00:00,2075,12,9,NA,1.48126438671452,7.77845231160075
2075-12-10 12:00:00,2075,12,10,NA,-0.748593185131952,3.82937249664076
2075-12-11 12:00:00,2075,12,11,NA,-2.60077019258174,2.64518915928021
2075-12-12 12:00:00,2075,12,12,NA,-1.56934340219341,4.9143736793732
2075-12-13 12:00:00,2075,12,13,NA,-2.96351728860232,9.80839329962198
2075-12-14 12:00:00,2075,12,14,NA,-3.5619926689091,8.6938146045785
2075-12-15 12:00:00,2075,12,15,NA,-3.91749813773682,11.3043270665959
2075-12-16 12:00:00,2075,12,16,NA,-0.0217279399765617,14.2911154735981
2075-12-17 12:00:00,2075,12,17,NA,-0.411164610474431,11.8406892643019
2075-12-18 12:00:00,2075,12,18,NA,2.96461572707057,14.2390007954864
2075-12-19 12:00:00,2075,12,19,NA,3.8037413974567,12.8977770635045
2075-12-20 12:00:00,2075,12,20,NA,-1.31829279971708,7.4578719574087
2075-12-21 12:00:00,2075,12,21,NA,0.373180220552013,8.58220051309384
2075-12-22 12:00:00,2075,12,22,NA,-0.0761877379860065,11.0366314075458
2075-12-23 12:00:00,2075,12,23,NA,-0.867601963372219,5.70370727479522
2075-12-24 12:00:00,2075,12,24,NA,1.69322559437074,8.65267957081385
2075-12-25 12:00:00,2075,12,25,NA,3.55725154781936,10.1264057876333
2075-12-26 12:00:00,2075,12,26,NA,0.531174004794825,8.0090764841673
2075-12-27 12:00:00,2075,12,27,NA,-6.50892730783039,-0.830255764502521
2075-12-28 12:00:00,2075,12,28,NA,-5.94777557137228,1.66503159449649
2075-12-29 12:00:00,2075,12,29,NA,-6.0153980567851,2.97119273112947
2075-12-30 12:00:00,2075,12,30,NA,-4.83569469198418,6.38867423428615
2075-12-31 12:00:00,2075,12,31,NA,-7.80216817448571,-0.725668146687584
2076-01-01 12:00:00,2076,1,1,NA,-8.59680955872334,3.32019525642695
2076-01-02 12:00:00,2076,1,2,NA,-8.91008212453711,5.08538010133313
2076-01-03 12:00:00,2076,1,3,NA,-8.29770958744623,6.25996326074429
2076-01-04 12:00:00,2076,1,4,NA,-6.38036981730775,6.75869848365596
2076-01-05 12:00:00,2076,1,5,NA,-4.71591674384191,1.1461875768075
2076-01-06 12:00:00,2076,1,6,NA,-3.07601822061907,3.92336061014897
2076-01-07 12:00:00,2076,1,7,NA,-2.52511164486799,7.69704520961035
2076-01-08 12:00:00,2076,1,8,NA,-5.93516333801136,3.73519170876947
2076-01-09 12:00:00,2076,1,9,NA,-5.99722220064091,5.03621110359011
2076-01-10 12:00:00,2076,1,10,NA,-5.4119557572305,7.87223750704098
2076-01-11 12:00:00,2076,1,11,NA,-3.89491906576044,3.591140645527
2076-01-12 12:00:00,2076,1,12,NA,-4.72939741129517,6.83426748283635
2076-01-13 12:00:00,2076,1,13,NA,-1.99317552788317,10.1434212316902
2076-01-14 12:00:00,2076,1,14,NA,3.1158235008484,8.05311244599727
2076-01-15 12:00:00,2076,1,15,NA,0.357859403451308,6.25836477431563
2076-01-16 12:00:00,2076,1,16,NA,-2.75000613934313,3.14356423179083
2076-01-17 12:00:00,2076,1,17,NA,-5.51726370756323,3.37664897186913
2076-01-18 12:00:00,2076,1,18,NA,-6.22467886434271,1.07908920011998
2076-01-19 12:00:00,2076,1,19,NA,-6.60115022806886,3.89790937528224
2076-01-20 12:00:00,2076,1,20,NA,-6.04802066212495,8.3066300120528
2076-01-21 12:00:00,2076,1,21,NA,-3.18600711104354,13.5978145300425
2076-01-22 12:00:00,2076,1,22,NA,-1.21857588124306,12.5926159888304
2076-01-23 12:00:00,2076,1,23,NA,3.34233003294449,13.801123129683
2076-01-24 12:00:00,2076,1,24,NA,5.55532323903401,11.7692758438238
2076-01-25 12:00:00,2076,1,25,NA,3.22577936384666,11.7711129352359
2076-01-26 12:00:00,2076,1,26,NA,4.61989495100367,7.3436578154413
2076-01-27 12:00:00,2076,1,27,NA,8.8475459259101,12.6050676520684
2076-01-28 12:00:00,2076,1,28,NA,3.15920764379841,10.3626877286081
2076-01-29 12:00:00,2076,1,29,NA,5.25854860795542,10.3195945491449
2076-01-30 12:00:00,2076,1,30,NA,0.193557842938749,7.64148446186526
2076-01-31 12:00:00,2076,1,31,NA,-1.44571352828379,8.85707528515526
2076-02-01 12:00:00,2076,2,1,NA,1.09884812867193,8.96869613869935
2076-02-02 12:00:00,2076,2,2,NA,-2.5553267560001,8.74977064118303
2076-02-03 12:00:00,2076,2,3,NA,-2.98296704245127,7.95005127173899
2076-02-04 12:00:00,2076,2,4,NA,-3.75716211980115,3.47422630979762
2076-02-05 12:00:00,2076,2,5,NA,-2.7854049355843,10.7017509936722
2076-02-06 12:00:00,2076,2,6,NA,-6.20674179347898,11.9026672992852
2076-02-07 12:00:00,2076,2,7,NA,-3.65934157890699,15.6455418880773
2076-02-08 12:00:00,2076,2,8,NA,-2.60296574121514,8.32291140662336
2076-02-09 12:00:00,2076,2,9,NA,-1.92940821193729,11.8203548315575
2076-02-10 12:00:00,2076,2,10,NA,1.25411804314644,14.1272480519141
2076-02-11 12:00:00,2076,2,11,NA,1.03518712727207,16.2222553892683
2076-02-12 12:00:00,2076,2,12,NA,-1.07498276034535,11.4927461498218
2076-02-13 12:00:00,2076,2,13,NA,-4.14765075039237,11.0963070736809
2076-02-14 12:00:00,2076,2,14,NA,-2.27800402770228,13.1981962146463
2076-02-15 12:00:00,2076,2,15,NA,-1.56100879252571,9.96043268775534
2076-02-16 12:00:00,2076,2,16,NA,-1.35303650188529,6.39149483714904
2076-02-17 12:00:00,2076,2,17,NA,-0.101505882367827,9.33505899071806
2076-02-18 12:00:00,2076,2,18,NA,-3.37229700752988,3.94226143119008
2076-02-19 12:00:00,2076,2,19,NA,-4.19073418531542,13.2155499792054
2076-02-20 12:00:00,2076,2,20,NA,-1.3845366614549,13.2534827952472
2076-02-21 12:00:00,2076,2,21,NA,-3.29418011874438,16.0107033482399
2076-02-22 12:00:00,2076,2,22,NA,-3.16726473611467,6.49837683350538
2076-02-23 12:00:00,2076,2,23,NA,-5.41002804871512,8.96311754797962
2076-02-24 12:00:00,2076,2,24,NA,-2.97856807107499,8.26992237944196
2076-02-25 12:00:00,2076,2,25,NA,-3.33524990208147,7.72734161589419
2076-02-26 12:00:00,2076,2,26,NA,-3.42785800782104,6.87259195167759
2076-02-27 12:00:00,2076,2,27,NA,-4.6387526322551,2.98675250903314
2076-02-28 12:00:00,2076,2,28,NA,-3.8964031327076,0.969108624466611
2076-02-29 12:00:00,2076,2,29,NA,-4.381037930182,2.71126801654003
2076-03-01 12:00:00,2076,3,1,NA,-5.63364357287723,1.50767784535932
2076-03-02 12:00:00,2076,3,2,NA,-4.80785692714314,3.85677004806012
2076-03-03 12:00:00,2076,3,3,NA,-0.810324100659368,2.14478174499136
2076-03-04 12:00:00,2076,3,4,NA,-3.13360723189832,3.7328132132135
2076-03-05 12:00:00,2076,3,5,NA,-4.2826176130477,7.71480412710554
2076-03-06 12:00:00,2076,3,6,NA,-3.50641158941368,10.6899784624693
2076-03-07 12:00:00,2076,3,7,NA,-3.70917322560917,10.3574427390785
2076-03-08 12:00:00,2076,3,8,NA,-2.23510129960655,10.6919774808772
2076-03-09 12:00:00,2076,3,9,NA,-0.679491588504412,15.1069888277857
2076-03-10 12:00:00,2076,3,10,NA,-0.0417988150372137,14.6475388084417
2076-03-11 12:00:00,2076,3,11,NA,1.33367603159398,15.3076643248688
2076-03-12 12:00:00,2076,3,12,NA,0.194080907593425,12.1015280573278
2076-03-13 12:00:00,2076,3,13,NA,-0.174510899611344,12.578250599675
2076-03-14 12:00:00,2076,3,14,NA,2.15266889358403,17.3081562798806
2076-03-15 12:00:00,2076,3,15,NA,2.95902293014251,10.0333819448215
2076-03-16 12:00:00,2076,3,16,NA,2.08797153271173,7.69878091136851
2076-03-17 12:00:00,2076,3,17,NA,1.68327367818203,8.48356065158223
2076-03-18 12:00:00,2076,3,18,NA,0.0957492609936805,11.3854010465282
2076-03-19 12:00:00,2076,3,19,NA,-1.55016008020626,5.19065508019719
2076-03-20 12:00:00,2076,3,20,NA,-1.08669739887424,8.30319225035243
2076-03-21 12:00:00,2076,3,21,NA,2.42933792122114,16.1205416323896
2076-03-22 12:00:00,2076,3,22,NA,5.43036149772379,16.5938663086578
2076-03-23 12:00:00,2076,3,23,NA,6.28479479259609,14.4561195018706
2076-03-24 12:00:00,2076,3,24,NA,7.46372947862614,15.4116247440431
2076-03-25 12:00:00,2076,3,25,NA,3.62830013040523,18.6038254631235
2076-03-26 12:00:00,2076,3,26,NA,3.38348417772919,18.7752633631389
2076-03-27 12:00:00,2076,3,27,NA,7.25780950148302,16.2286171886488
2076-03-28 12:00:00,2076,3,28,NA,2.53331017275934,9.32380167349584
2076-03-29 12:00:00,2076,3,29,NA,2.07811290393398,10.3644346881867
2076-03-30 12:00:00,2076,3,30,NA,0.257925194347328,9.94334272062952
2076-03-31 12:00:00,2076,3,31,NA,-0.00197710372574633,16.944436325374
2076-04-01 12:00:00,2076,4,1,NA,3.22069611306021,10.8754418653583
2076-04-02 12:00:00,2076,4,2,NA,2.99349781407182,9.51887158113705
2076-04-03 12:00:00,2076,4,3,NA,7.42280803873714,15.3659347316467
2076-04-04 12:00:00,2076,4,4,NA,7.80921249252635,18.2853266857979
2076-04-05 12:00:00,2076,4,5,NA,12.135077712744,19.0400678057527
2076-04-06 12:00:00,2076,4,6,NA,8.54437354627806,20.724291906653
2076-04-07 12:00:00,2076,4,7,NA,8.90276452443216,21.3306899327883
2076-04-08 12:00:00,2076,4,8,NA,6.92146966623844,21.9719025786652
2076-04-09 12:00:00,2076,4,9,NA,6.16149006416883,21.9711556988504
2076-04-10 12:00:00,2076,4,10,NA,7.15695141462289,21.3428373633902
2076-04-11 12:00:00,2076,4,11,NA,8.26346622308836,22.7946994110012
2076-04-12 12:00:00,2076,4,12,NA,16.2797309874379,23.1666409099564
2076-04-13 12:00:00,2076,4,13,NA,7.01216392505686,22.1441289946644
2076-04-14 12:00:00,2076,4,14,NA,8.30726159570835,25.2067716812542
2076-04-15 12:00:00,2076,4,15,NA,13.4439774157451,24.3270276848009
2076-04-16 12:00:00,2076,4,16,NA,15.5598213354521,24.9816871344705
2076-04-17 12:00:00,2076,4,17,NA,10.4985366441715,24.9344356664682
2076-04-18 12:00:00,2076,4,18,NA,9.46211590722555,27.9494875738052
2076-04-19 12:00:00,2076,4,19,NA,10.8215892019669,23.6306876383715
2076-04-20 12:00:00,2076,4,20,NA,11.8562974718838,20.7472997781529
2076-04-21 12:00:00,2076,4,21,NA,9.02862774328787,22.8454371722128
2076-04-22 12:00:00,2076,4,22,NA,11.018611118266,18.9290395513123
2076-04-23 12:00:00,2076,4,23,NA,11.3561370110249,21.2300326999918
2076-04-24 12:00:00,2076,4,24,NA,8.42257436003399,17.6849652492255
2076-04-25 12:00:00,2076,4,25,NA,9.97323807370044,15.4923798371894
2076-04-26 12:00:00,2076,4,26,NA,6.13417655634971,15.2638840885781
2076-04-27 12:00:00,2076,4,27,NA,5.61122164261457,10.2178746328481
2076-04-28 12:00:00,2076,4,28,NA,5.53334989055001,16.2022865987897
2076-04-29 12:00:00,2076,4,29,NA,7.74654602228452,23.4678336188406
2076-04-30 12:00:00,2076,4,30,NA,14.7824254150573,26.6394992134153
2076-05-01 12:00:00,2076,5,1,NA,14.9140523645715,26.6892985972283
2076-05-02 12:00:00,2076,5,2,NA,14.7411575652973,25.8486884211838
2076-05-03 12:00:00,2076,5,3,NA,12.1303243467917,21.630707258755
2076-05-04 12:00:00,2076,5,4,NA,14.2650201540285,19.2666041104024
2076-05-05 12:00:00,2076,5,5,NA,13.8976441303049,19.4551165495271
2076-05-06 12:00:00,2076,5,6,NA,11.3418883218288,22.4458495339947
2076-05-07 12:00:00,2076,5,7,NA,14.5849650350829,20.2578642131899
2076-05-08 12:00:00,2076,5,8,NA,11.914624682519,24.3779416978537
2076-05-09 12:00:00,2076,5,9,NA,12.0091218176898,21.8111269447867
2076-05-10 12:00:00,2076,5,10,NA,12.6524535634276,25.0815466651704
2076-05-11 12:00:00,2076,5,11,NA,14.2779058587342,23.1497410103218
2076-05-12 12:00:00,2076,5,12,NA,12.3613398969639,20.9770403105033
2076-05-13 12:00:00,2076,5,13,NA,10.9726068386188,26.1477684056203
2076-05-14 12:00:00,2076,5,14,NA,13.9763642875835,25.9885160028602
2076-05-15 12:00:00,2076,5,15,NA,16.5385732358895,28.2241887692694
2076-05-16 12:00:00,2076,5,16,NA,15.2356377870284,19.7952980849598
2076-05-17 12:00:00,2076,5,17,NA,10.8393817373479,22.919741353976
2076-05-18 12:00:00,2076,5,18,NA,8.30475676840074,26.0792211528403
2076-05-19 12:00:00,2076,5,19,NA,9.59942713056068,19.3965696073271
2076-05-20 12:00:00,2076,5,20,NA,11.3393715540419,16.2369949481445
2076-05-21 12:00:00,2076,5,21,NA,12.857048831782,23.0155144960329
2076-05-22 12:00:00,2076,5,22,NA,13.1836061563751,26.3401072678725
2076-05-23 12:00:00,2076,5,23,NA,15.5186748914944,20.4133027450354
2076-05-24 12:00:00,2076,5,24,NA,12.2225420720393,22.6839643632181
2076-05-25 12:00:00,2076,5,25,NA,12.7819625781055,24.5266865799783
2076-05-26 12:00:00,2076,5,26,NA,11.0617417968671,21.2341585276457
2076-05-27 12:00:00,2076,5,27,NA,10.9867318425878,23.4158249443305
2076-05-28 12:00:00,2076,5,28,NA,13.4876195218952,28.3480678503796
2076-05-29 12:00:00,2076,5,29,NA,17.8393660293657,32.5275283026591
2076-05-30 12:00:00,2076,5,30,NA,20.3862738164733,31.3299529633157
2076-05-31 12:00:00,2076,5,31,NA,19.852433355134,30.6385002869169
2076-06-01 12:00:00,2076,6,1,NA,19.6439661680057,31.6561178832824
2076-06-02 12:00:00,2076,6,2,NA,22.0219841918021,28.8935834538531
2076-06-03 12:00:00,2076,6,3,NA,20.419330578236,27.4971020942219
2076-06-04 12:00:00,2076,6,4,NA,17.9177916990218,24.2277882388171
2076-06-05 12:00:00,2076,6,5,NA,18.2381317551075,24.9942735698723
2076-06-06 12:00:00,2076,6,6,NA,19.0901009671109,26.1096187769317
2076-06-07 12:00:00,2076,6,7,NA,21.7097006145556,24.325314378271
2076-06-08 12:00:00,2076,6,8,NA,22.2385486819554,28.1846267227374
2076-06-09 12:00:00,2076,6,9,NA,18.9564885292721,28.4842152786426
2076-06-10 12:00:00,2076,6,10,NA,22.5743921076025,27.6516627217762
2076-06-11 12:00:00,2076,6,11,NA,22.4246372604501,28.7632906366339
2076-06-12 12:00:00,2076,6,12,NA,21.6658121086182,30.1207798235853
2076-06-13 12:00:00,2076,6,13,NA,22.053614945771,34.9897120218788
2076-06-14 12:00:00,2076,6,14,NA,23.3355907402151,31.3531420635143
2076-06-15 12:00:00,2076,6,15,NA,22.9485609783636,32.6007551790047
2076-06-16 12:00:00,2076,6,16,NA,25.4908339224052,30.2823136120963
2076-06-17 12:00:00,2076,6,17,NA,24.9782293946824,27.4422271203579
2076-06-18 12:00:00,2076,6,18,NA,22.8967733065977,27.5942642943065
2076-06-19 12:00:00,2076,6,19,NA,22.3083981603697,24.9938975195659
2076-06-20 12:00:00,2076,6,20,NA,20.033788565821,27.3926277279135
2076-06-21 12:00:00,2076,6,21,NA,19.5544026926062,27.6399687889894
2076-06-22 12:00:00,2076,6,22,NA,19.6181492748984,27.6357005981976
2076-06-23 12:00:00,2076,6,23,NA,23.6290375942123,30.9878767563048
2076-06-24 12:00:00,2076,6,24,NA,23.4461683500736,29.9723043718924
2076-06-25 12:00:00,2076,6,25,NA,20.6471872301081,31.7032322393029
2076-06-26 12:00:00,2076,6,26,NA,19.2962608573814,28.3938200376061
2076-06-27 12:00:00,2076,6,27,NA,19.7740476796273,31.1277782046229
2076-06-28 12:00:00,2076,6,28,NA,19.3845450004159,31.6370961838332
2076-06-29 12:00:00,2076,6,29,NA,20.7128359571751,27.3239466273161
2076-06-30 12:00:00,2076,6,30,NA,21.3380258140819,31.3780116787742
2076-07-01 12:00:00,2076,7,1,NA,21.0252883871296,33.8684974846863
2076-07-02 12:00:00,2076,7,2,NA,23.1732953890937,32.6322176807113
2076-07-03 12:00:00,2076,7,3,NA,20.8638979908811,26.8493404597026
2076-07-04 12:00:00,2076,7,4,NA,20.7575238255568,27.7586243812572
2076-07-05 12:00:00,2076,7,5,NA,22.5498935343821,29.3693568280086
2076-07-06 12:00:00,2076,7,6,NA,24.1303402423941,30.9466793819602
2076-07-07 12:00:00,2076,7,7,NA,24.3680698142198,31.1301949959524
2076-07-08 12:00:00,2076,7,8,NA,24.4527403202693,28.374574136833
2076-07-09 12:00:00,2076,7,9,NA,24.434233088297,29.3197090858061
2076-07-10 12:00:00,2076,7,10,NA,20.7374232383455,27.6731910413829
2076-07-11 12:00:00,2076,7,11,NA,23.0465665661347,26.0139141356659
2076-07-12 12:00:00,2076,7,12,NA,21.5780806938244,28.2912584776026
2076-07-13 12:00:00,2076,7,13,NA,18.8066928822012,28.1570461307862
2076-07-14 12:00:00,2076,7,14,NA,21.0402881964247,29.4769939950631
2076-07-15 12:00:00,2076,7,15,NA,21.800073378646,30.0572534799293
2076-07-16 12:00:00,2076,7,16,NA,22.1067013866537,30.3423568566219
2076-07-17 12:00:00,2076,7,17,NA,23.2447295357397,33.5914070866401
2076-07-18 12:00:00,2076,7,18,NA,23.6417919100928,33.5642334822537
2076-07-19 12:00:00,2076,7,19,NA,20.0321259313327,28.9366595375871
2076-07-20 12:00:00,2076,7,20,NA,21.3136153914135,28.9462841677313
2076-07-21 12:00:00,2076,7,21,NA,22.2495721767433,25.2063929851237
2076-07-22 12:00:00,2076,7,22,NA,23.2686629760551,27.0587335345262
2076-07-23 12:00:00,2076,7,23,NA,22.9336658188009,27.1151433340815
2076-07-24 12:00:00,2076,7,24,NA,22.8100808043038,31.6719875435489
2076-07-25 12:00:00,2076,7,25,NA,23.3918104426112,33.461054020727
2076-07-26 12:00:00,2076,7,26,NA,24.5249619632849,33.1605687303294
2076-07-27 12:00:00,2076,7,27,NA,25.9505490978111,35.8687124639386
2076-07-28 12:00:00,2076,7,28,NA,25.969852474078,31.788897014328
2076-07-29 12:00:00,2076,7,29,NA,24.1821497386915,29.5121347069987
2076-07-30 12:00:00,2076,7,30,NA,24.6646229686324,32.2909666974625
2076-07-31 12:00:00,2076,7,31,NA,25.4734496499623,33.5302696055041
2076-08-01 12:00:00,2076,8,1,NA,27.9843129565818,35.8477822982528
2076-08-02 12:00:00,2076,8,2,NA,27.4539043495259,34.3068772582166
2076-08-03 12:00:00,2076,8,3,NA,26.105211703249,33.331541846612
2076-08-04 12:00:00,2076,8,4,NA,24.3490987861354,34.8343861221193
2076-08-05 12:00:00,2076,8,5,NA,25.298597385517,36.6657865380247
2076-08-06 12:00:00,2076,8,6,NA,27.1424240404691,38.2440894925315
2076-08-07 12:00:00,2076,8,7,NA,27.8982275771385,37.246298944686
2076-08-08 12:00:00,2076,8,8,NA,28.761766306494,37.7410217605162
2076-08-09 12:00:00,2076,8,9,NA,29.4602943732499,37.0162240607667
2076-08-10 12:00:00,2076,8,10,NA,30.8663197820521,34.4444036375686
2076-08-11 12:00:00,2076,8,11,NA,29.6705703042492,33.6805410848542
2076-08-12 12:00:00,2076,8,12,NA,26.5243075549866,35.0790789134729
2076-08-13 12:00:00,2076,8,13,NA,27.1675168085727,32.5583830324246
2076-08-14 12:00:00,2076,8,14,NA,26.6230667323693,31.5409389836344
2076-08-15 12:00:00,2076,8,15,NA,26.2747455253831,31.465083662795
2076-08-16 12:00:00,2076,8,16,NA,25.5642443318119,30.8597605428338
2076-08-17 12:00:00,2076,8,17,NA,24.5811868716623,32.2618167074521
2076-08-18 12:00:00,2076,8,18,NA,23.3875185822084,32.9840129185246
2076-08-19 12:00:00,2076,8,19,NA,27.2372287493503,35.8804580249946
2076-08-20 12:00:00,2076,8,20,NA,27.0371398661043,36.091537946241
2076-08-21 12:00:00,2076,8,21,NA,27.1501196106421,35.7933488862864
2076-08-22 12:00:00,2076,8,22,NA,28.3670348795014,34.1346207292549
2076-08-23 12:00:00,2076,8,23,NA,26.7070787173485,32.2055528235816
2076-08-24 12:00:00,2076,8,24,NA,28.6418581071747,34.402274633152
2076-08-25 12:00:00,2076,8,25,NA,25.7242827929896,29.5689462232679
2076-08-26 12:00:00,2076,8,26,NA,24.0270817552159,27.4982617499851
2076-08-27 12:00:00,2076,8,27,NA,25.0217397467826,28.9687851438821
2076-08-28 12:00:00,2076,8,28,NA,24.9157282774466,29.7828021475123
2076-08-29 12:00:00,2076,8,29,NA,25.6064060122164,32.7254537139652
2076-08-30 12:00:00,2076,8,30,NA,22.6771707733617,28.7705097995749
2076-08-31 12:00:00,2076,8,31,NA,20.9773118516582,29.065128109713
2076-09-01 12:00:00,2076,9,1,NA,20.1048070683233,26.0853532072471
2076-09-02 12:00:00,2076,9,2,NA,19.5334762037089,26.8607304605256
2076-09-03 12:00:00,2076,9,3,NA,22.8254497449442,30.1990468676622
2076-09-04 12:00:00,2076,9,4,NA,22.5383679930992,32.5749085410488
2076-09-05 12:00:00,2076,9,5,NA,21.5951796644115,31.6853798748773
2076-09-06 12:00:00,2076,9,6,NA,20.0613330380092,33.0408220695152
2076-09-07 12:00:00,2076,9,7,NA,19.2184752112186,31.9316258708046
2076-09-08 12:00:00,2076,9,8,NA,20.0218940537438,29.533831464436
2076-09-09 12:00:00,2076,9,9,NA,21.3802096656174,30.8202681513495
2076-09-10 12:00:00,2076,9,10,NA,24.0963994367791,29.3773395183991
2076-09-11 12:00:00,2076,9,11,NA,23.8994651476093,25.7179640878817
2076-09-12 12:00:00,2076,9,12,NA,20.2114001788102,26.3018576548214
2076-09-13 12:00:00,2076,9,13,NA,19.4490189009143,28.1566525508886
2076-09-14 12:00:00,2076,9,14,NA,18.82279321745,29.8219779428758
2076-09-15 12:00:00,2076,9,15,NA,18.1350037126234,30.7156633719951
2076-09-16 12:00:00,2076,9,16,NA,20.1394920470468,29.976747094156
2076-09-17 12:00:00,2076,9,17,NA,20.1828633202547,27.8048279904735
2076-09-18 12:00:00,2076,9,18,NA,18.6756920697114,26.7383358025759
2076-09-19 12:00:00,2076,9,19,NA,20.3701680279713,24.0994397063478
2076-09-20 12:00:00,2076,9,20,NA,20.1642426792615,23.0405238142484
2076-09-21 12:00:00,2076,9,21,NA,17.2876302913759,19.1016752429627
2076-09-22 12:00:00,2076,9,22,NA,16.9618394134478,24.2835210106968
2076-09-23 12:00:00,2076,9,23,NA,16.6578611410979,23.4916044443393
2076-09-24 12:00:00,2076,9,24,NA,17.9550080618507,23.9381407027498
2076-09-25 12:00:00,2076,9,25,NA,18.1777918099604,24.6955101434085
2076-09-26 12:00:00,2076,9,26,NA,14.899644699218,24.2549715115539
2076-09-27 12:00:00,2076,9,27,NA,14.7534613384383,25.2172241912997
2076-09-28 12:00:00,2076,9,28,NA,17.2447034619888,22.7889534765804
2076-09-29 12:00:00,2076,9,29,NA,15.1649537104761,25.7477347534903
2076-09-30 12:00:00,2076,9,30,NA,16.3205150628899,27.259548867124
2076-10-01 12:00:00,2076,10,1,NA,15.1631271751708,28.6287503655647
2076-10-02 12:00:00,2076,10,2,NA,16.5528503803331,25.2127046957916
2076-10-03 12:00:00,2076,10,3,NA,15.4429523650474,25.5478782135022
2076-10-04 12:00:00,2076,10,4,NA,19.5662986124802,25.9200945434758
2076-10-05 12:00:00,2076,10,5,NA,17.8236747400392,24.7729995238516
2076-10-06 12:00:00,2076,10,6,NA,16.6222950856596,24.9245462517609
2076-10-07 12:00:00,2076,10,7,NA,13.100243752976,23.3204037995427
2076-10-08 12:00:00,2076,10,8,NA,13.5299057156596,24.9137280082997
2076-10-09 12:00:00,2076,10,9,NA,12.4196525756758,24.1643547882103
2076-10-10 12:00:00,2076,10,10,NA,12.3992581965944,26.7470715167526
2076-10-11 12:00:00,2076,10,11,NA,10.0831833138898,23.7374271612302
2076-10-12 12:00:00,2076,10,12,NA,9.36869241057376,20.3256244163866
2076-10-13 12:00:00,2076,10,13,NA,8.95567200186672,16.4067158989015
2076-10-14 12:00:00,2076,10,14,NA,8.4363069708507,18.949073669099
2076-10-15 12:00:00,2076,10,15,NA,7.76918556003418,17.0520440647897
2076-10-16 12:00:00,2076,10,16,NA,6.43237545044349,20.713701985613
2076-10-17 12:00:00,2076,10,17,NA,8.5953745402271,20.5670055039401
2076-10-18 12:00:00,2076,10,18,NA,10.0755068667677,21.3815394027547
2076-10-19 12:00:00,2076,10,19,NA,9.694280142119,19.5196837247727
2076-10-20 12:00:00,2076,10,20,NA,10.0634030709715,22.0247172384629
2076-10-21 12:00:00,2076,10,21,NA,11.0225368545714,22.2008498266697
2076-10-22 12:00:00,2076,10,22,NA,8.58325665693634,18.3793541467524
2076-10-23 12:00:00,2076,10,23,NA,10.6647674892022,17.3486337788519
2076-10-24 12:00:00,2076,10,24,NA,4.98513185565876,11.3370363357708
2076-10-25 12:00:00,2076,10,25,NA,4.69852011002,13.5775088414372
2076-10-26 12:00:00,2076,10,26,NA,4.54299754502296,17.105962150129
2076-10-27 12:00:00,2076,10,27,NA,4.81236572120577,22.7499536174005
2076-10-28 12:00:00,2076,10,28,NA,8.30511942370556,17.788687679842
2076-10-29 12:00:00,2076,10,29,NA,8.70645652666279,19.6502573234829
2076-10-30 12:00:00,2076,10,30,NA,9.97386069014246,24.1071330402632
2076-10-31 12:00:00,2076,10,31,NA,10.7684832664946,23.1541824679425
2076-11-01 12:00:00,2076,11,1,NA,7.28352880814152,19.1167424589201
2076-11-02 12:00:00,2076,11,2,NA,8.61017424089716,19.1229409391455
2076-11-03 12:00:00,2076,11,3,NA,7.65002425051934,19.7361917379525
2076-11-04 12:00:00,2076,11,4,NA,6.03930445141589,23.4376542598218
2076-11-05 12:00:00,2076,11,5,NA,9.85994093602984,23.3326233704736
2076-11-06 12:00:00,2076,11,6,NA,8.69921442191032,20.7853819093435
2076-11-07 12:00:00,2076,11,7,NA,6.57851429798584,19.7362422741329
2076-11-08 12:00:00,2076,11,8,NA,5.51660886095322,18.9741380250202
2076-11-09 12:00:00,2076,11,9,NA,6.58722904867591,17.5504448288377
2076-11-10 12:00:00,2076,11,10,NA,6.85251048324675,12.0344074196095
2076-11-11 12:00:00,2076,11,11,NA,4.23268029014419,14.7985686474454
2076-11-12 12:00:00,2076,11,12,NA,4.66209368073717,9.61915408670093
2076-11-13 12:00:00,2076,11,13,NA,5.18876998380202,13.3802792900377
2076-11-14 12:00:00,2076,11,14,NA,6.04219504099007,13.8543450408125
2076-11-15 12:00:00,2076,11,15,NA,3.97997161014129,16.5886159832136
2076-11-16 12:00:00,2076,11,16,NA,3.27239741953612,15.3585649069693
2076-11-17 12:00:00,2076,11,17,NA,6.68069138259606,18.3204793218885
2076-11-18 12:00:00,2076,11,18,NA,7.07065320288574,23.1747221017536
2076-11-19 12:00:00,2076,11,19,NA,9.22197386671892,21.646684108023
2076-11-20 12:00:00,2076,11,20,NA,12.2578478668219,22.5945461649741
2076-11-21 12:00:00,2076,11,21,NA,12.5075148908465,22.6934003320962
2076-11-22 12:00:00,2076,11,22,NA,8.2181047754298,17.0047953936539
2076-11-23 12:00:00,2076,11,23,NA,1.44306229106976,7.11061528490629
2076-11-24 12:00:00,2076,11,24,NA,1.75392749515686,11.0449488862568
2076-11-25 12:00:00,2076,11,25,NA,1.16205404388092,9.65459688198338
2076-11-26 12:00:00,2076,11,26,NA,-1.26866746011557,3.15183579190243
2076-11-27 12:00:00,2076,11,27,NA,-0.715707242256794,7.41788901068249
2076-11-28 12:00:00,2076,11,28,NA,-1.37914983531466,13.3747722258078
2076-11-29 12:00:00,2076,11,29,NA,-0.104646033159756,12.9090690513
2076-11-30 12:00:00,2076,11,30,NA,2.02438199294883,12.7198514264631
2076-12-01 12:00:00,2076,12,1,NA,4.37906432936357,14.8587402235417
2076-12-02 12:00:00,2076,12,2,NA,1.53669960274981,10.566420028422
2076-12-03 12:00:00,2076,12,3,NA,1.48489385731788,13.7139524355925
2076-12-04 12:00:00,2076,12,4,NA,0.00521156984455029,8.70621580143853
2076-12-05 12:00:00,2076,12,5,NA,-1.4923482276129,9.43173805322314
2076-12-06 12:00:00,2076,12,6,NA,-1.38614180129582,5.74158958795881
2076-12-07 12:00:00,2076,12,7,NA,-2.47982983103337,8.23313209209408
2076-12-08 12:00:00,2076,12,8,NA,-2.33734597642567,12.9871989569391
2076-12-09 12:00:00,2076,12,9,NA,-1.24214491799603,12.9163427504894
2076-12-10 12:00:00,2076,12,10,NA,1.33892565432641,13.724109450359
2076-12-11 12:00:00,2076,12,11,NA,3.84017639404533,17.9898573638402
2076-12-12 12:00:00,2076,12,12,NA,1.59382378983083,14.9312566152461
2076-12-13 12:00:00,2076,12,13,NA,2.19307699212819,13.4815670086819
2076-12-14 12:00:00,2076,12,14,NA,0.969412172461412,14.3298849504099
2076-12-15 12:00:00,2076,12,15,NA,0.508773576457501,8.08138838284576
2076-12-16 12:00:00,2076,12,16,NA,-1.22177866915181,10.0892059401023
2076-12-17 12:00:00,2076,12,17,NA,-1.49925580949528,8.65823846861251
2076-12-18 12:00:00,2076,12,18,NA,-2.1016406575583,10.3908728223139
2076-12-19 12:00:00,2076,12,19,NA,-4.30254588589233,2.87823781449455
2076-12-20 12:00:00,2076,12,20,NA,-2.0394648048923,9.08261374720908
2076-12-21 12:00:00,2076,12,21,NA,-3.89744852207263,10.3306397286388
2076-12-22 12:00:00,2076,12,22,NA,-4.69802173802048,8.47664816240168
2076-12-23 12:00:00,2076,12,23,NA,-1.36350275201083,12.6319594738594
2076-12-24 12:00:00,2076,12,24,NA,3.49395425388163,12.5934177383167
2076-12-25 12:00:00,2076,12,25,NA,1.31895748681242,9.1229259509457
2076-12-26 12:00:00,2076,12,26,NA,-0.666371630741601,7.76494557401976
2076-12-27 12:00:00,2076,12,27,NA,-3.00766714784735,4.78072519622919
2076-12-28 12:00:00,2076,12,28,NA,-6.64627128748578,-0.16486257513291
2076-12-29 12:00:00,2076,12,29,NA,-8.79661485721686,2.45792785264845
2076-12-30 12:00:00,2076,12,30,NA,-5.16597758943668,2.24490299118608
2076-12-31 12:00:00,2076,12,31,NA,-6.33013432644355,2.7639013396043
2077-01-01 12:00:00,2077,1,1,NA,-3.83773524127283,2.55515702793497
2077-01-02 12:00:00,2077,1,2,NA,-3.30383561443745,3.39834119136607
2077-01-03 12:00:00,2077,1,3,NA,-5.94082950847177,6.88524156386239
2077-01-04 12:00:00,2077,1,4,NA,-5.94508240460246,8.11493340870706
2077-01-05 12:00:00,2077,1,5,NA,-5.50238583626263,9.69427871682362
2077-01-06 12:00:00,2077,1,6,NA,1.2339114513385,9.77924502272776
2077-01-07 12:00:00,2077,1,7,NA,0.0101922841661479,6.47969788189029
2077-01-08 12:00:00,2077,1,8,NA,-0.0693895026729789,11.4329534331881
2077-01-09 12:00:00,2077,1,9,NA,0.289392955053547,13.2512802017712
2077-01-10 12:00:00,2077,1,10,NA,8.69416796918943,14.779894488228
2077-01-11 12:00:00,2077,1,11,NA,4.96101555125356,15.2304780590768
2077-01-12 12:00:00,2077,1,12,NA,1.63721733765364,14.3996056368771
2077-01-13 12:00:00,2077,1,13,NA,1.10048577044297,13.1477598341202
2077-01-14 12:00:00,2077,1,14,NA,4.28893218074741,14.5583946885707
2077-01-15 12:00:00,2077,1,15,NA,2.87584707441476,11.9639518226432
2077-01-16 12:00:00,2077,1,16,NA,-1.77910062002838,9.74131687521839
2077-01-17 12:00:00,2077,1,17,NA,-2.45473924726361,8.80486115765742
2077-01-18 12:00:00,2077,1,18,NA,-1.38848024855452,8.01007328323385
2077-01-19 12:00:00,2077,1,19,NA,-2.2526104974963,7.89431308900457
2077-01-20 12:00:00,2077,1,20,NA,-1.57419828032005,7.74141186374104
2077-01-21 12:00:00,2077,1,21,NA,-1.11431894595645,9.45787218656582
2077-01-22 12:00:00,2077,1,22,NA,-2.66235161302383,3.51122084951201
2077-01-23 12:00:00,2077,1,23,NA,-3.60074676082081,4.44651853995018
2077-01-24 12:00:00,2077,1,24,NA,-4.2773220742138,3.17703526000883
2077-01-25 12:00:00,2077,1,25,NA,-6.61375464575587,8.94659096651445
2077-01-26 12:00:00,2077,1,26,NA,-4.85934548122993,10.2454573076141
2077-01-27 12:00:00,2077,1,27,NA,-7.06769681377487,7.28695386040288
2077-01-28 12:00:00,2077,1,28,NA,-5.35952934647375,4.85746069150132
2077-01-29 12:00:00,2077,1,29,NA,0.995274230677186,5.81537332066257
2077-01-30 12:00:00,2077,1,30,NA,-0.640913367155411,8.78833795097
2077-01-31 12:00:00,2077,1,31,NA,-0.904981383090134,9.35025503149982
2077-02-01 12:00:00,2077,2,1,NA,-3.72068372156341,4.52474968594013
2077-02-02 12:00:00,2077,2,2,NA,-3.20676048591152,9.60443548666877
2077-02-03 12:00:00,2077,2,3,NA,-0.924728017021746,11.2898648445136
2077-02-04 12:00:00,2077,2,4,NA,-0.381108565927374,11.0799274801361
2077-02-05 12:00:00,2077,2,5,NA,5.41332851581221,11.1855061910699
2077-02-06 12:00:00,2077,2,6,NA,2.06825084027516,9.80216959130371
2077-02-07 12:00:00,2077,2,7,NA,-0.163958250268933,4.88642466999429
2077-02-08 12:00:00,2077,2,8,NA,-1.080736984794,8.25122461058904
2077-02-09 12:00:00,2077,2,9,NA,-2.8492441201742,12.6251529958931
2077-02-10 12:00:00,2077,2,10,NA,-3.75086685851677,3.80741621666107
2077-02-11 12:00:00,2077,2,11,NA,-5.10180210357559,6.25761462192704
2077-02-12 12:00:00,2077,2,12,NA,-3.15605773680538,10.3071490366526
2077-02-13 12:00:00,2077,2,13,NA,0.337940124289369,6.9424433673523
2077-02-14 12:00:00,2077,2,14,NA,-0.400811360148646,10.4763198972465
2077-02-15 12:00:00,2077,2,15,NA,-0.92015474919754,7.16098359247305
2077-02-16 12:00:00,2077,2,16,NA,-1.91800626962578,11.6736720767753
2077-02-17 12:00:00,2077,2,17,NA,-2.88650485885098,8.60734026536657
2077-02-18 12:00:00,2077,2,18,NA,-3.25590150828777,10.742413894852
2077-02-19 12:00:00,2077,2,19,NA,-3.18562934304254,8.04489657466287
2077-02-20 12:00:00,2077,2,20,NA,-1.10642739213487,11.8406996340935
2077-02-21 12:00:00,2077,2,21,NA,-6.26086191189376,7.40574580848628
2077-02-22 12:00:00,2077,2,22,NA,-6.69083239009612,5.53706697659072
2077-02-23 12:00:00,2077,2,23,NA,-4.45697758224505,5.5967048185758
2077-02-24 12:00:00,2077,2,24,NA,-1.96007371510983,11.5584330492948
2077-02-25 12:00:00,2077,2,25,NA,1.13743526777729,11.9731534596515
2077-02-26 12:00:00,2077,2,26,NA,2.75624245738142,12.7283616870159
2077-02-27 12:00:00,2077,2,27,NA,-0.92918843516717,11.657761432317
2077-02-28 12:00:00,2077,2,28,NA,7.26073645396671,11.7406387853224
2077-03-01 12:00:00,2077,3,1,NA,3.22338596814141,11.5773789809347
2077-03-02 12:00:00,2077,3,2,NA,5.6306510327207,14.295278007924
2077-03-03 12:00:00,2077,3,3,NA,1.36257012225618,7.94221838348276
2077-03-04 12:00:00,2077,3,4,NA,0.504761173235265,11.404402758839
2077-03-05 12:00:00,2077,3,5,NA,3.54408828477249,12.6907964107291
2077-03-06 12:00:00,2077,3,6,NA,2.68985854284479,12.2481928719132
2077-03-07 12:00:00,2077,3,7,NA,1.95595872448501,11.2003113966382
2077-03-08 12:00:00,2077,3,8,NA,1.10244352006008,13.179701062265
2077-03-09 12:00:00,2077,3,9,NA,0.406444659928948,14.4938750969981
2077-03-10 12:00:00,2077,3,10,NA,-3.27381937728766,14.7612039475803
2077-03-11 12:00:00,2077,3,11,NA,0.213668902150351,17.1555556705333
2077-03-12 12:00:00,2077,3,12,NA,0.42829946188348,16.5783950331893
2077-03-13 12:00:00,2077,3,13,NA,2.58249599321538,11.5175011124484
2077-03-14 12:00:00,2077,3,14,NA,3.35881747485794,17.1394621485758
2077-03-15 12:00:00,2077,3,15,NA,2.45338109445233,10.5351948937546
2077-03-16 12:00:00,2077,3,16,NA,1.88493439115155,10.8199395103846
2077-03-17 12:00:00,2077,3,17,NA,3.74308918738979,9.62377345489143
2077-03-18 12:00:00,2077,3,18,NA,2.47992748868891,9.34634793380074
2077-03-19 12:00:00,2077,3,19,NA,-2.55236717339045,14.0215508559117
2077-03-20 12:00:00,2077,3,20,NA,-0.407348340270663,12.4995285156488
2077-03-21 12:00:00,2077,3,21,NA,0.800294676518614,16.1330553598482
2077-03-22 12:00:00,2077,3,22,NA,0.877766022017112,12.9103363509437
2077-03-23 12:00:00,2077,3,23,NA,2.89159061356397,9.68208211430047
2077-03-24 12:00:00,2077,3,24,NA,1.290100481961,14.2171792624448
2077-03-25 12:00:00,2077,3,25,NA,3.31519343191509,15.270343536891
2077-03-26 12:00:00,2077,3,26,NA,4.17935097769504,22.2173372856358
2077-03-27 12:00:00,2077,3,27,NA,4.25588712766035,18.3577844372163
2077-03-28 12:00:00,2077,3,28,NA,4.75274270442703,17.5055042037134
2077-03-29 12:00:00,2077,3,29,NA,1.27922199572259,14.2267251168852
2077-03-30 12:00:00,2077,3,30,NA,3.83801995544946,10.6383069288497
2077-03-31 12:00:00,2077,3,31,NA,2.89955771568554,15.8789875245408
2077-04-01 12:00:00,2077,4,1,NA,6.60828878524371,18.4373280441332
2077-04-02 12:00:00,2077,4,2,NA,6.63349110126707,16.5534287098089
2077-04-03 12:00:00,2077,4,3,NA,3.91896362639272,17.7856110145662
2077-04-04 12:00:00,2077,4,4,NA,4.41310029136071,19.4233974728936
2077-04-05 12:00:00,2077,4,5,NA,6.88276755905302,22.1930010124683
2077-04-06 12:00:00,2077,4,6,NA,8.50527086339635,22.3719182515699
2077-04-07 12:00:00,2077,4,7,NA,8.12340495977779,24.0221432290895
2077-04-08 12:00:00,2077,4,8,NA,6.18039536443278,18.8081046430307
2077-04-09 12:00:00,2077,4,9,NA,6.45980242546429,19.971611129136
2077-04-10 12:00:00,2077,4,10,NA,6.18085993205985,21.4910933854751
2077-04-11 12:00:00,2077,4,11,NA,6.51261894589354,22.7123488733071
2077-04-12 12:00:00,2077,4,12,NA,9.0625897613736,24.0620407934196
2077-04-13 12:00:00,2077,4,13,NA,8.94924972530112,20.5599562394123
2077-04-14 12:00:00,2077,4,14,NA,13.433738608717,20.3567357175947
2077-04-15 12:00:00,2077,4,15,NA,11.7168962959604,20.099044230384
2077-04-16 12:00:00,2077,4,16,NA,9.39906278423834,26.0657281950932
2077-04-17 12:00:00,2077,4,17,NA,10.5096453624141,22.4265719497556
2077-04-18 12:00:00,2077,4,18,NA,12.9752965360732,19.9052141292015
2077-04-19 12:00:00,2077,4,19,NA,10.0263198634357,20.9299643402074
2077-04-20 12:00:00,2077,4,20,NA,8.06081509612196,22.0188018100013
2077-04-21 12:00:00,2077,4,21,NA,10.3635333030822,26.7538902032751
2077-04-22 12:00:00,2077,4,22,NA,9.88498304244317,22.7558449260516
2077-04-23 12:00:00,2077,4,23,NA,9.40289326430556,24.4023442963515
2077-04-24 12:00:00,2077,4,24,NA,10.531849488454,21.9340239793502
2077-04-25 12:00:00,2077,4,25,NA,9.54208486623585,23.295642235142
2077-04-26 12:00:00,2077,4,26,NA,12.8204750331837,16.5703910204547
2077-04-27 12:00:00,2077,4,27,NA,5.86016622101533,15.6801959268725
2077-04-28 12:00:00,2077,4,28,NA,6.59222237435627,18.47771259441
2077-04-29 12:00:00,2077,4,29,NA,7.08196463162775,24.1237957832457
2077-04-30 12:00:00,2077,4,30,NA,7.10507696913297,21.2867673133433
2077-05-01 12:00:00,2077,5,1,NA,8.33325631600583,25.0411472442122
2077-05-02 12:00:00,2077,5,2,NA,9.65913476286385,20.029110924738
2077-05-03 12:00:00,2077,5,3,NA,9.441850319337,24.0891742001869
2077-05-04 12:00:00,2077,5,4,NA,10.0323834292098,26.4325721084025
2077-05-05 12:00:00,2077,5,5,NA,15.0492939822135,23.6649943957529
2077-05-06 12:00:00,2077,5,6,NA,5.85525991924435,21.5283724033322
2077-05-07 12:00:00,2077,5,7,NA,6.66065773929984,19.2744745383955
2077-05-08 12:00:00,2077,5,8,NA,10.4926279072034,17.1573756375146
2077-05-09 12:00:00,2077,5,9,NA,9.83590632862985,23.6790175914302
2077-05-10 12:00:00,2077,5,10,NA,7.60760170495092,17.8274390831472
2077-05-11 12:00:00,2077,5,11,NA,9.59048854849366,16.8533127637834
2077-05-12 12:00:00,2077,5,12,NA,7.97996657617226,25.260418628931
2077-05-13 12:00:00,2077,5,13,NA,8.98384273249582,26.6149063411333
2077-05-14 12:00:00,2077,5,14,NA,8.80486595542387,23.9419413123728
2077-05-15 12:00:00,2077,5,15,NA,10.9166407168679,26.5914100629062
2077-05-16 12:00:00,2077,5,16,NA,13.1543564097477,29.2145721707446
2077-05-17 12:00:00,2077,5,17,NA,11.4494273533105,23.3616893844574
2077-05-18 12:00:00,2077,5,18,NA,10.5436773317428,29.1418496163564
2077-05-19 12:00:00,2077,5,19,NA,13.1280345677616,27.6859134547121
2077-05-20 12:00:00,2077,5,20,NA,18.2296391768569,27.0346813444771
2077-05-21 12:00:00,2077,5,21,NA,18.4741836745064,24.23211825155
2077-05-22 12:00:00,2077,5,22,NA,12.6334483886225,20.459278660575
2077-05-23 12:00:00,2077,5,23,NA,16.4196473021336,29.7853918217055
2077-05-24 12:00:00,2077,5,24,NA,15.6040428113095,29.4555698571617
2077-05-25 12:00:00,2077,5,25,NA,15.9021149384186,29.0120688786353
2077-05-26 12:00:00,2077,5,26,NA,17.039809534023,28.8777943788875
2077-05-27 12:00:00,2077,5,27,NA,15.0256343981045,31.5377052926932
2077-05-28 12:00:00,2077,5,28,NA,16.9234291495551,31.5358073966921
2077-05-29 12:00:00,2077,5,29,NA,19.0986098957525,25.3590330536401
2077-05-30 12:00:00,2077,5,30,NA,16.1505469381225,27.0942260849649
2077-05-31 12:00:00,2077,5,31,NA,17.3609491991174,24.2555829145071
2077-06-01 12:00:00,2077,6,1,NA,19.9683632713164,22.9327565965704
2077-06-02 12:00:00,2077,6,2,NA,16.5190423310791,22.3920800880075
2077-06-03 12:00:00,2077,6,3,NA,17.7188773039412,27.7791680038816
2077-06-04 12:00:00,2077,6,4,NA,19.298471913306,29.066359556913
2077-06-05 12:00:00,2077,6,5,NA,19.8548777186799,29.6973184401583
2077-06-06 12:00:00,2077,6,6,NA,21.5396301618577,30.4045414885883
2077-06-07 12:00:00,2077,6,7,NA,22.0484886783176,29.5632161423531
2077-06-08 12:00:00,2077,6,8,NA,17.7271050461125,32.6387380754995
2077-06-09 12:00:00,2077,6,9,NA,20.0791307149251,31.0209525188496
2077-06-10 12:00:00,2077,6,10,NA,20.4535024506451,26.7830988893294
2077-06-11 12:00:00,2077,6,11,NA,20.1074170102748,28.9723283370053
2077-06-12 12:00:00,2077,6,12,NA,17.9104845541185,26.9754279371945
2077-06-13 12:00:00,2077,6,13,NA,19.1287334528064,27.4278884259271
2077-06-14 12:00:00,2077,6,14,NA,19.3479809010454,30.7466282347538
2077-06-15 12:00:00,2077,6,15,NA,18.9779891063692,31.5140504566452
2077-06-16 12:00:00,2077,6,16,NA,22.5350908996058,29.0213825616335
2077-06-17 12:00:00,2077,6,17,NA,20.970466657726,28.1884424525582
2077-06-18 12:00:00,2077,6,18,NA,19.8743617239703,23.6796964781129
2077-06-19 12:00:00,2077,6,19,NA,19.571923552752,29.4744838683669
2077-06-20 12:00:00,2077,6,20,NA,19.1673931386045,30.1666094139304
2077-06-21 12:00:00,2077,6,21,NA,23.0529315493231,25.6673942872226
2077-06-22 12:00:00,2077,6,22,NA,21.385067996013,26.0987465094772
2077-06-23 12:00:00,2077,6,23,NA,19.0487819158143,28.1001339467929
2077-06-24 12:00:00,2077,6,24,NA,19.498744804714,31.4250505954774
2077-06-25 12:00:00,2077,6,25,NA,21.1482974736458,30.0132088003763
2077-06-26 12:00:00,2077,6,26,NA,19.3014525127419,26.7342420292532
2077-06-27 12:00:00,2077,6,27,NA,19.9128640585128,30.1091522583812
2077-06-28 12:00:00,2077,6,28,NA,18.9421128587535,28.537208872258
2077-06-29 12:00:00,2077,6,29,NA,20.7694836027029,32.4430378652333
2077-06-30 12:00:00,2077,6,30,NA,22.3910471180432,32.755811746668
2077-07-01 12:00:00,2077,7,1,NA,21.6423553910077,31.372632047421
2077-07-02 12:00:00,2077,7,2,NA,24.6394876867727,30.64425678327
2077-07-03 12:00:00,2077,7,3,NA,24.6872387932672,31.7752051331814
2077-07-04 12:00:00,2077,7,4,NA,21.3597822039922,26.847141909277
2077-07-05 12:00:00,2077,7,5,NA,21.7222615745981,26.1467090612054
2077-07-06 12:00:00,2077,7,6,NA,23.4597024616088,33.1300907802734
2077-07-07 12:00:00,2077,7,7,NA,24.042984566092,33.6181966430135
2077-07-08 12:00:00,2077,7,8,NA,23.9238563992227,34.0693381998076
2077-07-09 12:00:00,2077,7,9,NA,25.1429549424125,30.3022479062599
2077-07-10 12:00:00,2077,7,10,NA,23.6071153400757,31.3235825398854
2077-07-11 12:00:00,2077,7,11,NA,24.5253125205664,28.4832488034823
2077-07-12 12:00:00,2077,7,12,NA,24.1515474994308,29.4550259609657
2077-07-13 12:00:00,2077,7,13,NA,23.1022949554998,31.2311815997514
2077-07-14 12:00:00,2077,7,14,NA,22.8553835717278,31.5673877957923
2077-07-15 12:00:00,2077,7,15,NA,23.2968363473087,29.1421791859789
2077-07-16 12:00:00,2077,7,16,NA,20.6887345155309,29.1254403141693
2077-07-17 12:00:00,2077,7,17,NA,21.8091211482231,28.885929636884
2077-07-18 12:00:00,2077,7,18,NA,23.6392538767092,32.5196929136347
2077-07-19 12:00:00,2077,7,19,NA,23.9781510424086,32.391815283659
2077-07-20 12:00:00,2077,7,20,NA,24.9764794286054,33.2121348985737
2077-07-21 12:00:00,2077,7,21,NA,24.880124174026,33.2336529254207
2077-07-22 12:00:00,2077,7,22,NA,28.070258795029,32.8172676663444
2077-07-23 12:00:00,2077,7,23,NA,27.297350440299,33.8545727538959
2077-07-24 12:00:00,2077,7,24,NA,28.2914825883761,33.3164980604433
2077-07-25 12:00:00,2077,7,25,NA,30.9046891264089,32.4253560844796
2077-07-26 12:00:00,2077,7,26,NA,29.4355319859719,32.3963588443608
2077-07-27 12:00:00,2077,7,27,NA,27.3237619565766,34.338682761466
2077-07-28 12:00:00,2077,7,28,NA,27.3714347672178,33.7531750619933
2077-07-29 12:00:00,2077,7,29,NA,26.0927914446077,35.6503169225389
2077-07-30 12:00:00,2077,7,30,NA,24.7874816222337,34.4513185337787
2077-07-31 12:00:00,2077,7,31,NA,26.5624563923537,33.447221695152
2077-08-01 12:00:00,2077,8,1,NA,28.6806703735655,32.2896758430772
2077-08-02 12:00:00,2077,8,2,NA,26.2833847157547,34.3402046712965
2077-08-03 12:00:00,2077,8,3,NA,24.7616315011186,32.6777921108563
2077-08-04 12:00:00,2077,8,4,NA,24.7261808419941,31.4422008236283
2077-08-05 12:00:00,2077,8,5,NA,24.3846136108352,31.4871457279344
2077-08-06 12:00:00,2077,8,6,NA,23.9659824390755,33.5750388485257
2077-08-07 12:00:00,2077,8,7,NA,22.526182583088,33.6975941968062
2077-08-08 12:00:00,2077,8,8,NA,24.0487007878869,34.1962284843616
2077-08-09 12:00:00,2077,8,9,NA,22.5882261129622,30.652510771714
2077-08-10 12:00:00,2077,8,10,NA,26.3946908932483,32.5370625432561
2077-08-11 12:00:00,2077,8,11,NA,24.1587147230236,29.8155450838797
2077-08-12 12:00:00,2077,8,12,NA,25.9911376005632,34.437777304708
2077-08-13 12:00:00,2077,8,13,NA,23.7653346437734,33.0163177695724
2077-08-14 12:00:00,2077,8,14,NA,24.7134164667025,34.8889645580459
2077-08-15 12:00:00,2077,8,15,NA,25.6978931414687,33.3410886858978
2077-08-16 12:00:00,2077,8,16,NA,25.8005099827256,32.532372384017
2077-08-17 12:00:00,2077,8,17,NA,26.1086785577028,32.3533193711473
2077-08-18 12:00:00,2077,8,18,NA,20.9378091981236,29.5846592876623
2077-08-19 12:00:00,2077,8,19,NA,22.7170095245551,28.3738398854112
2077-08-20 12:00:00,2077,8,20,NA,21.6383792319158,23.8313859158776
2077-08-21 12:00:00,2077,8,21,NA,20.70468822755,27.4424244397337
2077-08-22 12:00:00,2077,8,22,NA,21.7401010751512,33.2564563109079
2077-08-23 12:00:00,2077,8,23,NA,22.0403519521864,33.4781089913838
2077-08-24 12:00:00,2077,8,24,NA,24.5396592882818,35.9843153209147
2077-08-25 12:00:00,2077,8,25,NA,25.3247304202714,32.5423934413732
2077-08-26 12:00:00,2077,8,26,NA,25.2957575278949,27.8561816484756
2077-08-27 12:00:00,2077,8,27,NA,20.4653149454541,28.1493389429662
2077-08-28 12:00:00,2077,8,28,NA,19.8937719444391,26.6207429610117
2077-08-29 12:00:00,2077,8,29,NA,21.8332706943929,29.538289454672
2077-08-30 12:00:00,2077,8,30,NA,23.514765876111,31.1987898736231
2077-08-31 12:00:00,2077,8,31,NA,18.8225199708569,21.1204315990539
2077-09-01 12:00:00,2077,9,1,NA,17.8006285043765,27.0082358374966
2077-09-02 12:00:00,2077,9,2,NA,18.8825453334774,29.4405155361167
2077-09-03 12:00:00,2077,9,3,NA,19.1702477927287,30.7902255485172
2077-09-04 12:00:00,2077,9,4,NA,19.9560063751787,24.1801024708287
2077-09-05 12:00:00,2077,9,5,NA,19.8953036067962,28.8500229667988
2077-09-06 12:00:00,2077,9,6,NA,17.394263729983,28.6727061257783
2077-09-07 12:00:00,2077,9,7,NA,19.947976026744,29.5357585397505
2077-09-08 12:00:00,2077,9,8,NA,19.4422945818524,32.5594599616963
2077-09-09 12:00:00,2077,9,9,NA,17.9491402301405,33.5093364962016
2077-09-10 12:00:00,2077,9,10,NA,18.9529709858526,30.8598060067118
2077-09-11 12:00:00,2077,9,11,NA,18.6934303537008,33.5854467245158
2077-09-12 12:00:00,2077,9,12,NA,19.2848129690576,31.7550753967333
2077-09-13 12:00:00,2077,9,13,NA,18.966024106744,27.7843442406875
2077-09-14 12:00:00,2077,9,14,NA,17.180846104581,26.7632871474646
2077-09-15 12:00:00,2077,9,15,NA,16.3923345961001,24.8265636604241
2077-09-16 12:00:00,2077,9,16,NA,17.6789240553133,27.9366842077429
2077-09-17 12:00:00,2077,9,17,NA,18.8183451359689,25.9088290921767
2077-09-18 12:00:00,2077,9,18,NA,16.9391078143977,28.1483273050935
2077-09-19 12:00:00,2077,9,19,NA,16.8851746243124,29.3525005742314
2077-09-20 12:00:00,2077,9,20,NA,19.9493051221058,30.0395053325716
2077-09-21 12:00:00,2077,9,21,NA,19.7260433296792,28.8478884118923
2077-09-22 12:00:00,2077,9,22,NA,21.1997347811863,24.4514421778383
2077-09-23 12:00:00,2077,9,23,NA,18.775397146906,24.0626900162349
2077-09-24 12:00:00,2077,9,24,NA,17.310612743527,25.9333734724589
2077-09-25 12:00:00,2077,9,25,NA,16.4039429870098,21.0496156191744
2077-09-26 12:00:00,2077,9,26,NA,14.4050191847015,23.6489837940415
2077-09-27 12:00:00,2077,9,27,NA,14.5084697638705,26.9629943984952
2077-09-28 12:00:00,2077,9,28,NA,13.6232614647436,27.0358638396182
2077-09-29 12:00:00,2077,9,29,NA,13.7882204742997,26.9422520787517
2077-09-30 12:00:00,2077,9,30,NA,16.7431593864083,23.8914284376124
2077-10-01 12:00:00,2077,10,1,NA,17.1443255183825,23.2210322027174
2077-10-02 12:00:00,2077,10,2,NA,15.4173285537975,20.6967296080766
2077-10-03 12:00:00,2077,10,3,NA,7.88553100895248,18.4657114546389
2077-10-04 12:00:00,2077,10,4,NA,7.72035969802402,20.3490166142844
2077-10-05 12:00:00,2077,10,5,NA,10.2505627032525,14.9175608903269
2077-10-06 12:00:00,2077,10,6,NA,10.2158316520554,16.2329287353488
2077-10-07 12:00:00,2077,10,7,NA,12.3408868821334,25.1153553044756
2077-10-08 12:00:00,2077,10,8,NA,13.3944614050607,25.5034263507869
2077-10-09 12:00:00,2077,10,9,NA,12.7302534517905,25.0855885372253
2077-10-10 12:00:00,2077,10,10,NA,11.9900480223774,23.9631183835643
2077-10-11 12:00:00,2077,10,11,NA,15.2500382097537,20.0568987144832
2077-10-12 12:00:00,2077,10,12,NA,10.4123443608962,19.9570039227788
2077-10-13 12:00:00,2077,10,13,NA,9.871412830367,22.3241900941272
2077-10-14 12:00:00,2077,10,14,NA,10.465523179216,21.53521651302
2077-10-15 12:00:00,2077,10,15,NA,10.8433710994406,23.3060008889486
2077-10-16 12:00:00,2077,10,16,NA,11.9273796592432,22.7321111074872
2077-10-17 12:00:00,2077,10,17,NA,12.5344864463058,23.6041797801099
2077-10-18 12:00:00,2077,10,18,NA,12.99885728273,18.7373048153037
2077-10-19 12:00:00,2077,10,19,NA,6.14571631981706,17.7088336560371
2077-10-20 12:00:00,2077,10,20,NA,6.35915439849137,17.9161408848992
2077-10-21 12:00:00,2077,10,21,NA,8.97061465264377,20.095161627212
2077-10-22 12:00:00,2077,10,22,NA,15.8803527170799,22.4672710557758
2077-10-23 12:00:00,2077,10,23,NA,13.4830799925539,23.0277395544365
2077-10-24 12:00:00,2077,10,24,NA,12.5980662899228,23.8948255500359
2077-10-25 12:00:00,2077,10,25,NA,11.3595716552586,24.7345140257452
2077-10-26 12:00:00,2077,10,26,NA,10.2871140771376,24.564763948542
2077-10-27 12:00:00,2077,10,27,NA,15.7154749083739,21.4622804693361
2077-10-28 12:00:00,2077,10,28,NA,12.8535932040498,19.2023041824459
2077-10-29 12:00:00,2077,10,29,NA,11.8829784962999,18.3120451131079
2077-10-30 12:00:00,2077,10,30,NA,11.5578611271756,19.9800360983503
2077-10-31 12:00:00,2077,10,31,NA,10.4394850648676,20.0857035133589
2077-11-01 12:00:00,2077,11,1,NA,9.5841020094425,16.8989502978837
2077-11-02 12:00:00,2077,11,2,NA,7.85675483083444,16.8301574757196
2077-11-03 12:00:00,2077,11,3,NA,10.1754868487786,17.3692407599623
2077-11-04 12:00:00,2077,11,4,NA,9.70169664754418,16.0337064215323
2077-11-05 12:00:00,2077,11,5,NA,3.10121513783126,10.1114936332896
2077-11-06 12:00:00,2077,11,6,NA,3.90295445574733,10.4558200200342
2077-11-07 12:00:00,2077,11,7,NA,5.34473698948535,11.1336620358902
2077-11-08 12:00:00,2077,11,8,NA,7.14957773300826,10.6590432525537
2077-11-09 12:00:00,2077,11,9,NA,4.56333205248186,14.2758673707509
2077-11-10 12:00:00,2077,11,10,NA,3.74436429912711,16.123457253043
2077-11-11 12:00:00,2077,11,11,NA,2.96864143026096,9.20405754223772
2077-11-12 12:00:00,2077,11,12,NA,2.965350902185,14.9460191695421
2077-11-13 12:00:00,2077,11,13,NA,5.36794956446317,18.7798059344496
2077-11-14 12:00:00,2077,11,14,NA,7.64441349321695,22.1519413142456
2077-11-15 12:00:00,2077,11,15,NA,6.06752337850625,17.8564895866961
2077-11-16 12:00:00,2077,11,16,NA,3.73443842716598,16.2530087026517
2077-11-17 12:00:00,2077,11,17,NA,2.71798025742767,15.6974149499128
2077-11-18 12:00:00,2077,11,18,NA,2.99388781443028,12.1780015348803
2077-11-19 12:00:00,2077,11,19,NA,2.72224455827829,17.1360045835508
2077-11-20 12:00:00,2077,11,20,NA,3.73948711737293,21.5934568785757
2077-11-21 12:00:00,2077,11,21,NA,7.96526337402056,21.6643356674939
2077-11-22 12:00:00,2077,11,22,NA,8.22656330839237,13.3877391735781
2077-11-23 12:00:00,2077,11,23,NA,8.23691657876002,16.4843778406587
2077-11-24 12:00:00,2077,11,24,NA,4.58236960883019,17.3713441010016
2077-11-25 12:00:00,2077,11,25,NA,3.5901695163954,13.7601137060027
2077-11-26 12:00:00,2077,11,26,NA,-0.931749479684549,10.4681618800211
2077-11-27 12:00:00,2077,11,27,NA,5.07946826723285,12.2626581205308
2077-11-28 12:00:00,2077,11,28,NA,2.54961564728273,10.4988676087045
2077-11-29 12:00:00,2077,11,29,NA,0.520926908249832,14.0040869557883
2077-11-30 12:00:00,2077,11,30,NA,-1.02551960661016,4.06474109062675
2077-12-01 12:00:00,2077,12,1,NA,-1.43263317991244,6.2232351114239
2077-12-02 12:00:00,2077,12,2,NA,-0.506204547974767,8.67790917247521
2077-12-03 12:00:00,2077,12,3,NA,2.429713380916,14.5547880221957
2077-12-04 12:00:00,2077,12,4,NA,3.60905730689947,21.2214687245499
2077-12-05 12:00:00,2077,12,5,NA,6.42217240794572,16.0701067828839
2077-12-06 12:00:00,2077,12,6,NA,1.8697999240975,8.94606714926088
2077-12-07 12:00:00,2077,12,7,NA,2.39855122639128,7.49439324139942
2077-12-08 12:00:00,2077,12,8,NA,-0.166357882760576,7.80125096250474
2077-12-09 12:00:00,2077,12,9,NA,2.3050258974497,10.4529992991315
2077-12-10 12:00:00,2077,12,10,NA,4.60824360411545,11.9332455621933
2077-12-11 12:00:00,2077,12,11,NA,1.1256826221629,7.60939970372951
2077-12-12 12:00:00,2077,12,12,NA,1.21410838503928,8.30607470754353
2077-12-13 12:00:00,2077,12,13,NA,-5.56794777436307,0.1107237689648
2077-12-14 12:00:00,2077,12,14,NA,-3.68016241335041,7.93945840420168
2077-12-15 12:00:00,2077,12,15,NA,0.491661200102339,6.19811360407981
2077-12-16 12:00:00,2077,12,16,NA,-1.6292652823799,7.96069721961238
2077-12-17 12:00:00,2077,12,17,NA,0.0844770096519936,10.1499293298101
2077-12-18 12:00:00,2077,12,18,NA,0.683383303763191,11.6664808374716
2077-12-19 12:00:00,2077,12,19,NA,-1.80903599723393,11.4387325557039
2077-12-20 12:00:00,2077,12,20,NA,-5.1909339147405,2.81391683423318
2077-12-21 12:00:00,2077,12,21,NA,-5.10344959172532,5.85561540500364
2077-12-22 12:00:00,2077,12,22,NA,-4.78258839883641,8.76616391574444
2077-12-23 12:00:00,2077,12,23,NA,-5.54013037889492,0.54599289819908
2077-12-24 12:00:00,2077,12,24,NA,-7.62601964494358,0.564412439025553
2077-12-25 12:00:00,2077,12,25,NA,-5.7513750263896,-1.09304469681424
2077-12-26 12:00:00,2077,12,26,NA,-5.14563775972392,7.23420901567889
2077-12-27 12:00:00,2077,12,27,NA,-3.62853258459881,8.21348942198202
2077-12-28 12:00:00,2077,12,28,NA,-2.49019184261742,3.34520221843162
2077-12-29 12:00:00,2077,12,29,NA,-2.48295314122288,7.35210202768536
2077-12-30 12:00:00,2077,12,30,NA,-1.94334761802765,3.11378795765004
2077-12-31 12:00:00,2077,12,31,NA,-2.08680689749288,5.88080194777244
2078-01-01 12:00:00,2078,1,1,NA,-2.98685305302173,7.37168762038445
2078-01-02 12:00:00,2078,1,2,NA,-0.671902790364847,5.46633024373735
2078-01-03 12:00:00,2078,1,3,NA,-0.173048823672231,9.39885580151889
2078-01-04 12:00:00,2078,1,4,NA,2.67538439726805,13.214662462804
2078-01-05 12:00:00,2078,1,5,NA,3.54727295703715,15.1109378511687
2078-01-06 12:00:00,2078,1,6,NA,2.41127684097456,9.2230218905283
2078-01-07 12:00:00,2078,1,7,NA,5.85665378368736,9.87359496817504
2078-01-08 12:00:00,2078,1,8,NA,8.1931124017244,13.2279885447162
2078-01-09 12:00:00,2078,1,9,NA,6.32398811069211,15.7135511017532
2078-01-10 12:00:00,2078,1,10,NA,5.36901915299538,12.5695774887917
2078-01-11 12:00:00,2078,1,11,NA,3.53894007614011,12.2758851335662
2078-01-12 12:00:00,2078,1,12,NA,0.700685381453355,5.73720465081164
2078-01-13 12:00:00,2078,1,13,NA,-0.0117394030371063,8.40162150296475
2078-01-14 12:00:00,2078,1,14,NA,-1.25274427726636,6.09223652754505
2078-01-15 12:00:00,2078,1,15,NA,-0.0619745725907022,6.42267080245115
2078-01-16 12:00:00,2078,1,16,NA,-3.03660862183435,5.18631053245592
2078-01-17 12:00:00,2078,1,17,NA,-5.42542986120831,5.87966753597482
2078-01-18 12:00:00,2078,1,18,NA,-1.31135425068801,12.2498820768399
2078-01-19 12:00:00,2078,1,19,NA,-0.698766041040539,10.6898563160798
2078-01-20 12:00:00,2078,1,20,NA,-3.35638903081085,4.68119136674062
2078-01-21 12:00:00,2078,1,21,NA,-4.31758801916394,6.14120507757461
2078-01-22 12:00:00,2078,1,22,NA,-5.55691334885585,6.26698412789185
2078-01-23 12:00:00,2078,1,23,NA,-4.55592703939475,5.7394582272137
2078-01-24 12:00:00,2078,1,24,NA,-3.5329688160362,5.24415981285233
2078-01-25 12:00:00,2078,1,25,NA,-1.49528963026724,7.05004394112201
2078-01-26 12:00:00,2078,1,26,NA,-1.93233413407113,5.2721564716211
2078-01-27 12:00:00,2078,1,27,NA,-4.35450875809708,1.4852738101306
2078-01-28 12:00:00,2078,1,28,NA,-2.05663684518978,5.5948832111739
2078-01-29 12:00:00,2078,1,29,NA,2.27823247007449,13.0601192010236
2078-01-30 12:00:00,2078,1,30,NA,2.95232033477791,12.9045044011307
2078-01-31 12:00:00,2078,1,31,NA,0.895165809667791,8.72800284470392
2078-02-01 12:00:00,2078,2,1,NA,-3.98645337036218,7.34986260982578
2078-02-02 12:00:00,2078,2,2,NA,-7.50329957734143,-4.57781601257998
2078-02-03 12:00:00,2078,2,3,NA,-16.0962334379571,-5.37504506396487
2078-02-04 12:00:00,2078,2,4,NA,-13.9922670780797,1.52066101203445
2078-02-05 12:00:00,2078,2,5,NA,-10.5583171010615,3.60849249780837
2078-02-06 12:00:00,2078,2,6,NA,-7.05385381509342,2.21568292896145
2078-02-07 12:00:00,2078,2,7,NA,-10.6827794525413,-3.13601409843669
2078-02-08 12:00:00,2078,2,8,NA,-7.73214184255273,-1.68387909497609
2078-02-09 12:00:00,2078,2,9,NA,-5.16889294108313,-0.888964647463962
2078-02-10 12:00:00,2078,2,10,NA,-5.38594647347554,5.54707184071473
2078-02-11 12:00:00,2078,2,11,NA,-3.42486888149214,11.2149634685285
2078-02-12 12:00:00,2078,2,12,NA,0.740578620851061,8.41691255367519
2078-02-13 12:00:00,2078,2,13,NA,-0.0622438982681377,11.716954390026
2078-02-14 12:00:00,2078,2,14,NA,-2.73377393416543,4.55351893858308
2078-02-15 12:00:00,2078,2,15,NA,-1.57328034533816,6.56095274296051
2078-02-16 12:00:00,2078,2,16,NA,-5.32000141851567,10.0082294979944
2078-02-17 12:00:00,2078,2,17,NA,-3.45999639983198,11.6537477662325
2078-02-18 12:00:00,2078,2,18,NA,0.290228923187186,14.7556814712403
2078-02-19 12:00:00,2078,2,19,NA,0.371331853223243,15.822294026804
2078-02-20 12:00:00,2078,2,20,NA,0.589963967069384,12.2899733976813
2078-02-21 12:00:00,2078,2,21,NA,4.79907018416663,14.8598112619684
2078-02-22 12:00:00,2078,2,22,NA,1.11153193496435,15.3233756948951
2078-02-23 12:00:00,2078,2,23,NA,-0.87648007107149,12.968359130214
2078-02-24 12:00:00,2078,2,24,NA,-1.24875159579345,13.3875070784154
2078-02-25 12:00:00,2078,2,25,NA,1.99081630802598,14.017219045008
2078-02-26 12:00:00,2078,2,26,NA,4.60324184995879,14.6723576399614
2078-02-27 12:00:00,2078,2,27,NA,3.2982346362085,13.229721734626
2078-02-28 12:00:00,2078,2,28,NA,4.30010067311624,13.6722494160325
2078-03-01 12:00:00,2078,3,1,NA,1.627556883014,15.8763946039537
2078-03-02 12:00:00,2078,3,2,NA,2.77319116572956,19.4396441469005
2078-03-03 12:00:00,2078,3,3,NA,1.55028908715635,15.5394641305573
2078-03-04 12:00:00,2078,3,4,NA,2.3247476930305,10.4994959433554
2078-03-05 12:00:00,2078,3,5,NA,0.701646078448124,8.47053234670806
2078-03-06 12:00:00,2078,3,6,NA,-1.4549256803347,3.42964905987462
2078-03-07 12:00:00,2078,3,7,NA,-6.02303021421942,0.951186058599828
2078-03-08 12:00:00,2078,3,8,NA,-5.57261043697632,9.13939105227649
2078-03-09 12:00:00,2078,3,9,NA,-2.21256640810084,11.0723310581939
2078-03-10 12:00:00,2078,3,10,NA,-2.13897054006967,8.06271221842788
2078-03-11 12:00:00,2078,3,11,NA,-2.6289724991683,9.44575818314567
2078-03-12 12:00:00,2078,3,12,NA,0.775922377845268,11.2124191012774
2078-03-13 12:00:00,2078,3,13,NA,3.31152802835543,14.1158714458827
2078-03-14 12:00:00,2078,3,14,NA,2.95674441582628,15.5296871790248
2078-03-15 12:00:00,2078,3,15,NA,3.71797883761235,12.2363710515265
2078-03-16 12:00:00,2078,3,16,NA,2.20178970793032,16.8315456274329
2078-03-17 12:00:00,2078,3,17,NA,7.99320866055998,19.1343616836116
2078-03-18 12:00:00,2078,3,18,NA,6.45301490102365,12.4556513367495
2078-03-19 12:00:00,2078,3,19,NA,5.55952999853678,11.8567295047275
2078-03-20 12:00:00,2078,3,20,NA,2.86083922575758,7.83360782770307
2078-03-21 12:00:00,2078,3,21,NA,3.50780941258709,10.5762685345318
2078-03-22 12:00:00,2078,3,22,NA,0.811704014794256,14.0873841750609
2078-03-23 12:00:00,2078,3,23,NA,5.43367070404808,13.6798113954241
2078-03-24 12:00:00,2078,3,24,NA,3.37943508565442,13.6417586388439
2078-03-25 12:00:00,2078,3,25,NA,4.05124127213679,16.1033294921011
2078-03-26 12:00:00,2078,3,26,NA,3.16134789285392,21.3738123315825
2078-03-27 12:00:00,2078,3,27,NA,5.76912526634433,17.7864181580582
2078-03-28 12:00:00,2078,3,28,NA,5.65856450978014,15.6498398776862
2078-03-29 12:00:00,2078,3,29,NA,6.98339499790999,18.3672110795656
2078-03-30 12:00:00,2078,3,30,NA,9.87120789431721,11.8607017391722
2078-03-31 12:00:00,2078,3,31,NA,7.85777522172844,11.8531124797152
2078-04-01 12:00:00,2078,4,1,NA,5.81138159012406,16.879425840317
2078-04-02 12:00:00,2078,4,2,NA,7.8317533865081,16.0422262159109
2078-04-03 12:00:00,2078,4,3,NA,8.64274002421685,19.457489842539
2078-04-04 12:00:00,2078,4,4,NA,7.6185023865997,19.5479327163615
2078-04-05 12:00:00,2078,4,5,NA,4.08554389051254,14.0001231891085
2078-04-06 12:00:00,2078,4,6,NA,3.79323081712217,15.4021989685441
2078-04-07 12:00:00,2078,4,7,NA,2.42416773845856,15.9583811732333
2078-04-08 12:00:00,2078,4,8,NA,5.39726513963582,15.4161528017594
2078-04-09 12:00:00,2078,4,9,NA,7.93915547400958,16.0807585166052
2078-04-10 12:00:00,2078,4,10,NA,5.94821684922969,18.1984513288167
2078-04-11 12:00:00,2078,4,11,NA,6.83826195007724,22.2114030868992
2078-04-12 12:00:00,2078,4,12,NA,9.99512730221745,14.9200080398933
2078-04-13 12:00:00,2078,4,13,NA,6.80475558488145,20.9906415336487
2078-04-14 12:00:00,2078,4,14,NA,7.45572072479759,23.0773539938301
2078-04-15 12:00:00,2078,4,15,NA,7.64494819453289,23.8446781219464
2078-04-16 12:00:00,2078,4,16,NA,9.21118316188394,22.4753082074445
2078-04-17 12:00:00,2078,4,17,NA,9.25691710131359,21.3108618275558
2078-04-18 12:00:00,2078,4,18,NA,5.82850242622582,21.2777271376142
2078-04-19 12:00:00,2078,4,19,NA,5.43378612396589,14.9660880291302
2078-04-20 12:00:00,2078,4,20,NA,8.1676395885241,22.9358274825381
2078-04-21 12:00:00,2078,4,21,NA,7.87330151257014,25.231889092874
2078-04-22 12:00:00,2078,4,22,NA,8.05968156046868,21.8293936112636
2078-04-23 12:00:00,2078,4,23,NA,6.23167842629483,23.5974165965733
2078-04-24 12:00:00,2078,4,24,NA,8.32977854161818,24.2397552552282
2078-04-25 12:00:00,2078,4,25,NA,16.2813902544165,28.0077124934119
2078-04-26 12:00:00,2078,4,26,NA,13.7191978922518,23.0787631443362
2078-04-27 12:00:00,2078,4,27,NA,12.4716463765325,16.6737764125993
2078-04-28 12:00:00,2078,4,28,NA,10.235577770746,16.508034652522
2078-04-29 12:00:00,2078,4,29,NA,8.34153194518431,22.2400990288641
2078-04-30 12:00:00,2078,4,30,NA,8.6016544842413,27.4208550657861
2078-05-01 12:00:00,2078,5,1,NA,11.654459028245,25.4593979662677
2078-05-02 12:00:00,2078,5,2,NA,10.4709223531294,20.6766387067181
2078-05-03 12:00:00,2078,5,3,NA,8.84355845948998,22.5430721478686
2078-05-04 12:00:00,2078,5,4,NA,8.27873523404558,23.9518477181334
2078-05-05 12:00:00,2078,5,5,NA,10.5433538660073,24.0927836725633
2078-05-06 12:00:00,2078,5,6,NA,13.2126612450935,22.8856210241869
2078-05-07 12:00:00,2078,5,7,NA,11.7496425717796,22.8825434787437
2078-05-08 12:00:00,2078,5,8,NA,11.3485795658857,23.686956135404
2078-05-09 12:00:00,2078,5,9,NA,11.5617195054225,24.1646079165663
2078-05-10 12:00:00,2078,5,10,NA,10.9958961125455,20.8652886749684
2078-05-11 12:00:00,2078,5,11,NA,12.4590952095319,23.9636277425748
2078-05-12 12:00:00,2078,5,12,NA,11.6346664811329,24.7297126399182
2078-05-13 12:00:00,2078,5,13,NA,12.2757589569088,23.0912108854105
2078-05-14 12:00:00,2078,5,14,NA,11.7600806606371,23.878305610476
2078-05-15 12:00:00,2078,5,15,NA,12.1621471118556,25.0621113633226
2078-05-16 12:00:00,2078,5,16,NA,11.7469795611026,26.0454740221119
2078-05-17 12:00:00,2078,5,17,NA,11.8299878714753,27.9657693254702
2078-05-18 12:00:00,2078,5,18,NA,12.9101455584032,28.8166584446416
2078-05-19 12:00:00,2078,5,19,NA,13.2878180804953,28.8185303479992
2078-05-20 12:00:00,2078,5,20,NA,12.3506140458077,27.0641186886641
2078-05-21 12:00:00,2078,5,21,NA,14.4727773911629,30.131839922573
2078-05-22 12:00:00,2078,5,22,NA,16.4317026102713,33.758205889621
2078-05-23 12:00:00,2078,5,23,NA,20.0154960365286,27.6771553980376
2078-05-24 12:00:00,2078,5,24,NA,18.6018524793004,29.7058136914663
2078-05-25 12:00:00,2078,5,25,NA,21.2701590142592,31.4899963924555
2078-05-26 12:00:00,2078,5,26,NA,16.7932967238707,30.5251050210898
2078-05-27 12:00:00,2078,5,27,NA,16.6946611227467,29.789707281532
2078-05-28 12:00:00,2078,5,28,NA,13.0555869653525,20.7149123153385
2078-05-29 12:00:00,2078,5,29,NA,13.2723418935184,24.1166548813431
2078-05-30 12:00:00,2078,5,30,NA,11.2519547437416,27.8927881485414
2078-05-31 12:00:00,2078,5,31,NA,13.0181954316267,21.9541302139365
2078-06-01 12:00:00,2078,6,1,NA,12.9103399856839,22.6924455396336
2078-06-02 12:00:00,2078,6,2,NA,17.5507105037494,21.015958442215
2078-06-03 12:00:00,2078,6,3,NA,17.7176533806439,26.6818735742205
2078-06-04 12:00:00,2078,6,4,NA,20.6323618768887,27.9912010389812
2078-06-05 12:00:00,2078,6,5,NA,21.5516277163819,26.6903546171671
2078-06-06 12:00:00,2078,6,6,NA,17.4028089016523,27.467790674436
2078-06-07 12:00:00,2078,6,7,NA,18.0356177685794,31.8992034213127
2078-06-08 12:00:00,2078,6,8,NA,19.1863184837523,30.6801424414994
2078-06-09 12:00:00,2078,6,9,NA,21.7739122811439,30.228879996111
2078-06-10 12:00:00,2078,6,10,NA,22.7952800995612,30.839259380485
2078-06-11 12:00:00,2078,6,11,NA,22.5096550009754,30.5536342818992
2078-06-12 12:00:00,2078,6,12,NA,18.9272958284504,24.8048257698876
2078-06-13 12:00:00,2078,6,13,NA,20.1271275402276,29.1449044247783
2078-06-14 12:00:00,2078,6,14,NA,20.8752453106925,29.9401886937686
2078-06-15 12:00:00,2078,6,15,NA,20.3728229441981,33.0929704786516
2078-06-16 12:00:00,2078,6,16,NA,20.0393519222346,35.1309413505835
2078-06-17 12:00:00,2078,6,17,NA,22.7202236672389,30.1835271195351
2078-06-18 12:00:00,2078,6,18,NA,20.1168998520073,31.7158888563925
2078-06-19 12:00:00,2078,6,19,NA,21.2616340042876,33.3509240494638
2078-06-20 12:00:00,2078,6,20,NA,20.3882996076941,30.9501888475505
2078-06-21 12:00:00,2078,6,21,NA,18.0689876060032,32.4521569480414
2078-06-22 12:00:00,2078,6,22,NA,19.1096727292129,31.5356824707466
2078-06-23 12:00:00,2078,6,23,NA,18.9517903017405,31.3710268594775
2078-06-24 12:00:00,2078,6,24,NA,18.7007032341215,32.261814121787
2078-06-25 12:00:00,2078,6,25,NA,18.8311263565827,31.8073700302413
2078-06-26 12:00:00,2078,6,26,NA,21.9043060242044,29.9649352420917
2078-06-27 12:00:00,2078,6,27,NA,20.3082972247628,30.8588006856364
2078-06-28 12:00:00,2078,6,28,NA,20.8100223189356,25.6334662743743
2078-06-29 12:00:00,2078,6,29,NA,21.6892810957381,27.4933672774819
2078-06-30 12:00:00,2078,6,30,NA,20.3787088367219,27.6317282301703
2078-07-01 12:00:00,2078,7,1,NA,20.6403263044945,27.4807636752304
2078-07-02 12:00:00,2078,7,2,NA,20.267610695106,28.7225784100731
2078-07-03 12:00:00,2078,7,3,NA,24.2377603799901,31.7564166307187
2078-07-04 12:00:00,2078,7,4,NA,24.7042224575121,31.8194644710683
2078-07-05 12:00:00,2078,7,5,NA,24.064954876299,33.6435817443534
2078-07-06 12:00:00,2078,7,6,NA,23.909120246837,32.7710269860821
2078-07-07 12:00:00,2078,7,7,NA,24.4178240886935,28.9286342531154
2078-07-08 12:00:00,2078,7,8,NA,24.903867999603,31.9098271548413
2078-07-09 12:00:00,2078,7,9,NA,26.4630603521364,30.644537867417
2078-07-10 12:00:00,2078,7,10,NA,26.5148218762472,32.3667859200142
2078-07-11 12:00:00,2078,7,11,NA,25.8577463722288,32.2002995087631
2078-07-12 12:00:00,2078,7,12,NA,23.5222362882623,28.1932514675163
2078-07-13 12:00:00,2078,7,13,NA,21.3581747994462,29.414994754988
2078-07-14 12:00:00,2078,7,14,NA,22.7449192427628,29.6532735688313
2078-07-15 12:00:00,2078,7,15,NA,24.1751576244694,34.0842672827861
2078-07-16 12:00:00,2078,7,16,NA,27.1019832225697,31.9496747380458
2078-07-17 12:00:00,2078,7,17,NA,24.6936551387635,34.2287367587559
2078-07-18 12:00:00,2078,7,18,NA,26.6709746413784,33.4813995852209
2078-07-19 12:00:00,2078,7,19,NA,24.7018207826292,34.6666701830031
2078-07-20 12:00:00,2078,7,20,NA,25.2556338030056,36.1366014926914
2078-07-21 12:00:00,2078,7,21,NA,26.1565834095278,32.7327563423379
2078-07-22 12:00:00,2078,7,22,NA,25.1803287175296,31.073775510519
2078-07-23 12:00:00,2078,7,23,NA,21.4291835057062,29.2419930232324
2078-07-24 12:00:00,2078,7,24,NA,22.1340666698059,28.917641281715
2078-07-25 12:00:00,2078,7,25,NA,24.7259109504115,33.6637649313517
2078-07-26 12:00:00,2078,7,26,NA,26.3658420308543,35.2320824318223
2078-07-27 12:00:00,2078,7,27,NA,26.9465683853744,33.0361994752615
2078-07-28 12:00:00,2078,7,28,NA,25.8518169328028,33.9915652466282
2078-07-29 12:00:00,2078,7,29,NA,26.4835523598086,35.2388737730073
2078-07-30 12:00:00,2078,7,30,NA,25.6438784236933,32.6081645442075
2078-07-31 12:00:00,2078,7,31,NA,27.2875368606091,30.0355950249426
2078-08-01 12:00:00,2078,8,1,NA,26.0633404160003,30.8196450475117
2078-08-02 12:00:00,2078,8,2,NA,25.4127629093009,33.4695828648427
2078-08-03 12:00:00,2078,8,3,NA,22.8062921302967,28.1077982086403
2078-08-04 12:00:00,2078,8,4,NA,21.0917348246995,27.8280265189147
2078-08-05 12:00:00,2078,8,5,NA,22.8530556465173,32.9479646343276
2078-08-06 12:00:00,2078,8,6,NA,20.4342945952239,28.7074191743999
2078-08-07 12:00:00,2078,8,7,NA,24.2751605672254,28.1252341226295
2078-08-08 12:00:00,2078,8,8,NA,24.8983707422525,31.7274151875495
2078-08-09 12:00:00,2078,8,9,NA,23.138073268319,31.3193617454293
2078-08-10 12:00:00,2078,8,10,NA,22.3615874894078,31.5002874167694
2078-08-11 12:00:00,2078,8,11,NA,24.0002066750399,32.4805136974703
2078-08-12 12:00:00,2078,8,12,NA,22.6567794210507,32.5100454789897
2078-08-13 12:00:00,2078,8,13,NA,23.0558683153677,33.7490158099985
2078-08-14 12:00:00,2078,8,14,NA,25.5717256706668,35.881379114279
2078-08-15 12:00:00,2078,8,15,NA,23.8283818720127,28.6276225138777
2078-08-16 12:00:00,2078,8,16,NA,23.0631602687468,32.3498246937049
2078-08-17 12:00:00,2078,8,17,NA,22.7651942532453,31.4674607512853
2078-08-18 12:00:00,2078,8,18,NA,20.8460830916237,28.7113242732766
2078-08-19 12:00:00,2078,8,19,NA,19.7731752257747,23.7202206228741
2078-08-20 12:00:00,2078,8,20,NA,21.6940333003212,27.4594357216876
2078-08-21 12:00:00,2078,8,21,NA,19.3949631073782,25.4388981940204
2078-08-22 12:00:00,2078,8,22,NA,20.0091372862496,25.7699316234861
2078-08-23 12:00:00,2078,8,23,NA,22.3167838424916,27.1166910500179
2078-08-24 12:00:00,2078,8,24,NA,21.7954250816208,30.6758725189749
2078-08-25 12:00:00,2078,8,25,NA,21.8409742169574,31.8946974494456
2078-08-26 12:00:00,2078,8,26,NA,23.5375430934975,28.5056356734652
2078-08-27 12:00:00,2078,8,27,NA,22.3195672488108,33.3456040744957
2078-08-28 12:00:00,2078,8,28,NA,22.2522476727918,33.7694574111464
2078-08-29 12:00:00,2078,8,29,NA,21.9512499743489,34.4514202723158
2078-08-30 12:00:00,2078,8,30,NA,22.7187374044781,33.2828798250388
2078-08-31 12:00:00,2078,8,31,NA,21.7389914096351,30.7717179338181
2078-09-01 12:00:00,2078,9,1,NA,24.295530411771,32.4768188888813
2078-09-02 12:00:00,2078,9,2,NA,22.0765315930243,29.5677923641646
2078-09-03 12:00:00,2078,9,3,NA,21.0590550648327,32.0473336712117
2078-09-04 12:00:00,2078,9,4,NA,25.6860661700556,28.2983068718746
2078-09-05 12:00:00,2078,9,5,NA,22.3264261021369,28.3147439919383
2078-09-06 12:00:00,2078,9,6,NA,24.9100519665568,26.834815905359
2078-09-07 12:00:00,2078,9,7,NA,23.6896708455539,26.3057065770081
2078-09-08 12:00:00,2078,9,8,NA,22.7234001230146,29.7624068185272
2078-09-09 12:00:00,2078,9,9,NA,21.0189555289981,27.1094130050093
2078-09-10 12:00:00,2078,9,10,NA,17.4397510991837,26.7210334028454
2078-09-11 12:00:00,2078,9,11,NA,22.8612011075139,27.654831128243
2078-09-12 12:00:00,2078,9,12,NA,20.538549865317,26.5184562906105
2078-09-13 12:00:00,2078,9,13,NA,19.0474300111237,28.1692750933368
2078-09-14 12:00:00,2078,9,14,NA,18.0962573838979,31.2134227637418
2078-09-15 12:00:00,2078,9,15,NA,19.0575678839155,31.6382275432871
2078-09-16 12:00:00,2078,9,16,NA,20.2806579941345,27.9571292277554
2078-09-17 12:00:00,2078,9,17,NA,18.7671155040276,29.9199145580762
2078-09-18 12:00:00,2078,9,18,NA,17.839096396526,29.341161839571
2078-09-19 12:00:00,2078,9,19,NA,17.2491911173157,23.1272798331892
2078-09-20 12:00:00,2078,9,20,NA,14.9259301436856,26.2376997422412
2078-09-21 12:00:00,2078,9,21,NA,15.4526389960138,27.9117513659108
2078-09-22 12:00:00,2078,9,22,NA,15.5025428713344,23.2019789143024
2078-09-23 12:00:00,2078,9,23,NA,14.6633300341428,27.3764806937289
2078-09-24 12:00:00,2078,9,24,NA,15.4487238007247,27.5702293101979
2078-09-25 12:00:00,2078,9,25,NA,18.0824958941924,28.55341764388
2078-09-26 12:00:00,2078,9,26,NA,19.6352312163591,29.3481773445298
2078-09-27 12:00:00,2078,9,27,NA,19.4175001505912,27.6498261013944
2078-09-28 12:00:00,2078,9,28,NA,22.0998974244232,32.080453330171
2078-09-29 12:00:00,2078,9,29,NA,17.6873920311636,26.1168079904378
2078-09-30 12:00:00,2078,9,30,NA,21.7868049991667,23.3862243527962
2078-10-01 12:00:00,2078,10,1,NA,17.5738977760929,23.5570430252258
2078-10-02 12:00:00,2078,10,2,NA,14.3097305073798,23.0758309112034
2078-10-03 12:00:00,2078,10,3,NA,16.9963385314737,21.1414805938133
2078-10-04 12:00:00,2078,10,4,NA,13.5358027700108,18.3117439406444
2078-10-05 12:00:00,2078,10,5,NA,10.434647961736,22.5436129074622
2078-10-06 12:00:00,2078,10,6,NA,11.310332395034,21.730105959131
2078-10-07 12:00:00,2078,10,7,NA,11.5939519584062,20.8768104631617
2078-10-08 12:00:00,2078,10,8,NA,9.81821851038832,22.2207047889288
2078-10-09 12:00:00,2078,10,9,NA,10.6689100277875,20.7448455053383
2078-10-10 12:00:00,2078,10,10,NA,12.1261867112303,22.6389534094786
2078-10-11 12:00:00,2078,10,11,NA,12.9704776371916,25.4617862774831
2078-10-12 12:00:00,2078,10,12,NA,14.6860676579039,28.3403115052443
2078-10-13 12:00:00,2078,10,13,NA,14.2085162856475,28.801210724857
2078-10-14 12:00:00,2078,10,14,NA,13.5839515020787,27.1083870117525
2078-10-15 12:00:00,2078,10,15,NA,12.9554562593518,24.702630590159
2078-10-16 12:00:00,2078,10,16,NA,11.7415998301699,24.7573386399865
2078-10-17 12:00:00,2078,10,17,NA,8.55958111650705,21.605518417288
2078-10-18 12:00:00,2078,10,18,NA,6.90649020016962,22.985823647671
2078-10-19 12:00:00,2078,10,19,NA,10.3675068811472,26.318129858485
2078-10-20 12:00:00,2078,10,20,NA,12.6599576279651,27.0464404485489
2078-10-21 12:00:00,2078,10,21,NA,12.6429787646371,26.9293354617839
2078-10-22 12:00:00,2078,10,22,NA,13.1721246184554,23.2764561328062
2078-10-23 12:00:00,2078,10,23,NA,14.5077442477605,25.8148858526174
2078-10-24 12:00:00,2078,10,24,NA,12.8785197522515,24.2623420448916
2078-10-25 12:00:00,2078,10,25,NA,16.285409780307,23.758214117647
2078-10-26 12:00:00,2078,10,26,NA,11.6557683064475,17.0843786876036
2078-10-27 12:00:00,2078,10,27,NA,8.53390639149487,14.9336130658051
2078-10-28 12:00:00,2078,10,28,NA,6.95968267178279,17.9166146775956
2078-10-29 12:00:00,2078,10,29,NA,7.19296927885869,20.1276963089718
2078-10-30 12:00:00,2078,10,30,NA,7.3171629514831,17.5777490471526
2078-10-31 12:00:00,2078,10,31,NA,4.36605118216988,20.8900740661744
2078-11-01 12:00:00,2078,11,1,NA,9.74873739396262,22.862235129285
2078-11-02 12:00:00,2078,11,2,NA,9.81749454251927,16.5236406520882
2078-11-03 12:00:00,2078,11,3,NA,7.45681368218443,20.159033087008
2078-11-04 12:00:00,2078,11,4,NA,7.70252682122758,15.51467682105
2078-11-05 12:00:00,2078,11,5,NA,6.92040014327024,16.4424455086507
2078-11-06 12:00:00,2078,11,6,NA,4.88887986527916,15.852095645441
2078-11-07 12:00:00,2078,11,7,NA,6.96215145610175,18.7960434340617
2078-11-08 12:00:00,2078,11,8,NA,7.70374479434077,20.9314220639226
2078-11-09 12:00:00,2078,11,9,NA,10.7618721998663,20.8573460590805
2078-11-10 12:00:00,2078,11,10,NA,9.68595904469855,14.2115911773531
2078-11-11 12:00:00,2078,11,11,NA,10.2955406991176,20.5208738129325
2078-11-12 12:00:00,2078,11,12,NA,14.3400075185617,17.2182118130847
2078-11-13 12:00:00,2078,11,13,NA,8.57582249779367,17.2492085810971
2078-11-14 12:00:00,2078,11,14,NA,11.0086797045503,13.5884843499911
2078-11-15 12:00:00,2078,11,15,NA,7.19273990439406,11.2033684928454
2078-11-16 12:00:00,2078,11,16,NA,5.53881518682384,15.2427394649008
2078-11-17 12:00:00,2078,11,17,NA,3.20692943596852,17.224239815645
2078-11-18 12:00:00,2078,11,18,NA,2.99875265384579,15.9362790574088
2078-11-19 12:00:00,2078,11,19,NA,4.62777452947779,17.667453689175
2078-11-20 12:00:00,2078,11,20,NA,9.65088120764166,15.0695096975631
2078-11-21 12:00:00,2078,11,21,NA,2.3875165278243,14.3872936233745
2078-11-22 12:00:00,2078,11,22,NA,3.22828157297531,7.88346611502116
2078-11-23 12:00:00,2078,11,23,NA,1.94790337930926,12.3110835933945
2078-11-24 12:00:00,2078,11,24,NA,4.34214840470141,13.7206738764713
2078-11-25 12:00:00,2078,11,25,NA,1.6660655702699,14.5571831184986
2078-11-26 12:00:00,2078,11,26,NA,3.46058468911565,15.769535745097
2078-11-27 12:00:00,2078,11,27,NA,3.51798118927261,10.6244642558428
2078-11-28 12:00:00,2078,11,28,NA,4.95871457017517,13.4512574082776
2078-11-29 12:00:00,2078,11,29,NA,4.02340951488862,10.2588256268654
2078-11-30 12:00:00,2078,11,30,NA,-0.731708893159534,11.9782981485706
2078-12-01 12:00:00,2078,12,1,NA,1.18968662520815,14.1953306458527
2078-12-02 12:00:00,2078,12,2,NA,0.187728026147554,15.7176352218239
2078-12-03 12:00:00,2078,12,3,NA,1.2283325566497,12.5643298817781
2078-12-04 12:00:00,2078,12,4,NA,3.31186478397388,9.515059542601
2078-12-05 12:00:00,2078,12,5,NA,1.74723228342578,8.82233115435389
2078-12-06 12:00:00,2078,12,6,NA,2.01134703935446,13.1177286640791
2078-12-07 12:00:00,2078,12,7,NA,0.866183769080485,11.7382939951011
2078-12-08 12:00:00,2078,12,8,NA,1.14281060946418,15.313102004139
2078-12-09 12:00:00,2078,12,9,NA,0.863525982742085,7.93340675657214
2078-12-10 12:00:00,2078,12,10,NA,0.586178966107014,4.10876452420804
2078-12-11 12:00:00,2078,12,11,NA,-0.699182821531864,8.40560069449925
2078-12-12 12:00:00,2078,12,12,NA,-0.702362668999754,9.40454618900018
2078-12-13 12:00:00,2078,12,13,NA,-3.23224750648133,5.86178815956652
2078-12-14 12:00:00,2078,12,14,NA,-3.47422866314197,7.97750036046827
2078-12-15 12:00:00,2078,12,15,NA,1.39583724674228,13.3128420618926
2078-12-16 12:00:00,2078,12,16,NA,1.11988917056243,13.4306366195622
2078-12-17 12:00:00,2078,12,17,NA,2.92956696890354,15.4699495084675
2078-12-18 12:00:00,2078,12,18,NA,7.51027442669865,18.2254893691391
2078-12-19 12:00:00,2078,12,19,NA,1.62520022889775,14.0050470043006
2078-12-20 12:00:00,2078,12,20,NA,2.38631745420517,8.49629348342067
2078-12-21 12:00:00,2078,12,21,NA,-1.26145760113686,7.94706094584284
2078-12-22 12:00:00,2078,12,22,NA,-3.85423197372475,7.47786616981165
2078-12-23 12:00:00,2078,12,23,NA,-2.23431196484356,8.12422870856262
2078-12-24 12:00:00,2078,12,24,NA,-2.84534431513745,10.1070961434173
2078-12-25 12:00:00,2078,12,25,NA,0.556650362299219,12.1723299981493
2078-12-26 12:00:00,2078,12,26,NA,2.67128709472033,12.4949741218261
2078-12-27 12:00:00,2078,12,27,NA,1.51347836805401,2.82407808165492
2078-12-28 12:00:00,2078,12,28,NA,-1.48897839627467,4.57297522651555
2078-12-29 12:00:00,2078,12,29,NA,-2.47619876334196,5.44158761590831
2078-12-30 12:00:00,2078,12,30,NA,-5.06065513632364,5.07865437828298
2078-12-31 12:00:00,2078,12,31,NA,-3.76321818314034,5.21621836683779
2079-01-01 12:00:00,2079,1,1,NA,-0.671832645950546,11.2223260017716
2079-01-02 12:00:00,2079,1,2,NA,1.14559830565221,10.8206775021172
2079-01-03 12:00:00,2079,1,3,NA,3.18706558550614,11.4379818392186
2079-01-04 12:00:00,2079,1,4,NA,0.04111616705391,11.346213564237
2079-01-05 12:00:00,2079,1,5,NA,1.70847731124384,10.8024618050973
2079-01-06 12:00:00,2079,1,6,NA,0.0969194359988617,12.4597088341605
2079-01-07 12:00:00,2079,1,7,NA,-0.695728024104112,10.6928943330162
2079-01-08 12:00:00,2079,1,8,NA,-6.00980813301969,-0.576590919836542
2079-01-09 12:00:00,2079,1,9,NA,-6.86014749033128,-0.553706176545964
2079-01-10 12:00:00,2079,1,10,NA,-4.51110983033797,8.26781771831354
2079-01-11 12:00:00,2079,1,11,NA,-4.00118350663817,9.37543233330205
2079-01-12 12:00:00,2079,1,12,NA,-4.34253720564467,6.71788523925193
2079-01-13 12:00:00,2079,1,13,NA,-5.01858790461384,7.37616965467288
2079-01-14 12:00:00,2079,1,14,NA,-3.12921502432954,7.14024748349371
2079-01-15 12:00:00,2079,1,15,NA,-1.58396910733724,10.9770359449276
2079-01-16 12:00:00,2079,1,16,NA,-0.656762471093846,11.8851772090866
2079-01-17 12:00:00,2079,1,17,NA,1.62134271114492,15.083259903214
2079-01-18 12:00:00,2079,1,18,NA,3.538056685042,13.7550467230171
2079-01-19 12:00:00,2079,1,19,NA,2.13280381801546,9.33336215381175
2079-01-20 12:00:00,2079,1,20,NA,-1.39232546601309,7.94632821689996
2079-01-21 12:00:00,2079,1,21,NA,-0.63639299590726,9.68618524133495
2079-01-22 12:00:00,2079,1,22,NA,-1.41437577534127,10.2847803030455
2079-01-23 12:00:00,2079,1,23,NA,-3.67036129644902,5.55683199766068
2079-01-24 12:00:00,2079,1,24,NA,-2.24389963556806,7.10414126173703
2079-01-25 12:00:00,2079,1,25,NA,-0.276120738890484,5.79572309666535
2079-01-26 12:00:00,2079,1,26,NA,-1.04798150577586,6.88204982798123
2079-01-27 12:00:00,2079,1,27,NA,-4.49204556987116,-0.157686987694596
2079-01-28 12:00:00,2079,1,28,NA,-2.10745378398392,7.90227521521573
2079-01-29 12:00:00,2079,1,29,NA,-1.74072728749912,6.90530811320781
2079-01-30 12:00:00,2079,1,30,NA,-2.10100206305434,1.53949102424695
2079-01-31 12:00:00,2079,1,31,NA,1.03886339052965,6.88287589706657
2079-02-01 12:00:00,2079,2,1,NA,-2.90295959470713,1.35174786155689
2079-02-02 12:00:00,2079,2,2,NA,-2.58743377731266,2.71199679511656
2079-02-03 12:00:00,2079,2,3,NA,-3.87523332143895,0.049053806690172
2079-02-04 12:00:00,2079,2,4,NA,-5.30526957243378,4.06180429192955
2079-02-05 12:00:00,2079,2,5,NA,-0.155228776661719,7.16678506558871
2079-02-06 12:00:00,2079,2,6,NA,3.4400273078499,12.9001880353333
2079-02-07 12:00:00,2079,2,7,NA,4.38687115345495,13.693631354219
2079-02-08 12:00:00,2079,2,8,NA,2.32046303913775,14.5350559006731
2079-02-09 12:00:00,2079,2,9,NA,4.71655615400728,13.7865806006671
2079-02-10 12:00:00,2079,2,10,NA,1.10983561478427,10.5478819024837
2079-02-11 12:00:00,2079,2,11,NA,1.59884680970636,11.1796159301843
2079-02-12 12:00:00,2079,2,12,NA,1.32054322319068,11.5134407407098
2079-02-13 12:00:00,2079,2,13,NA,-0.706333293495633,3.44513809945895
2079-02-14 12:00:00,2079,2,14,NA,-0.725400099725483,4.9152892932
2079-02-15 12:00:00,2079,2,15,NA,-3.75219624069992,4.4884081791739
2079-02-16 12:00:00,2079,2,16,NA,-3.76977274411195,2.46428462140701
2079-02-17 12:00:00,2079,2,17,NA,-2.40921439643648,5.88425460003994
2079-02-18 12:00:00,2079,2,18,NA,-3.78875748058389,3.51828848597447
2079-02-19 12:00:00,2079,2,19,NA,-7.52900775678193,4.4760221572695
2079-02-20 12:00:00,2079,2,20,NA,-5.52034501783732,5.9276778442956
2079-02-21 12:00:00,2079,2,21,NA,-5.3892759238889,6.09366296209188
2079-02-22 12:00:00,2079,2,22,NA,0.583126891991581,13.1588030559076
2079-02-23 12:00:00,2079,2,23,NA,0.96008581055336,15.7669408892811
2079-02-24 12:00:00,2079,2,24,NA,2.75418335914081,12.9470808766599
2079-02-25 12:00:00,2079,2,25,NA,3.43894973690113,16.0066786470682
2079-02-26 12:00:00,2079,2,26,NA,4.32003298232307,15.7437472424103
2079-02-27 12:00:00,2079,2,27,NA,4.43856665732554,15.9413275487896
2079-02-28 12:00:00,2079,2,28,NA,3.27924824331922,15.5071476100061
2079-03-01 12:00:00,2079,3,1,NA,3.94711696127131,18.0065536291561
2079-03-02 12:00:00,2079,3,2,NA,2.6961625369828,12.9740567727819
2079-03-03 12:00:00,2079,3,3,NA,3.49862045786205,16.8634191864867
2079-03-04 12:00:00,2079,3,4,NA,1.3521265041287,17.9663772497747
2079-03-05 12:00:00,2079,3,5,NA,2.68267470333699,18.6283314650413
2079-03-06 12:00:00,2079,3,6,NA,4.22910862604324,14.3278388553873
2079-03-07 12:00:00,2079,3,7,NA,4.0635302283589,10.7067423484949
2079-03-08 12:00:00,2079,3,8,NA,0.0829663903793976,7.35808993890821
2079-03-09 12:00:00,2079,3,9,NA,-3.1427132966847,10.0516816384205
2079-03-10 12:00:00,2079,3,10,NA,-2.40474416412861,11.9466082580197
2079-03-11 12:00:00,2079,3,11,NA,-2.44058967146619,16.1983744032165
2079-03-12 12:00:00,2079,3,12,NA,1.99541324894574,13.8066607137702
2079-03-13 12:00:00,2079,3,13,NA,2.77907047970286,13.9575657545333
2079-03-14 12:00:00,2079,3,14,NA,1.80007024897872,7.97930471711623
2079-03-15 12:00:00,2079,3,15,NA,1.05343961534461,5.66491226583555
2079-03-16 12:00:00,2079,3,16,NA,0.0180555602994108,9.41654879530188
2079-03-17 12:00:00,2079,3,17,NA,-4.54860681855672,9.56292348342628
2079-03-18 12:00:00,2079,3,18,NA,2.13553605994575,19.2277154891344
2079-03-19 12:00:00,2079,3,19,NA,3.61173448154675,18.1894371127339
2079-03-20 12:00:00,2079,3,20,NA,2.8530934267955,21.3484138087078
2079-03-21 12:00:00,2079,3,21,NA,4.0818220304912,22.4998311182675
2079-03-22 12:00:00,2079,3,22,NA,6.33140273483982,18.7257584832964
2079-03-23 12:00:00,2079,3,23,NA,1.0677472232293,11.6880314859227
2079-03-24 12:00:00,2079,3,24,NA,-0.338652354587786,14.2940558170836
2079-03-25 12:00:00,2079,3,25,NA,3.46233624718533,16.7014067456999
2079-03-26 12:00:00,2079,3,26,NA,3.03305452940814,18.0011015725837
2079-03-27 12:00:00,2079,3,27,NA,5.20077270002009,20.3133402078673
2079-03-28 12:00:00,2079,3,28,NA,5.28813795920131,21.2337947209056
2079-03-29 12:00:00,2079,3,29,NA,6.16572594920193,20.2302592094538
2079-03-30 12:00:00,2079,3,30,NA,6.7295288280088,20.5330120504485
2079-03-31 12:00:00,2079,3,31,NA,4.95398024745322,20.1600780491173
2079-04-01 12:00:00,2079,4,1,NA,4.22087907730472,21.4219264600465
2079-04-02 12:00:00,2079,4,2,NA,5.84078639694817,17.6970732183481
2079-04-03 12:00:00,2079,4,3,NA,4.53210366773196,16.9600290760881
2079-04-04 12:00:00,2079,4,4,NA,6.18509774401803,15.0853840529499
2079-04-05 12:00:00,2079,4,5,NA,3.7473661900922,20.6413336347148
2079-04-06 12:00:00,2079,4,6,NA,7.72520973883081,20.5284698082326
2079-04-07 12:00:00,2079,4,7,NA,8.63755281703504,20.5608557837912
2079-04-08 12:00:00,2079,4,8,NA,8.40240748293241,18.0182661172731
2079-04-09 12:00:00,2079,4,9,NA,9.27000386051401,16.518648191612
2079-04-10 12:00:00,2079,4,10,NA,6.0753317402344,21.7180038737527
2079-04-11 12:00:00,2079,4,11,NA,5.54568557475345,18.771812866212
2079-04-12 12:00:00,2079,4,12,NA,8.98138940019833,11.571257201978
2079-04-13 12:00:00,2079,4,13,NA,8.30996861527861,21.1132286846804
2079-04-14 12:00:00,2079,4,14,NA,9.62197629731042,23.6030674452078
2079-04-15 12:00:00,2079,4,15,NA,10.6979287837563,18.2233041897947
2079-04-16 12:00:00,2079,4,16,NA,7.42394546038085,12.5045245328484
2079-04-17 12:00:00,2079,4,17,NA,9.2386303964457,14.5852922678718
2079-04-18 12:00:00,2079,4,18,NA,9.56924060978094,17.5368690652696
2079-04-19 12:00:00,2079,4,19,NA,8.06230700590275,16.8002260080106
2079-04-20 12:00:00,2079,4,20,NA,9.74686517087957,19.5668948767367
2079-04-21 12:00:00,2079,4,21,NA,10.5093588397925,19.2451960905262
2079-04-22 12:00:00,2079,4,22,NA,9.27459608930745,22.3360855817799
2079-04-23 12:00:00,2079,4,23,NA,10.9320528585944,23.9358320471053
2079-04-24 12:00:00,2079,4,24,NA,9.33360772998277,16.1556350643249
2079-04-25 12:00:00,2079,4,25,NA,4.46353782285363,19.1998264335954
2079-04-26 12:00:00,2079,4,26,NA,10.4925768391352,17.158896658799
2079-04-27 12:00:00,2079,4,27,NA,6.23662756328246,18.6137291598565
2079-04-28 12:00:00,2079,4,28,NA,6.96952631593992,17.8401887105603
2079-04-29 12:00:00,2079,4,29,NA,7.25411960839636,21.7274203099607
2079-04-30 12:00:00,2079,4,30,NA,7.13413459989945,22.8300909082299
2079-05-01 12:00:00,2079,5,1,NA,10.6286452334778,26.6230750008975
2079-05-02 12:00:00,2079,5,2,NA,11.9717694980499,29.7997981792689
2079-05-03 12:00:00,2079,5,3,NA,10.101832820977,23.803590282816
2079-05-04 12:00:00,2079,5,4,NA,12.7604190519696,26.9210001843874
2079-05-05 12:00:00,2079,5,5,NA,10.7787320850933,23.1038835002696
2079-05-06 12:00:00,2079,5,6,NA,9.33637357046943,26.8539593848253
2079-05-07 12:00:00,2079,5,7,NA,12.0436329307333,23.4559026747173
2079-05-08 12:00:00,2079,5,8,NA,12.8169553110447,28.0791636251071
2079-05-09 12:00:00,2079,5,9,NA,12.6913308713284,25.9824349890126
2079-05-10 12:00:00,2079,5,10,NA,15.5305858975851,31.2768748635549
2079-05-11 12:00:00,2079,5,11,NA,16.3709771607834,29.8070654538609
2079-05-12 12:00:00,2079,5,12,NA,16.3704486859766,28.3952373904758
2079-05-13 12:00:00,2079,5,13,NA,19.4853662573355,23.9932813210556
2079-05-14 12:00:00,2079,5,14,NA,16.2339293005283,27.0511001968456
2079-05-15 12:00:00,2079,5,15,NA,13.3417365793924,27.0406652392853
2079-05-16 12:00:00,2079,5,16,NA,14.1719876684235,25.4867277974325
2079-05-17 12:00:00,2079,5,17,NA,11.896790987141,25.0020154495973
2079-05-18 12:00:00,2079,5,18,NA,12.6533158246197,26.9503102530629
2079-05-19 12:00:00,2079,5,19,NA,12.9360934484974,27.1303808811762
2079-05-20 12:00:00,2079,5,20,NA,13.150837906385,27.2826377236486
2079-05-21 12:00:00,2079,5,21,NA,13.9555615851679,26.8007992101049
2079-05-22 12:00:00,2079,5,22,NA,15.1459048368929,23.3484529406984
2079-05-23 12:00:00,2079,5,23,NA,14.867443449221,26.8237213689576
2079-05-24 12:00:00,2079,5,24,NA,15.4623156196916,22.3880332025205
2079-05-25 12:00:00,2079,5,25,NA,16.3693304811983,24.5718785850038
2079-05-26 12:00:00,2079,5,26,NA,17.4323754540617,25.0551867897672
2079-05-27 12:00:00,2079,5,27,NA,14.9531571425549,25.9777784419072
2079-05-28 12:00:00,2079,5,28,NA,14.4985048987321,24.367897461155
2079-05-29 12:00:00,2079,5,29,NA,13.7822091212826,28.5775761540283
2079-05-30 12:00:00,2079,5,30,NA,14.3768744554646,29.5139498124135
2079-05-31 12:00:00,2079,5,31,NA,13.9989474560071,27.8504745018593
2079-06-01 12:00:00,2079,6,1,NA,15.0312184576323,32.6634628202565
2079-06-02 12:00:00,2079,6,2,NA,13.8365207354359,34.3868805291329
2079-06-03 12:00:00,2079,6,3,NA,16.7898452383421,29.8885326565161
2079-06-04 12:00:00,2079,6,4,NA,16.3225815884684,31.0447854381647
2079-06-05 12:00:00,2079,6,5,NA,18.7682542781856,32.0304983797299
2079-06-06 12:00:00,2079,6,6,NA,21.0901815165654,27.331262630441
2079-06-07 12:00:00,2079,6,7,NA,17.3226557519199,25.8070326039213
2079-06-08 12:00:00,2079,6,8,NA,19.6779622659061,24.1071809880436
2079-06-09 12:00:00,2079,6,9,NA,17.6413661440683,27.0772932293531
2079-06-10 12:00:00,2079,6,10,NA,16.9154670507905,30.4346298624414
2079-06-11 12:00:00,2079,6,11,NA,20.3165021310914,31.4888603326582
2079-06-12 12:00:00,2079,6,12,NA,20.7981244786904,30.0172301780473
2079-06-13 12:00:00,2079,6,13,NA,19.2644871584781,29.9456798469186
2079-06-14 12:00:00,2079,6,14,NA,17.0998959244038,34.14888526228
2079-06-15 12:00:00,2079,6,15,NA,17.7747997920053,35.8419038224174
2079-06-16 12:00:00,2079,6,16,NA,18.8918766985335,32.9996171703166
2079-06-17 12:00:00,2079,6,17,NA,20.1105665053916,32.7815775256275
2079-06-18 12:00:00,2079,6,18,NA,21.6280362728949,31.6769640989814
2079-06-19 12:00:00,2079,6,19,NA,20.9327155931546,36.099946663195
2079-06-20 12:00:00,2079,6,20,NA,23.3354922310295,30.8502196950651
2079-06-21 12:00:00,2079,6,21,NA,22.6132357094996,32.6680814156933
2079-06-22 12:00:00,2079,6,22,NA,17.9401449906678,29.4339689484149
2079-06-23 12:00:00,2079,6,23,NA,19.3268940790268,31.3848305896979
2079-06-24 12:00:00,2079,6,24,NA,20.9752801854077,25.8923260636482
2079-06-25 12:00:00,2079,6,25,NA,15.3992049493915,24.0354901079045
2079-06-26 12:00:00,2079,6,26,NA,9.88895604996762,28.9617689476109
2079-06-27 12:00:00,2079,6,27,NA,16.322457939454,29.882152838692
2079-06-28 12:00:00,2079,6,28,NA,20.0713253928312,31.650208197687
2079-06-29 12:00:00,2079,6,29,NA,20.1030390779188,29.1059072323488
2079-06-30 12:00:00,2079,6,30,NA,21.125774960852,25.8399693231586
2079-07-01 12:00:00,2079,7,1,NA,21.4667045586203,24.4657369090332
2079-07-02 12:00:00,2079,7,2,NA,22.5221661084133,30.430161793939
2079-07-03 12:00:00,2079,7,3,NA,23.173234716153,30.0587650379665
2079-07-04 12:00:00,2079,7,4,NA,24.3379468863778,31.6153211571877
2079-07-05 12:00:00,2079,7,5,NA,24.6016416329788,30.4140725693455
2079-07-06 12:00:00,2079,7,6,NA,25.2718022202282,31.2831996420278
2079-07-07 12:00:00,2079,7,7,NA,24.748651603971,33.9063964701582
2079-07-08 12:00:00,2079,7,8,NA,24.2382308316923,31.6778569759711
2079-07-09 12:00:00,2079,7,9,NA,24.0467735250853,30.0949373296866
2079-07-10 12:00:00,2079,7,10,NA,24.2315259076376,32.5603251714832
2079-07-11 12:00:00,2079,7,11,NA,25.9121142357157,30.7426345607019
2079-07-12 12:00:00,2079,7,12,NA,24.7404168396878,31.5933897483786
2079-07-13 12:00:00,2079,7,13,NA,23.2357626394202,28.0783617505309
2079-07-14 12:00:00,2079,7,14,NA,22.8932478829502,31.446644875185
2079-07-15 12:00:00,2079,7,15,NA,23.9392701637267,30.1163643983674
2079-07-16 12:00:00,2079,7,16,NA,25.3809181439245,34.1580986596353
2079-07-17 12:00:00,2079,7,17,NA,26.0338658780468,32.2396930856679
2079-07-18 12:00:00,2079,7,18,NA,27.4405147506455,30.934718525262
2079-07-19 12:00:00,2079,7,19,NA,26.2001212141823,32.9710210816433
2079-07-20 12:00:00,2079,7,20,NA,25.2859263091055,32.8744563160335
2079-07-21 12:00:00,2079,7,21,NA,26.2598386293041,28.7663074422437
2079-07-22 12:00:00,2079,7,22,NA,24.3161778266692,29.9776769127177
2079-07-23 12:00:00,2079,7,23,NA,25.0558297551864,31.1845279366591
2079-07-24 12:00:00,2079,7,24,NA,23.4592930029496,31.7025432112642
2079-07-25 12:00:00,2079,7,25,NA,21.9100289737237,31.8281923398512
2079-07-26 12:00:00,2079,7,26,NA,22.3055452706268,32.2237086367543
2079-07-27 12:00:00,2079,7,27,NA,21.1996475669992,30.8796521887139
2079-07-28 12:00:00,2079,7,28,NA,22.5214120403827,33.1817645943527
2079-07-29 12:00:00,2079,7,29,NA,25.6646779441933,34.2355763291689
2079-07-30 12:00:00,2079,7,30,NA,26.4985232366267,33.0746961694367
2079-07-31 12:00:00,2079,7,31,NA,25.0158909757185,31.358391310246
2079-08-01 12:00:00,2079,8,1,NA,24.5287702964155,33.8791235450004
2079-08-02 12:00:00,2079,8,2,NA,25.3785312533001,33.4980823347931
2079-08-03 12:00:00,2079,8,3,NA,25.7634361535207,33.0871529148847
2079-08-04 12:00:00,2079,8,4,NA,25.6372008836417,33.3191066633636
2079-08-05 12:00:00,2079,8,5,NA,26.1564407744462,35.0267894095994
2079-08-06 12:00:00,2079,8,6,NA,27.2030810849228,35.6360744167581
2079-08-07 12:00:00,2079,8,7,NA,27.0439154898581,35.681403794352
2079-08-08 12:00:00,2079,8,8,NA,26.2103435911462,34.3907460846674
2079-08-09 12:00:00,2079,8,9,NA,27.4619368566208,34.9303530861836
2079-08-10 12:00:00,2079,8,10,NA,27.7537723534513,35.0203978128916
2079-08-11 12:00:00,2079,8,11,NA,25.4137418470262,36.9309515853809
2079-08-12 12:00:00,2079,8,12,NA,25.2028559046716,34.7993502409877
2079-08-13 12:00:00,2079,8,13,NA,24.835594650215,34.0125082379086
2079-08-14 12:00:00,2079,8,14,NA,24.2089423198321,34.6406572944487
2079-08-15 12:00:00,2079,8,15,NA,25.53527190258,35.0330922973922
2079-08-16 12:00:00,2079,8,16,NA,27.5638203060981,34.0983019863793
2079-08-17 12:00:00,2079,8,17,NA,26.3040361372228,33.9508390539413
2079-08-18 12:00:00,2079,8,18,NA,25.0800959989533,35.5023528932532
2079-08-19 12:00:00,2079,8,19,NA,27.2831764573469,36.6940072737267
2079-08-20 12:00:00,2079,8,20,NA,27.7617355338595,35.9324301171297
2079-08-21 12:00:00,2079,8,21,NA,27.3003754585564,34.3646102219139
2079-08-22 12:00:00,2079,8,22,NA,25.856715688666,35.2183330302643
2079-08-23 12:00:00,2079,8,23,NA,23.8127041764233,31.2588549834273
2079-08-24 12:00:00,2079,8,24,NA,22.1259057615258,30.0864420878506
2079-08-25 12:00:00,2079,8,25,NA,21.849843017351,27.5240774286384
2079-08-26 12:00:00,2079,8,26,NA,22.6112233058791,29.3280674900779
2079-08-27 12:00:00,2079,8,27,NA,21.6404083146279,28.3569290859443
2079-08-28 12:00:00,2079,8,28,NA,21.9578648612795,31.5710523968893
2079-08-29 12:00:00,2079,8,29,NA,24.007568341417,30.369966454608
2079-08-30 12:00:00,2079,8,30,NA,21.1309318749476,25.1950762374248
2079-08-31 12:00:00,2079,8,31,NA,19.7084919852744,25.9485212705968
2079-09-01 12:00:00,2079,9,1,NA,21.6826645282879,28.4022337108397
2079-09-02 12:00:00,2079,9,2,NA,26.0950168804443,28.0147039815628
2079-09-03 12:00:00,2079,9,3,NA,22.6161946269682,31.5749079550051
2079-09-04 12:00:00,2079,9,4,NA,21.8389422178131,32.7779760220472
2079-09-05 12:00:00,2079,9,5,NA,23.6998779786922,32.3232842862545
2079-09-06 12:00:00,2079,9,6,NA,26.362696222633,28.9248064366447
2079-09-07 12:00:00,2079,9,7,NA,20.967380864607,25.6178330412311
2079-09-08 12:00:00,2079,9,8,NA,18.5457110413725,29.0902285474578
2079-09-09 12:00:00,2079,9,9,NA,21.4597946631015,32.1908332320972
2079-09-10 12:00:00,2079,9,10,NA,20.5098086202182,34.4363653121966
2079-09-11 12:00:00,2079,9,11,NA,22.1754196695452,30.8009672331625
2079-09-12 12:00:00,2079,9,12,NA,20.1674323008941,30.0974121177867
2079-09-13 12:00:00,2079,9,13,NA,19.2263511179923,30.8454312944857
2079-09-14 12:00:00,2079,9,14,NA,18.6197474006436,29.1592899629094
2079-09-15 12:00:00,2079,9,15,NA,20.0806849425252,30.625288469638
2079-09-16 12:00:00,2079,9,16,NA,20.088136060855,31.3925044853107
2079-09-17 12:00:00,2079,9,17,NA,19.2058147947557,29.7529062749183
2079-09-18 12:00:00,2079,9,18,NA,18.6338190069509,27.0680480712749
2079-09-19 12:00:00,2079,9,19,NA,17.0114128426262,28.1728162198625
2079-09-20 12:00:00,2079,9,20,NA,21.7021469213041,26.989439790633
2079-09-21 12:00:00,2079,9,21,NA,21.7199464240097,31.3137744726698
2079-09-22 12:00:00,2079,9,22,NA,19.4614640705955,30.1978281128956
2079-09-23 12:00:00,2079,9,23,NA,22.4698551483073,28.4953712271593
2079-09-24 12:00:00,2079,9,24,NA,19.216687469532,26.8879823468763
2079-09-25 12:00:00,2079,9,25,NA,17.1321282471896,20.4948362315113
2079-09-26 12:00:00,2079,9,26,NA,13.2323603684911,22.6923234397222
2079-09-27 12:00:00,2079,9,27,NA,14.9439169768198,26.004653128592
2079-09-28 12:00:00,2079,9,28,NA,12.1452300520073,26.5235852905261
2079-09-29 12:00:00,2079,9,29,NA,13.4014071470884,28.7554522878875
2079-09-30 12:00:00,2079,9,30,NA,14.6820129212638,29.9413864878054
2079-10-01 12:00:00,2079,10,1,NA,18.113147662497,29.7939127586899
2079-10-02 12:00:00,2079,10,2,NA,18.3738380353406,28.2047600451547
2079-10-03 12:00:00,2079,10,3,NA,16.9091758129902,30.3146984026571
2079-10-04 12:00:00,2079,10,4,NA,16.3143638533035,29.8644453774765
2079-10-05 12:00:00,2079,10,5,NA,15.8083476051607,29.6045296008975
2079-10-06 12:00:00,2079,10,6,NA,21.4926315313156,28.1750033921415
2079-10-07 12:00:00,2079,10,7,NA,16.5535220190409,31.53571503145
2079-10-08 12:00:00,2079,10,8,NA,19.626040240873,30.5323164253303
2079-10-09 12:00:00,2079,10,9,NA,18.3146984204222,25.0148316469886
2079-10-10 12:00:00,2079,10,10,NA,15.4228149060557,27.3598607077605
2079-10-11 12:00:00,2079,10,11,NA,14.205773298611,23.15068655206
2079-10-12 12:00:00,2079,10,12,NA,9.75680215428254,18.8498639437945
2079-10-13 12:00:00,2079,10,13,NA,8.33990074527616,22.2617304020229
2079-10-14 12:00:00,2079,10,14,NA,9.62519641330293,22.0486819926177
2079-10-15 12:00:00,2079,10,15,NA,9.52623627859134,17.5328026839322
2079-10-16 12:00:00,2079,10,16,NA,9.65984731927214,15.8206550873409
2079-10-17 12:00:00,2079,10,17,NA,7.24425595164756,23.3770248696372
2079-10-18 12:00:00,2079,10,18,NA,7.89934760356306,24.6347324069745
2079-10-19 12:00:00,2079,10,19,NA,14.5341043004012,24.8575064825008
2079-10-20 12:00:00,2079,10,20,NA,14.1627613307264,27.2890508192929
2079-10-21 12:00:00,2079,10,21,NA,13.888656240935,25.2277516927989
2079-10-22 12:00:00,2079,10,22,NA,11.0763013043527,22.9859282338622
2079-10-23 12:00:00,2079,10,23,NA,10.6833106789335,20.9293059374082
2079-10-24 12:00:00,2079,10,24,NA,8.82896429291475,17.5868305251295
2079-10-25 12:00:00,2079,10,25,NA,9.27623270665152,18.7598009627879
2079-10-26 12:00:00,2079,10,26,NA,9.47166285800483,19.5670927803319
2079-10-27 12:00:00,2079,10,27,NA,9.79532425993203,22.8313230407178
2079-10-28 12:00:00,2079,10,28,NA,9.7944683524651,24.6758563831814
2079-10-29 12:00:00,2079,10,29,NA,10.4462257145887,20.3095323166491
2079-10-30 12:00:00,2079,10,30,NA,10.9041678593379,19.8490586815424
2079-10-31 12:00:00,2079,10,31,NA,10.4656280219486,19.5670547974234
2079-11-01 12:00:00,2079,11,1,NA,9.22109113370298,19.2865253328854
2079-11-02 12:00:00,2079,11,2,NA,12.0224174971886,21.0504858609659
2079-11-03 12:00:00,2079,11,3,NA,9.2140905517682,19.7337553486412
2079-11-04 12:00:00,2079,11,4,NA,9.5048062900388,16.2273944117846
2079-11-05 12:00:00,2079,11,5,NA,6.68730083802904,15.7170212637012
2079-11-06 12:00:00,2079,11,6,NA,5.24244227246004,15.6001224639452
2079-11-07 12:00:00,2079,11,7,NA,12.8215610461162,19.8661758088175
2079-11-08 12:00:00,2079,11,8,NA,10.5378929681857,17.5921747482
2079-11-09 12:00:00,2079,11,9,NA,7.85449868563159,19.8351669529887
2079-11-10 12:00:00,2079,11,10,NA,6.74318816846992,18.9939406148456
2079-11-11 12:00:00,2079,11,11,NA,7.92276512213846,20.2401015809134
2079-11-12 12:00:00,2079,11,12,NA,10.3485296341584,15.5208178779409
2079-11-13 12:00:00,2079,11,13,NA,7.41519516472754,18.2823348448162
2079-11-14 12:00:00,2079,11,14,NA,7.27438115703131,20.7365200835826
2079-11-15 12:00:00,2079,11,15,NA,6.8718648466758,21.9650003895785
2079-11-16 12:00:00,2079,11,16,NA,7.74062929094007,20.2607188785514
2079-11-17 12:00:00,2079,11,17,NA,4.81493198675285,19.076099194172
2079-11-18 12:00:00,2079,11,18,NA,4.97345045018315,17.9871655346429
2079-11-19 12:00:00,2079,11,19,NA,3.1114292478302,18.5412213642391
2079-11-20 12:00:00,2079,11,20,NA,4.51205359593109,19.5190946267195
2079-11-21 12:00:00,2079,11,21,NA,8.18941614224819,16.8628022255516
2079-11-22 12:00:00,2079,11,22,NA,11.2977707383435,17.6055691708414
2079-11-23 12:00:00,2079,11,23,NA,7.76488784112127,19.7455561084784
2079-11-24 12:00:00,2079,11,24,NA,13.9965842330384,19.1714652081933
2079-11-25 12:00:00,2079,11,25,NA,8.66865493412584,16.3563825148877
2079-11-26 12:00:00,2079,11,26,NA,6.72932774330357,16.9366297618179
2079-11-27 12:00:00,2079,11,27,NA,8.30736916880201,14.333599817286
2079-11-28 12:00:00,2079,11,28,NA,4.2054004159752,14.6850763101533
2079-11-29 12:00:00,2079,11,29,NA,0.200830758878491,9.09572958302161
2079-11-30 12:00:00,2079,11,30,NA,0.140030457276445,13.3865525050521
2079-12-01 12:00:00,2079,12,1,NA,-1.55351648601594,13.8769634603062
2079-12-02 12:00:00,2079,12,2,NA,0.239528587772115,10.8692202768766
2079-12-03 12:00:00,2079,12,3,NA,1.09982699094463,9.5954949563854
2079-12-04 12:00:00,2079,12,4,NA,6.21048438135594,15.1873269279706
2079-12-05 12:00:00,2079,12,5,NA,5.01865596639763,13.5575791831555
2079-12-06 12:00:00,2079,12,6,NA,4.36965687182371,14.4775314096411
2079-12-07 12:00:00,2079,12,7,NA,1.86598440853064,10.7001731637161
2079-12-08 12:00:00,2079,12,8,NA,1.05917484878743,12.3488245994744
2079-12-09 12:00:00,2079,12,9,NA,-2.67744378711618,16.9089074732316
2079-12-10 12:00:00,2079,12,10,NA,3.05165550923911,12.260880008094
2079-12-11 12:00:00,2079,12,11,NA,1.70028821627313,10.90685978321
2079-12-12 12:00:00,2079,12,12,NA,0.65973791473491,12.8995759509965
2079-12-13 12:00:00,2079,12,13,NA,-0.751567858489685,15.2501809572767
2079-12-14 12:00:00,2079,12,14,NA,-1.52097370907995,10.5388647826429
2079-12-15 12:00:00,2079,12,15,NA,-0.0985666575023751,11.1792159152769
2079-12-16 12:00:00,2079,12,16,NA,6.46279105678407,11.9054805013258
2079-12-17 12:00:00,2079,12,17,NA,4.43634132222795,14.8467365184486
2079-12-18 12:00:00,2079,12,18,NA,3.1838951359728,17.7248161863043
2079-12-19 12:00:00,2079,12,19,NA,2.45862101302602,14.9527660848618
2079-12-20 12:00:00,2079,12,20,NA,0.262326851405146,8.22993569667047
2079-12-21 12:00:00,2079,12,21,NA,-5.76732571968795,-1.95002178607687
2079-12-22 12:00:00,2079,12,22,NA,-6.20361050026101,3.36385285927336
2079-12-23 12:00:00,2079,12,23,NA,-2.29826354182101,5.16449712066216
2079-12-24 12:00:00,2079,12,24,NA,-0.543095637068562,8.44349515084601
2079-12-25 12:00:00,2079,12,25,NA,0.387228060210075,7.17859649159942
2079-12-26 12:00:00,2079,12,26,NA,-2.42993131133015,4.13735845304643
2079-12-27 12:00:00,2079,12,27,NA,-0.447351067340493,8.687862504199
2079-12-28 12:00:00,2079,12,28,NA,-4.6656984918709,1.90561074629654
2079-12-29 12:00:00,2079,12,29,NA,-5.00144971311753,6.56790200801018
2079-12-30 12:00:00,2079,12,30,NA,-4.1857263986161,8.67986091247951
2079-12-31 12:00:00,2079,12,31,NA,-2.10968151821067,11.3604845589522
2080-01-01 12:00:00,2080,1,1,NA,0.336250671883151,11.1317420227169
2080-01-02 12:00:00,2080,1,2,NA,0.648701032210902,12.9594484812107
2080-01-03 12:00:00,2080,1,3,NA,2.23143186055801,9.41511234417988
2080-01-04 12:00:00,2080,1,4,NA,0.352544286946725,5.02245724188965
2080-01-05 12:00:00,2080,1,5,NA,-3.40852872035081,2.63872535206306
2080-01-06 12:00:00,2080,1,6,NA,-3.69092593975185,8.15101058898781
2080-01-07 12:00:00,2080,1,7,NA,-3.12331993307009,8.19253406594075
2080-01-08 12:00:00,2080,1,8,NA,-1.88927428251918,7.49001844397506
2080-01-09 12:00:00,2080,1,9,NA,-6.23799031322577,7.46353654165613
2080-01-10 12:00:00,2080,1,10,NA,-5.85615402660514,6.84526690177459
2080-01-11 12:00:00,2080,1,11,NA,-8.17017311119171,2.36756950913207
2080-01-12 12:00:00,2080,1,12,NA,-6.50336386197935,0.192370336105087
2080-01-13 12:00:00,2080,1,13,NA,-10.2509887500074,-4.16841801446347
2080-01-14 12:00:00,2080,1,14,NA,-10.992255960166,-1.32190091338513
2080-01-15 12:00:00,2080,1,15,NA,-7.41564184211105,5.16273150183944
2080-01-16 12:00:00,2080,1,16,NA,-5.08835357877541,10.0164492100686
2080-01-17 12:00:00,2080,1,17,NA,-1.62797405394401,10.8924783166546
2080-01-18 12:00:00,2080,1,18,NA,-2.67561740245658,0.390204254505072
2080-01-19 12:00:00,2080,1,19,NA,-10.0094044004453,-4.58963838060644
2080-01-20 12:00:00,2080,1,20,NA,-9.94118479709351,0.164924381298889
2080-01-21 12:00:00,2080,1,21,NA,-8.0081698280839,4.05150875880944
2080-01-22 12:00:00,2080,1,22,NA,-7.904149519267,6.65352332892351
2080-01-23 12:00:00,2080,1,23,NA,-5.1783120264465,3.46772337426043
2080-01-24 12:00:00,2080,1,24,NA,-4.08143191298369,9.27461582888279
2080-01-25 12:00:00,2080,1,25,NA,-0.296053994734458,11.8852190316153
2080-01-26 12:00:00,2080,1,26,NA,-1.95538368882378,10.7460372395559
2080-01-27 12:00:00,2080,1,27,NA,1.92362275066218,13.2599387308501
2080-01-28 12:00:00,2080,1,28,NA,0.235290224445219,7.43483697805005
2080-01-29 12:00:00,2080,1,29,NA,0.725122186799185,10.39547723358
2080-01-30 12:00:00,2080,1,30,NA,0.282504371618714,9.05963300050725
2080-01-31 12:00:00,2080,1,31,NA,-3.34480685628247,3.85575147951382
2080-02-01 12:00:00,2080,2,1,NA,-1.25096979535453,3.91265471939474
2080-02-02 12:00:00,2080,2,2,NA,-3.16486365042966,1.65523543955573
2080-02-03 12:00:00,2080,2,3,NA,-3.08689333540389,8.50920688365306
2080-02-04 12:00:00,2080,2,4,NA,-4.27565920833094,11.2005410340176
2080-02-05 12:00:00,2080,2,5,NA,-1.58969532144205,15.9452065857513
2080-02-06 12:00:00,2080,2,6,NA,0.515461307929161,17.1878974229651
2080-02-07 12:00:00,2080,2,7,NA,2.31130707655875,17.3932444995849
2080-02-08 12:00:00,2080,2,8,NA,2.64908899057894,14.665692089864
2080-02-09 12:00:00,2080,2,9,NA,4.03165278730964,9.79715097468938
2080-02-10 12:00:00,2080,2,10,NA,2.16872862259322,10.3612052486553
2080-02-11 12:00:00,2080,2,11,NA,4.10026663302487,6.48304089087569
2080-02-12 12:00:00,2080,2,12,NA,2.04167317859762,3.9585880354493
2080-02-13 12:00:00,2080,2,13,NA,-3.78194992496906,-1.39917566711825
2080-02-14 12:00:00,2080,2,14,NA,-5.12513606602922,2.64216164409151
2080-02-15 12:00:00,2080,2,15,NA,-9.19482001479539,0.865921063006357
2080-02-16 12:00:00,2080,2,16,NA,-5.98189655707463,4.07178584374622
2080-02-17 12:00:00,2080,2,17,NA,-6.69389685023067,4.93621295990082
2080-02-18 12:00:00,2080,2,18,NA,-4.4080746851173,7.70451680871875
2080-02-19 12:00:00,2080,2,19,NA,-3.29657233461219,10.3363955304387
2080-02-20 12:00:00,2080,2,20,NA,-2.82467353986572,10.8082943251851
2080-02-21 12:00:00,2080,2,21,NA,-3.97702171789129,3.3427477713163
2080-02-22 12:00:00,2080,2,22,NA,1.04138583685893,11.2003647735371
2080-02-23 12:00:00,2080,2,23,NA,0.0408270536079032,11.3072996637045
2080-02-24 12:00:00,2080,2,24,NA,-1.06840862726451,13.2873389867521
2080-02-25 12:00:00,2080,2,25,NA,-1.71200655719597,9.3725392302051
2080-02-26 12:00:00,2080,2,26,NA,3.18888905244251,12.2589134991023
2080-02-27 12:00:00,2080,2,27,NA,1.64164516954997,6.81240766135218
2080-02-28 12:00:00,2080,2,28,NA,-1.16533727874762,9.31447187933786
2080-02-29 12:00:00,2080,2,29,NA,-2.67581538368014,11.6896544896002
2080-03-01 12:00:00,2080,3,1,NA,-1.30005025199395,10.399959178618
2080-03-02 12:00:00,2080,3,2,NA,-1.2494576297333,10.5044127791614
2080-03-03 12:00:00,2080,3,3,NA,-1.23650071562225,12.7780620317778
2080-03-04 12:00:00,2080,3,4,NA,-0.328633532341638,12.3792823656136
2080-03-05 12:00:00,2080,3,5,NA,0.444377291280111,15.4124243344557
2080-03-06 12:00:00,2080,3,6,NA,-0.439696026536881,10.5178920273273
2080-03-07 12:00:00,2080,3,7,NA,-1.38290488944736,13.4839370356282
2080-03-08 12:00:00,2080,3,8,NA,0.268946927740542,15.898777021633
2080-03-09 12:00:00,2080,3,9,NA,1.63260959354073,17.896720702385
2080-03-10 12:00:00,2080,3,10,NA,1.8837796773371,17.8294364390414
2080-03-11 12:00:00,2080,3,11,NA,8.96774275502498,18.5597799726308
2080-03-12 12:00:00,2080,3,12,NA,3.7667650027734,14.8348092529664
2080-03-13 12:00:00,2080,3,13,NA,3.7824166734467,13.874207810538
2080-03-14 12:00:00,2080,3,14,NA,5.77569758775343,20.6119745611714
2080-03-15 12:00:00,2080,3,15,NA,4.65719728621607,22.4314813964491
2080-03-16 12:00:00,2080,3,16,NA,5.26546628021596,19.085713524955
2080-03-17 12:00:00,2080,3,17,NA,6.88721217682228,17.2953797084511
2080-03-18 12:00:00,2080,3,18,NA,2.47339434188027,13.3492002151933
2080-03-19 12:00:00,2080,3,19,NA,1.28266053495182,12.1584664082648
2080-03-20 12:00:00,2080,3,20,NA,-4.85573746297356,10.4903269337962
2080-03-21 12:00:00,2080,3,21,NA,0.159405002647482,6.1368335730341
2080-03-22 12:00:00,2080,3,22,NA,-0.450474844665408,5.92807065680496
2080-03-23 12:00:00,2080,3,23,NA,-0.259786195780291,14.7082608473953
2080-03-24 12:00:00,2080,3,24,NA,0.888945832037169,13.3297534202754
2080-03-25 12:00:00,2080,3,25,NA,1.97351102765998,9.24968450280059
2080-03-26 12:00:00,2080,3,26,NA,0.231833484994854,10.3355182972545
2080-03-27 12:00:00,2080,3,27,NA,-0.221867207207971,14.4108409644634
2080-03-28 12:00:00,2080,3,28,NA,-2.55310394072303,9.94171917104805
2080-03-29 12:00:00,2080,3,29,NA,-0.898634731338504,13.1693446555335
2080-03-30 12:00:00,2080,3,30,NA,-2.06438968694879,13.5778201790926
2080-03-31 12:00:00,2080,3,31,NA,-2.42408404350957,12.9676951419002
2080-04-01 12:00:00,2080,4,1,NA,1.59898995725293,11.7573106615543
2080-04-02 12:00:00,2080,4,2,NA,1.35688873273243,16.8061134441209
2080-04-03 12:00:00,2080,4,3,NA,1.22766892117708,18.9113591511655
2080-04-04 12:00:00,2080,4,4,NA,2.21919476987386,20.0683845298983
2080-04-05 12:00:00,2080,4,5,NA,5.4695617687107,20.2449803184315
2080-04-06 12:00:00,2080,4,6,NA,6.65824381665907,12.8171436022364
2080-04-07 12:00:00,2080,4,7,NA,7.04377021090931,20.0752545849867
2080-04-08 12:00:00,2080,4,8,NA,8.64539140082482,24.50671573039
2080-04-09 12:00:00,2080,4,9,NA,6.84634389061381,25.3944377198461
2080-04-10 12:00:00,2080,4,10,NA,10.781579750559,25.2223305887263
2080-04-11 12:00:00,2080,4,11,NA,11.3799498779983,24.3100145985259
2080-04-12 12:00:00,2080,4,12,NA,12.378678294524,29.1991169574819
2080-04-13 12:00:00,2080,4,13,NA,16.0712766762253,18.1446700618038
2080-04-14 12:00:00,2080,4,14,NA,11.1359927966178,19.6122202602272
2080-04-15 12:00:00,2080,4,15,NA,8.35914865316885,22.7770493897307
2080-04-16 12:00:00,2080,4,16,NA,8.55192106310622,21.7990205351076
2080-04-17 12:00:00,2080,4,17,NA,10.342257053272,23.7491284196395
2080-04-18 12:00:00,2080,4,18,NA,9.71264583110385,24.9427929847083
2080-04-19 12:00:00,2080,4,19,NA,9.47663827386351,23.8742285347492
2080-04-20 12:00:00,2080,4,20,NA,8.7464294811228,27.4775225773395
2080-04-21 12:00:00,2080,4,21,NA,10.5326754914053,24.0715987092155
2080-04-22 12:00:00,2080,4,22,NA,9.17966820473181,24.3257860996341
2080-04-23 12:00:00,2080,4,23,NA,12.7413671589799,24.8730793000821
2080-04-24 12:00:00,2080,4,24,NA,9.03476193629596,24.2118322622387
2080-04-25 12:00:00,2080,4,25,NA,9.18589364625005,25.576250546443
2080-04-26 12:00:00,2080,4,26,NA,12.2786732547124,26.8099064426253
2080-04-27 12:00:00,2080,4,27,NA,12.0769814848973,27.8302929064253
2080-04-28 12:00:00,2080,4,28,NA,12.8089904253516,30.3136641822678
2080-04-29 12:00:00,2080,4,29,NA,14.6587663770368,26.7040377874513
2080-04-30 12:00:00,2080,4,30,NA,18.8307901796935,23.628133254084
2080-05-01 12:00:00,2080,5,1,NA,16.8245922658301,23.4909120854939
2080-05-02 12:00:00,2080,5,2,NA,11.9607318625167,25.0626165564008
2080-05-03 12:00:00,2080,5,3,NA,13.6968919887215,23.8693087195001
2080-05-04 12:00:00,2080,5,4,NA,14.2959882778412,23.0884188557138
2080-05-05 12:00:00,2080,5,5,NA,13.7266167981027,21.1899324476359
2080-05-06 12:00:00,2080,5,6,NA,14.1855082607396,23.067380127168
2080-05-07 12:00:00,2080,5,7,NA,17.7193736758658,23.4261677270453
2080-05-08 12:00:00,2080,5,8,NA,16.6104303336985,27.1531100576613
2080-05-09 12:00:00,2080,5,9,NA,17.3780081209651,25.5820086037571
2080-05-10 12:00:00,2080,5,10,NA,16.0240514622832,22.8729884426477
2080-05-11 12:00:00,2080,5,11,NA,14.0276726500113,26.3528240651876
2080-05-12 12:00:00,2080,5,12,NA,13.0225110278869,20.8762360599404
2080-05-13 12:00:00,2080,5,13,NA,11.7916329237172,24.8968573861735
2080-05-14 12:00:00,2080,5,14,NA,13.6490894022963,24.6264700444394
2080-05-15 12:00:00,2080,5,15,NA,13.0784856834964,20.3413098987861
2080-05-16 12:00:00,2080,5,16,NA,13.1837520636081,17.3100448682594
2080-05-17 12:00:00,2080,5,17,NA,9.69818729867733,25.3572498300874
2080-05-18 12:00:00,2080,5,18,NA,13.0328899591401,24.7764523588425
2080-05-19 12:00:00,2080,5,19,NA,18.3780075769526,23.9854669740906
2080-05-20 12:00:00,2080,5,20,NA,14.381269658653,23.3532105983544
2080-05-21 12:00:00,2080,5,21,NA,12.4345854830297,27.2155447443241
2080-05-22 12:00:00,2080,5,22,NA,12.2094140108885,25.9991827389212
2080-05-23 12:00:00,2080,5,23,NA,12.237240557222,28.9950642005065
2080-05-24 12:00:00,2080,5,24,NA,12.8429702024602,26.5716777144262
2080-05-25 12:00:00,2080,5,25,NA,13.4942767937249,27.2748344713884
2080-05-26 12:00:00,2080,5,26,NA,13.8242934216385,26.1430857312924
2080-05-27 12:00:00,2080,5,27,NA,12.1528795959876,23.8822164476176
2080-05-28 12:00:00,2080,5,28,NA,12.2956013446145,20.83434836153
2080-05-29 12:00:00,2080,5,29,NA,11.8774306274612,26.4316486398399
2080-05-30 12:00:00,2080,5,30,NA,13.0206377281305,28.6954070741687
2080-05-31 12:00:00,2080,5,31,NA,15.5352857821139,25.9204130155915
2080-06-01 12:00:00,2080,6,1,NA,15.475125426387,29.1537268842188
2080-06-02 12:00:00,2080,6,2,NA,18.9501434263688,24.0274140405425
2080-06-03 12:00:00,2080,6,3,NA,18.4222954841857,30.098463734499
2080-06-04 12:00:00,2080,6,4,NA,18.6914540720649,31.053111069608
2080-06-05 12:00:00,2080,6,5,NA,15.8283892790745,26.2831858478818
2080-06-06 12:00:00,2080,6,6,NA,16.9847725181494,25.4139511768631
2080-06-07 12:00:00,2080,6,7,NA,17.6819164794343,21.7181843231889
2080-06-08 12:00:00,2080,6,8,NA,16.4279162936446,21.5051869078183
2080-06-09 12:00:00,2080,6,9,NA,14.8108532911812,20.8487576778913
2080-06-10 12:00:00,2080,6,10,NA,14.3327590831656,23.7778937453959
2080-06-11 12:00:00,2080,6,11,NA,14.0855219893501,28.0942201176887
2080-06-12 12:00:00,2080,6,12,NA,16.0803802283159,32.1324052173814
2080-06-13 12:00:00,2080,6,13,NA,18.7286730148649,30.2955111175156
2080-06-14 12:00:00,2080,6,14,NA,16.9988230992961,31.5580703143106
2080-06-15 12:00:00,2080,6,15,NA,17.9443679254543,27.4032902170719
2080-06-16 12:00:00,2080,6,16,NA,22.8116078802965,28.0668821308622
2080-06-17 12:00:00,2080,6,17,NA,21.3204830416893,32.9573395743921
2080-06-18 12:00:00,2080,6,18,NA,22.1605845258289,31.4497732856235
2080-06-19 12:00:00,2080,6,19,NA,22.4780861181367,32.401629079765
2080-06-20 12:00:00,2080,6,20,NA,22.5018594212917,32.4808234575784
2080-06-21 12:00:00,2080,6,21,NA,20.3434096724685,33.4601642017121
2080-06-22 12:00:00,2080,6,22,NA,23.7062455107153,29.2269066740966
2080-06-23 12:00:00,2080,6,23,NA,22.1686545222465,27.6908471032031
2080-06-24 12:00:00,2080,6,24,NA,20.4913966046899,31.613903890873
2080-06-25 12:00:00,2080,6,25,NA,20.1864311365826,29.0513424633131
2080-06-26 12:00:00,2080,6,26,NA,20.0058507845913,31.0050670599172
2080-06-27 12:00:00,2080,6,27,NA,20.7548620606976,25.2572880331137
2080-06-28 12:00:00,2080,6,28,NA,22.5440432188072,26.1595880426289
2080-06-29 12:00:00,2080,6,29,NA,21.4015994287421,27.4646927802405
2080-06-30 12:00:00,2080,6,30,NA,19.9241797538033,28.3680217974298
2080-07-01 12:00:00,2080,7,1,NA,19.8238699444933,29.7515617193512
2080-07-02 12:00:00,2080,7,2,NA,21.3109553969938,29.0506664483035
2080-07-03 12:00:00,2080,7,3,NA,21.2806107458555,26.2231826671808
2080-07-04 12:00:00,2080,7,4,NA,20.3001122814554,24.2320465728662
2080-07-05 12:00:00,2080,7,5,NA,23.1100305157527,29.9955608375662
2080-07-06 12:00:00,2080,7,6,NA,25.4310631154729,31.8332849084999
2080-07-07 12:00:00,2080,7,7,NA,23.6012402524254,27.5962110200519
2080-07-08 12:00:00,2080,7,8,NA,23.1145620340584,25.5419648708932
2080-07-09 12:00:00,2080,7,9,NA,24.0183768552391,27.5954043862258
2080-07-10 12:00:00,2080,7,10,NA,22.9240455141619,30.9964483847133
2080-07-11 12:00:00,2080,7,11,NA,25.9123132116428,30.8526022805892
2080-07-12 12:00:00,2080,7,12,NA,25.5716006165993,31.4716714449084
2080-07-13 12:00:00,2080,7,13,NA,26.0208316272423,32.3035384625881
2080-07-14 12:00:00,2080,7,14,NA,23.8906290385432,27.7024459581111
2080-07-15 12:00:00,2080,7,15,NA,22.325712749282,31.7741840351056
2080-07-16 12:00:00,2080,7,16,NA,22.5262547173137,30.1885321251921
2080-07-17 12:00:00,2080,7,17,NA,22.1029256836436,30.0358902180104
2080-07-18 12:00:00,2080,7,18,NA,22.0229064975135,31.6867434090585
2080-07-19 12:00:00,2080,7,19,NA,21.8389849716262,31.2857129169688
2080-07-20 12:00:00,2080,7,20,NA,25.1666186442138,32.8982442665924
2080-07-21 12:00:00,2080,7,21,NA,25.6684219204809,32.1960278372603
2080-07-22 12:00:00,2080,7,22,NA,24.9948176975111,29.2614060522603
2080-07-23 12:00:00,2080,7,23,NA,23.1671817145902,30.8988073369689
2080-07-24 12:00:00,2080,7,24,NA,23.1481093560326,33.1129587564065
2080-07-25 12:00:00,2080,7,25,NA,24.4219267787026,34.5674085792875
2080-07-26 12:00:00,2080,7,26,NA,24.1964568457392,35.210436874253
2080-07-27 12:00:00,2080,7,27,NA,24.8657517084531,34.4852658980258
2080-07-28 12:00:00,2080,7,28,NA,25.8347347065957,33.9667581212659
2080-07-29 12:00:00,2080,7,29,NA,25.0119269191161,34.8847569133226
2080-07-30 12:00:00,2080,7,30,NA,30.6691891994908,35.993173146969
2080-07-31 12:00:00,2080,7,31,NA,26.6222860103023,29.3703441746358
2080-08-01 12:00:00,2080,8,1,NA,23.598028512347,32.4885439132216
2080-08-02 12:00:00,2080,8,2,NA,23.8918962814597,34.4570036770401
2080-08-03 12:00:00,2080,8,3,NA,24.1077888581933,34.3189791202693
2080-08-04 12:00:00,2080,8,4,NA,24.4039003640234,34.3082448032052
2080-08-05 12:00:00,2080,8,5,NA,27.9319227677757,34.8358551260053
2080-08-06 12:00:00,2080,8,6,NA,25.884469531246,34.5431160460151
2080-08-07 12:00:00,2080,8,7,NA,26.5308650329168,33.2627274342082
2080-08-08 12:00:00,2080,8,8,NA,29.5462264126486,35.1152501274426
2080-08-09 12:00:00,2080,8,9,NA,28.2069389871913,34.933910003764
2080-08-10 12:00:00,2080,8,10,NA,27.025884596619,36.2768677224179
2080-08-11 12:00:00,2080,8,11,NA,25.0067809821463,31.9964148646232
2080-08-12 12:00:00,2080,8,12,NA,23.3711709207323,27.9641718074154
2080-08-13 12:00:00,2080,8,13,NA,22.0642311652555,28.5315164796536
2080-08-14 12:00:00,2080,8,14,NA,23.1106790222523,25.7785969314282
2080-08-15 12:00:00,2080,8,15,NA,22.5670808188396,27.3844217563393
2080-08-16 12:00:00,2080,8,16,NA,24.0686112451635,33.3597625995495
2080-08-17 12:00:00,2080,8,17,NA,24.0373945958048,29.8049804455583
2080-08-18 12:00:00,2080,8,18,NA,22.3303590323974,33.0642122171741
2080-08-19 12:00:00,2080,8,19,NA,23.7142261348165,34.8464876075342
2080-08-20 12:00:00,2080,8,20,NA,22.5114650777054,34.0305505476827
2080-08-21 12:00:00,2080,8,21,NA,24.7499410839406,32.698029638387
2080-08-22 12:00:00,2080,8,22,NA,23.9038659041245,33.3663484948731
2080-08-23 12:00:00,2080,8,23,NA,23.2888964075535,30.818042579933
2080-08-24 12:00:00,2080,8,24,NA,24.8638459773019,31.5790909884958
2080-08-25 12:00:00,2080,8,25,NA,24.0612335931252,34.110857585495
2080-08-26 12:00:00,2080,8,26,NA,24.5898711721089,33.6442692522456
2080-08-27 12:00:00,2080,8,27,NA,25.8653142935906,36.4267992633487
2080-08-28 12:00:00,2080,8,28,NA,25.229367813494,34.8247922994312
2080-08-29 12:00:00,2080,8,29,NA,22.991487880716,33.5469807398673
2080-08-30 12:00:00,2080,8,30,NA,24.7232386530918,32.5233293767586
2080-08-31 12:00:00,2080,8,31,NA,22.1109277793058,29.8049543827868
2080-09-01 12:00:00,2080,9,1,NA,21.9296001223011,31.7513994780427
2080-09-02 12:00:00,2080,9,2,NA,18.1939533947101,28.9048302126749
2080-09-03 12:00:00,2080,9,3,NA,22.9878859375857,28.0606835283102
2080-09-04 12:00:00,2080,9,4,NA,21.105448618658,32.6143495877189
2080-09-05 12:00:00,2080,9,5,NA,16.9500493351508,31.542831477605
2080-09-06 12:00:00,2080,9,6,NA,14.9103681445718,23.9241138895391
2080-09-07 12:00:00,2080,9,7,NA,15.2255906068542,29.0325622625825
2080-09-08 12:00:00,2080,9,8,NA,16.172514894047,29.9332935280416
2080-09-09 12:00:00,2080,9,9,NA,14.8253767477866,25.7644105520207
2080-09-10 12:00:00,2080,9,10,NA,16.3288654083697,27.6932430526053
2080-09-11 12:00:00,2080,9,11,NA,16.381324156681,28.840436526578
2080-09-12 12:00:00,2080,9,12,NA,17.5069832089157,31.89833024974
2080-09-13 12:00:00,2080,9,13,NA,18.1924301415694,32.1053655500638
2080-09-14 12:00:00,2080,9,14,NA,17.6909207854004,30.4040714449864
2080-09-15 12:00:00,2080,9,15,NA,18.7006819898247,30.3814470860176
2080-09-16 12:00:00,2080,9,16,NA,20.9784958065033,28.5658834090826
2080-09-17 12:00:00,2080,9,17,NA,18.9065497529795,31.2987313011674
2080-09-18 12:00:00,2080,9,18,NA,21.6056713628194,33.5093143125905
2080-09-19 12:00:00,2080,9,19,NA,21.4846646598673,32.8435150155787
2080-09-20 12:00:00,2080,9,20,NA,22.459650221945,30.7480075439866
2080-09-21 12:00:00,2080,9,21,NA,19.5108404140619,25.9122060607325
2080-09-22 12:00:00,2080,9,22,NA,17.5439315301165,26.2037858455751
2080-09-23 12:00:00,2080,9,23,NA,16.2356197023669,28.0148192205368
2080-09-24 12:00:00,2080,9,24,NA,16.8594118049457,25.3912479742831
2080-09-25 12:00:00,2080,9,25,NA,17.5898715991496,26.2456615793593
2080-09-26 12:00:00,2080,9,26,NA,18.7922356200635,25.6721802028742
2080-09-27 12:00:00,2080,9,27,NA,16.1539191369628,26.1438690639872
2080-09-28 12:00:00,2080,9,28,NA,16.4400372307984,28.0012680833541
2080-09-29 12:00:00,2080,9,29,NA,14.3524371357811,25.652784436043
2080-09-30 12:00:00,2080,9,30,NA,12.6750187073252,25.0398343306273
2080-10-01 12:00:00,2080,10,1,NA,4.87357418839732,22.120493456378
2080-10-02 12:00:00,2080,10,2,NA,5.5138824181685,25.8579758103044
2080-10-03 12:00:00,2080,10,3,NA,8.8530851963588,26.0632319227454
2080-10-04 12:00:00,2080,10,4,NA,16.2219004042535,26.3262319186043
2080-10-05 12:00:00,2080,10,5,NA,15.7087445933911,25.3419139632831
2080-10-06 12:00:00,2080,10,6,NA,14.5364088938592,23.8540277110345
2080-10-07 12:00:00,2080,10,7,NA,12.7115390833596,22.3253907371954
2080-10-08 12:00:00,2080,10,8,NA,12.9772423083453,16.8968813905524
2080-10-09 12:00:00,2080,10,9,NA,10.0049213011872,21.5680386374072
2080-10-10 12:00:00,2080,10,10,NA,10.2517143722211,20.7720236004693
2080-10-11 12:00:00,2080,10,11,NA,11.7065384676296,26.7541336768876
2080-10-12 12:00:00,2080,10,12,NA,11.8841159556519,24.2157236051503
2080-10-13 12:00:00,2080,10,13,NA,11.0872362037662,22.3839954638793
2080-10-14 12:00:00,2080,10,14,NA,12.8103384777499,26.3347739874236
2080-10-15 12:00:00,2080,10,15,NA,15.1540498309064,22.9240842549728
2080-10-16 12:00:00,2080,10,16,NA,11.9054710142143,18.5878428750402
2080-10-17 12:00:00,2080,10,17,NA,11.7094079456537,25.3636517929941
2080-10-18 12:00:00,2080,10,18,NA,11.2144566117103,28.4246033380968
2080-10-19 12:00:00,2080,10,19,NA,12.3578211861572,23.9030680546648
2080-10-20 12:00:00,2080,10,20,NA,12.0910181245589,24.3102253766066
2080-10-21 12:00:00,2080,10,21,NA,14.1617793191038,23.9894447919941
2080-10-22 12:00:00,2080,10,22,NA,11.3196989311146,23.8830727115493
2080-10-23 12:00:00,2080,10,23,NA,5.13370035407105,16.0399765385284
2080-10-24 12:00:00,2080,10,24,NA,9.18010328421687,15.1979100390372
2080-10-25 12:00:00,2080,10,25,NA,10.2280970951638,16.4281492470839
2080-10-26 12:00:00,2080,10,26,NA,8.55100343261496,18.0956629944975
2080-10-27 12:00:00,2080,10,27,NA,7.19873039342027,22.8910269432065
2080-10-28 12:00:00,2080,10,28,NA,11.3993051443948,15.3900267500774
2080-10-29 12:00:00,2080,10,29,NA,8.81851614378857,18.5496021953227
2080-10-30 12:00:00,2080,10,30,NA,8.10126576651616,19.7819693454176
2080-10-31 12:00:00,2080,10,31,NA,6.0863130655538,17.2869953834652
2080-11-01 12:00:00,2080,11,1,NA,4.62392112395787,12.272623138172
2080-11-02 12:00:00,2080,11,2,NA,4.04129544801318,16.9781149792879
2080-11-03 12:00:00,2080,11,3,NA,3.95250702162526,18.62966549707
2080-11-04 12:00:00,2080,11,4,NA,2.61742615799149,12.3948493346117
2080-11-05 12:00:00,2080,11,5,NA,3.75041497415293,8.39940983014749
2080-11-06 12:00:00,2080,11,6,NA,3.38122915169633,11.3746853357196
2080-11-07 12:00:00,2080,11,7,NA,3.91802025975914,6.8823001657428
2080-11-08 12:00:00,2080,11,8,NA,1.43246216425172,12.284025339336
2080-11-09 12:00:00,2080,11,9,NA,2.79700263780094,13.2475807814481
2080-11-10 12:00:00,2080,11,10,NA,9.01238709037349,19.899130258421
2080-11-11 12:00:00,2080,11,11,NA,10.3568609000113,17.0794490217571
2080-11-12 12:00:00,2080,11,12,NA,8.72278527373649,12.8342284559688
2080-11-13 12:00:00,2080,11,13,NA,7.31437646537655,15.407978215781
2080-11-14 12:00:00,2080,11,14,NA,6.89505343349037,11.5465257902448
2080-11-15 12:00:00,2080,11,15,NA,7.06878208703539,17.7164663742913
2080-11-16 12:00:00,2080,11,16,NA,5.05086382980441,22.602511848368
2080-11-17 12:00:00,2080,11,17,NA,7.33984097304701,22.4600647980697
2080-11-18 12:00:00,2080,11,18,NA,7.07447667116662,18.3547036843558
2080-11-19 12:00:00,2080,11,19,NA,5.15804705746266,14.2849782978396
2080-11-20 12:00:00,2080,11,20,NA,4.72150572750472,7.81907293212417
2080-11-21 12:00:00,2080,11,21,NA,-0.0817684863153842,7.00724119943635
2080-11-22 12:00:00,2080,11,22,NA,-3.08168655841253,9.92189236066914
2080-11-23 12:00:00,2080,11,23,NA,-1.73703508762537,10.6625829584427
2080-11-24 12:00:00,2080,11,24,NA,-1.06141684165642,10.9514362932496
2080-11-25 12:00:00,2080,11,25,NA,0.725164920969704,14.2287425253959
2080-11-26 12:00:00,2080,11,26,NA,1.15565284706226,10.9330760236825
2080-11-27 12:00:00,2080,11,27,NA,1.28002929620598,14.5961044643485
2080-11-28 12:00:00,2080,11,28,NA,-0.750339800194292,9.61062761482799
2080-11-29 12:00:00,2080,11,29,NA,-1.62164936014014,12.2299100013368
2080-11-30 12:00:00,2080,11,30,NA,-1.203951681075,12.4387151191183
2080-12-01 12:00:00,2080,12,1,NA,-2.84709398291844,5.01038897288434
2080-12-02 12:00:00,2080,12,2,NA,-3.02187967612198,5.00345334836881
2080-12-03 12:00:00,2080,12,3,NA,-4.8678716676183,11.5869731384438
2080-12-04 12:00:00,2080,12,4,NA,-3.43250885720949,10.8466943178992
2080-12-05 12:00:00,2080,12,5,NA,1.82023852469962,10.5964032818254
2080-12-06 12:00:00,2080,12,6,NA,0.105014529558781,13.3067265814204
2080-12-07 12:00:00,2080,12,7,NA,0.591030840798725,14.2380800553328
2080-12-08 12:00:00,2080,12,8,NA,0.64523531718637,9.98112542170776
2080-12-09 12:00:00,2080,12,9,NA,0.545061908414797,10.0047956466327
2080-12-10 12:00:00,2080,12,10,NA,-1.40452400316389,10.7205506381158
2080-12-11 12:00:00,2080,12,11,NA,-0.49219652548191,11.1296596916942
2080-12-12 12:00:00,2080,12,12,NA,1.11888136195578,10.2157067238407
2080-12-13 12:00:00,2080,12,13,NA,0.0664698013306477,10.2727970843492
2080-12-14 12:00:00,2080,12,14,NA,1.26202420827649,11.4820195484985
2080-12-15 12:00:00,2080,12,15,NA,2.19030862847346,13.4448513383388
2080-12-16 12:00:00,2080,12,16,NA,-0.607332552696554,3.73021453001063
2080-12-17 12:00:00,2080,12,17,NA,-1.2281651798054,6.96090584996706
2080-12-18 12:00:00,2080,12,18,NA,-3.68029301735303,6.92900556494732
2080-12-19 12:00:00,2080,12,19,NA,-2.44881970929857,4.5350545537299
2080-12-20 12:00:00,2080,12,20,NA,-1.82760445192823,3.77801898251246
2080-12-21 12:00:00,2080,12,21,NA,-1.18304335067702,9.9233382740476
2080-12-22 12:00:00,2080,12,22,NA,2.21796995057141,10.8594035682764
2080-12-23 12:00:00,2080,12,23,NA,-2.52853632571081,10.7770870362417
2080-12-24 12:00:00,2080,12,24,NA,-2.44647428802493,8.93912225176106
2080-12-25 12:00:00,2080,12,25,NA,-3.4957286811393,8.7600785923483
2080-12-26 12:00:00,2080,12,26,NA,-2.69678859613984,9.68305817926297
2080-12-27 12:00:00,2080,12,27,NA,-0.89836392144703,10.5227624484382
2080-12-28 12:00:00,2080,12,28,NA,-1.55212689653353,11.8150863005727
2080-12-29 12:00:00,2080,12,29,NA,-2.74203054299388,11.6289193437339
2080-12-30 12:00:00,2080,12,30,NA,-1.61409682788311,8.66445415758034
2080-12-31 12:00:00,2080,12,31,NA,-4.3285981619243,10.5266274228896
2081-01-01 12:00:00,2081,1,1,NA,-2.85308301959775,8.60009043574173
2081-01-02 12:00:00,2081,1,2,NA,-4.34326014273411,9.26203328793257
2081-01-03 12:00:00,2081,1,3,NA,-2.01287588453112,9.51022086436201
2081-01-04 12:00:00,2081,1,4,NA,-0.861274749118698,9.36845792958559
2081-01-05 12:00:00,2081,1,5,NA,-1.84279779172148,7.05111488771087
2081-01-06 12:00:00,2081,1,6,NA,-0.536569464338245,8.8972971949001
2081-01-07 12:00:00,2081,1,7,NA,-1.7240029917075,10.1721450656762
2081-01-08 12:00:00,2081,1,8,NA,-2.63820903752381,2.52541547722546
2081-01-09 12:00:00,2081,1,9,NA,-2.40434598343744,6.64388006146944
2081-01-10 12:00:00,2081,1,10,NA,-1.07664926100701,8.40352867598542
2081-01-11 12:00:00,2081,1,11,NA,2.79531671949287,11.0182358737831
2081-01-12 12:00:00,2081,1,12,NA,0.939950537062974,8.03814933285305
2081-01-13 12:00:00,2081,1,13,NA,-4.25044213831445,6.53144459263462
2081-01-14 12:00:00,2081,1,14,NA,1.34447388495594,9.79682603462192
2081-01-15 12:00:00,2081,1,15,NA,-0.0270093977263901,11.8616772255843
2081-01-16 12:00:00,2081,1,16,NA,3.94848838213718,14.2683150671221
2081-01-17 12:00:00,2081,1,17,NA,5.1035871097072,16.1738977093138
2081-01-18 12:00:00,2081,1,18,NA,6.86281288829011,15.2925712905007
2081-01-19 12:00:00,2081,1,19,NA,6.60262958575047,14.848062993254
2081-01-20 12:00:00,2081,1,20,NA,1.50192746759651,12.1617799458125
2081-01-21 12:00:00,2081,1,21,NA,-0.120292218449777,13.9397235948597
2081-01-22 12:00:00,2081,1,22,NA,-1.51968150123027,10.5925124852305
2081-01-23 12:00:00,2081,1,23,NA,-0.93407194148099,14.170730847363
2081-01-24 12:00:00,2081,1,24,NA,1.96777812166192,6.54890762479812
2081-01-25 12:00:00,2081,1,25,NA,-1.89590498492899,8.12410313859066
2081-01-26 12:00:00,2081,1,26,NA,-2.76144433925632,7.24913305998399
2081-01-27 12:00:00,2081,1,27,NA,-1.50995821745515,10.8650440854173
2081-01-28 12:00:00,2081,1,28,NA,-1.35898131304472,11.602905933673
2081-01-29 12:00:00,2081,1,29,NA,0.493817020624099,9.70291438036741
2081-01-30 12:00:00,2081,1,30,NA,0.110670792094093,7.76219084845778
2081-01-31 12:00:00,2081,1,31,NA,-1.77563819428106,3.76285536766053
2081-02-01 12:00:00,2081,2,1,NA,-1.98427365722277,7.55398171776216
2081-02-02 12:00:00,2081,2,2,NA,-7.26426847945997,0.0502899592599926
2081-02-03 12:00:00,2081,2,3,NA,-6.98079113170093,6.65217673334994
2081-02-04 12:00:00,2081,2,4,NA,-2.28961099065821,8.30727398388741
2081-02-05 12:00:00,2081,2,5,NA,0.201456447830574,8.64300642196012
2081-02-06 12:00:00,2081,2,6,NA,2.86853043304257,15.7028013877435
2081-02-07 12:00:00,2081,2,7,NA,5.50970540816652,12.6602480238724
2081-02-08 12:00:00,2081,2,8,NA,3.29643280937904,14.4574485149319
2081-02-09 12:00:00,2081,2,9,NA,8.85951916916075,19.3393283272462
2081-02-10 12:00:00,2081,2,10,NA,3.33308810477908,13.7188062677802
2081-02-11 12:00:00,2081,2,11,NA,1.86496952158256,15.6450120449134
2081-02-12 12:00:00,2081,2,12,NA,8.02873117372886,18.7500992751658
2081-02-13 12:00:00,2081,2,13,NA,4.84705334379976,16.2546539679214
2081-02-14 12:00:00,2081,2,14,NA,6.5280069825526,12.3098019213004
2081-02-15 12:00:00,2081,2,15,NA,4.86921305843326,13.2363576603939
2081-02-16 12:00:00,2081,2,16,NA,-1.71047084482339,15.82443106237
2081-02-17 12:00:00,2081,2,17,NA,-0.15455771188325,16.2548130119906
2081-02-18 12:00:00,2081,2,18,NA,2.71396240683667,20.4106082522471
2081-02-19 12:00:00,2081,2,19,NA,8.09372623016496,22.3497512144256
2081-02-20 12:00:00,2081,2,20,NA,3.54981355983526,16.1533957921843
2081-02-21 12:00:00,2081,2,21,NA,0.819919548161203,10.2197473754761
2081-02-22 12:00:00,2081,2,22,NA,-1.90350134194348,8.84944454732619
2081-02-23 12:00:00,2081,2,23,NA,-1.70196528447529,6.26786358906976
2081-02-24 12:00:00,2081,2,24,NA,4.31113035821413,10.7536669446675
2081-02-25 12:00:00,2081,2,25,NA,1.39901856129921,10.2765819250874
2081-02-26 12:00:00,2081,2,26,NA,-3.20128966331366,14.5554917193519
2081-02-27 12:00:00,2081,2,27,NA,-0.330906221132019,14.0942835178713
2081-02-28 12:00:00,2081,2,28,NA,-4.1324174280981,11.4501315082608
2081-03-01 12:00:00,2081,3,1,NA,-7.74490811095709,7.13141382226247
2081-03-02 12:00:00,2081,3,2,NA,-9.02980627461987,9.5495844631248
2081-03-03 12:00:00,2081,3,3,NA,-7.38315713541389,-1.38052069968807
2081-03-04 12:00:00,2081,3,4,NA,-7.49374277120848,2.86664382473874
2081-03-05 12:00:00,2081,3,5,NA,-6.65465750961374,5.09921289928093
2081-03-06 12:00:00,2081,3,6,NA,-4.16469167003837,14.0021527146866
2081-03-07 12:00:00,2081,3,7,NA,-4.07661263354127,11.8407031757366
2081-03-08 12:00:00,2081,3,8,NA,-3.40877272702761,10.5123032725981
2081-03-09 12:00:00,2081,3,9,NA,-3.13731818478207,14.456682550856
2081-03-10 12:00:00,2081,3,10,NA,-1.85452063917159,6.32022761115335
2081-03-11 12:00:00,2081,3,11,NA,-2.31760328768546,16.3274379749183
2081-03-12 12:00:00,2081,3,12,NA,0.153167220506097,10.8830433784297
2081-03-13 12:00:00,2081,3,13,NA,-3.35504538429847,10.6992565439195
2081-03-14 12:00:00,2081,3,14,NA,-0.119483463623864,16.4315531125316
2081-03-15 12:00:00,2081,3,15,NA,0.159739579660434,18.2111296121613
2081-03-16 12:00:00,2081,3,16,NA,1.93403777102185,13.9314595111751
2081-03-17 12:00:00,2081,3,17,NA,0.696316776792324,13.2858934303414
2081-03-18 12:00:00,2081,3,18,NA,2.83076360560579,15.6981328951227
2081-03-19 12:00:00,2081,3,19,NA,0.0809961449325094,12.2373601501546
2081-03-20 12:00:00,2081,3,20,NA,-3.15725555979082,8.02123971503964
2081-03-21 12:00:00,2081,3,21,NA,-3.14343912621501,13.306021680528
2081-03-22 12:00:00,2081,3,22,NA,-1.78402785438854,10.7033032158084
2081-03-23 12:00:00,2081,3,23,NA,-0.725246203735353,10.6139055880988
2081-03-24 12:00:00,2081,3,24,NA,-1.31505810486448,9.86343716996598
2081-03-25 12:00:00,2081,3,25,NA,-5.0540292058838,9.67535473838476
2081-03-26 12:00:00,2081,3,26,NA,-1.47535073595037,11.9926610115774
2081-03-27 12:00:00,2081,3,27,NA,-0.768281607277174,10.8498368747637
2081-03-28 12:00:00,2081,3,28,NA,0.96835279962123,14.2153364482283
2081-03-29 12:00:00,2081,3,29,NA,10.4135293878552,19.0085559095077
2081-03-30 12:00:00,2081,3,30,NA,8.00397173690255,19.920041179914
2081-03-31 12:00:00,2081,3,31,NA,7.9398954638212,11.4912100272142
2081-04-01 12:00:00,2081,4,1,NA,-7.23986074138331,13.7603366151495
2081-04-02 12:00:00,2081,4,2,NA,-1.66086938553352,13.0754192252083
2081-04-03 12:00:00,2081,4,3,NA,1.52379524235863,11.3409542418219
2081-04-04 12:00:00,2081,4,4,NA,0.271396254988005,16.3692657611093
2081-04-05 12:00:00,2081,4,5,NA,3.39932266220004,20.7911263350802
2081-04-06 12:00:00,2081,4,6,NA,6.90969801633817,17.2293668137039
2081-04-07 12:00:00,2081,4,7,NA,7.81152614195221,21.3504493597624
2081-04-08 12:00:00,2081,4,8,NA,8.88639760379215,24.5870035625482
2081-04-09 12:00:00,2081,4,9,NA,10.093671018304,21.4267486424449
2081-04-10 12:00:00,2081,4,10,NA,9.32948596287401,23.7684008080727
2081-04-11 12:00:00,2081,4,11,NA,8.64257100008931,23.9946843332821
2081-04-12 12:00:00,2081,4,12,NA,8.00048281436136,23.2699691331728
2081-04-13 12:00:00,2081,4,13,NA,4.3895104273418,17.6214451891731
2081-04-14 12:00:00,2081,4,14,NA,7.83703572147493,21.5085414329791
2081-04-15 12:00:00,2081,4,15,NA,9.31490925236838,20.1126551325574
2081-04-16 12:00:00,2081,4,16,NA,7.79208540561352,17.348892157812
2081-04-17 12:00:00,2081,4,17,NA,-1.05662026104138,19.0640135264566
2081-04-18 12:00:00,2081,4,18,NA,7.04178206312978,23.5021533780811
2081-04-19 12:00:00,2081,4,19,NA,10.109448836325,21.2793708751843
2081-04-20 12:00:00,2081,4,20,NA,12.9296446720373,18.6248313943088
2081-04-21 12:00:00,2081,4,21,NA,9.44781096612511,24.4515319159867
2081-04-22 12:00:00,2081,4,22,NA,9.94275370232479,24.738251671171
2081-04-23 12:00:00,2081,4,23,NA,11.9166632854244,26.3525623077211
2081-04-24 12:00:00,2081,4,24,NA,12.3619278027356,23.3163602563841
2081-04-25 12:00:00,2081,4,25,NA,13.6219106705918,28.4550739666363
2081-04-26 12:00:00,2081,4,26,NA,16.1658947943743,23.7476396523915
2081-04-27 12:00:00,2081,4,27,NA,12.3194504120001,27.2598707835836
2081-04-28 12:00:00,2081,4,28,NA,13.4336996504966,27.8695986727933
2081-04-29 12:00:00,2081,4,29,NA,13.207538342442,28.9889479428816
2081-04-30 12:00:00,2081,4,30,NA,12.9484499941838,29.6151154050386
2081-05-01 12:00:00,2081,5,1,NA,15.4372931382512,27.9985771273667
2081-05-02 12:00:00,2081,5,2,NA,13.2406052366303,26.6063497562022
2081-05-03 12:00:00,2081,5,3,NA,8.25253557114175,21.5366173177356
2081-05-04 12:00:00,2081,5,4,NA,9.62113334054256,21.244458996329
2081-05-05 12:00:00,2081,5,5,NA,10.5134629501969,25.5369097056605
2081-05-06 12:00:00,2081,5,6,NA,12.3277696307112,24.0671607737198
2081-05-07 12:00:00,2081,5,7,NA,13.7308808818446,19.9367646946345
2081-05-08 12:00:00,2081,5,8,NA,12.9700235493351,23.7261509906636
2081-05-09 12:00:00,2081,5,9,NA,19.0171901551406,27.8288944695387
2081-05-10 12:00:00,2081,5,10,NA,20.0143192580634,24.7399912999927
2081-05-11 12:00:00,2081,5,11,NA,16.1887208909492,26.4041267179143
2081-05-12 12:00:00,2081,5,12,NA,16.4873239897236,26.9112415546511
2081-05-13 12:00:00,2081,5,13,NA,15.9884101230601,28.4227321090554
2081-05-14 12:00:00,2081,5,14,NA,16.3788851782828,26.2803785693231
2081-05-15 12:00:00,2081,5,15,NA,16.7617555430227,26.4398670990576
2081-05-16 12:00:00,2081,5,16,NA,10.732302938327,17.2793899185219
2081-05-17 12:00:00,2081,5,17,NA,10.3448177059294,21.8360084554555
2081-05-18 12:00:00,2081,5,18,NA,8.97150147803318,22.9760769999644
2081-05-19 12:00:00,2081,5,19,NA,8.04101608637078,23.7607649250302
2081-05-20 12:00:00,2081,5,20,NA,14.2281836781065,21.0811035666637
2081-05-21 12:00:00,2081,5,21,NA,12.532457446032,27.5661924283944
2081-05-22 12:00:00,2081,5,22,NA,13.9596502783696,26.7819138614544
2081-05-23 12:00:00,2081,5,23,NA,9.27835669751227,21.6335564813845
2081-05-24 12:00:00,2081,5,24,NA,10.0959764319527,21.7131287354729
2081-05-25 12:00:00,2081,5,25,NA,11.5518748907531,24.2051250656663
2081-05-26 12:00:00,2081,5,26,NA,13.7723484638938,25.5142044598372
2081-05-27 12:00:00,2081,5,27,NA,15.1406106098032,26.244571821969
2081-05-28 12:00:00,2081,5,28,NA,16.3167127422691,28.9699629171823
2081-05-29 12:00:00,2081,5,29,NA,14.4803684602715,32.3357562647255
2081-05-30 12:00:00,2081,5,30,NA,17.6974851544796,28.0826123879572
2081-05-31 12:00:00,2081,5,31,NA,17.7351355298238,29.2396680628667
2081-06-01 12:00:00,2081,6,1,NA,19.6330613429487,28.5555518112757
2081-06-02 12:00:00,2081,6,2,NA,20.5487543224336,27.5936141630108
2081-06-03 12:00:00,2081,6,3,NA,20.5311267728613,25.5825638476738
2081-06-04 12:00:00,2081,6,4,NA,20.5539981993808,29.629844518683
2081-06-05 12:00:00,2081,6,5,NA,19.5082970332472,28.7601337773383
2081-06-06 12:00:00,2081,6,6,NA,18.8629114664418,29.6545605891481
2081-06-07 12:00:00,2081,6,7,NA,17.8746462175719,29.9753598590914
2081-06-08 12:00:00,2081,6,8,NA,16.6414329380531,32.6750004850915
2081-06-09 12:00:00,2081,6,9,NA,17.993565871859,30.6537795374093
2081-06-10 12:00:00,2081,6,10,NA,18.3176027142908,30.4305058297991
2081-06-11 12:00:00,2081,6,11,NA,17.7754039609468,29.7755295408462
2081-06-12 12:00:00,2081,6,12,NA,18.6996406332295,30.468934905326
2081-06-13 12:00:00,2081,6,13,NA,18.9426319267587,30.8029981183214
2081-06-14 12:00:00,2081,6,14,NA,18.0721299258958,31.935715578629
2081-06-15 12:00:00,2081,6,15,NA,20.4080229651103,24.4332239537218
2081-06-16 12:00:00,2081,6,16,NA,20.7924042983848,25.93113119917
2081-06-17 12:00:00,2081,6,17,NA,18.4375877958601,27.3414755720542
2081-06-18 12:00:00,2081,6,18,NA,18.6499593410105,29.8572255134192
2081-06-19 12:00:00,2081,6,19,NA,19.5330581889969,31.9781323148296
2081-06-20 12:00:00,2081,6,20,NA,18.2469612384513,25.3101174522744
2081-06-21 12:00:00,2081,6,21,NA,17.5831576768044,26.595142450015
2081-06-22 12:00:00,2081,6,22,NA,17.8116359349776,20.9399782735161
2081-06-23 12:00:00,2081,6,23,NA,17.2947742507361,28.7752354635423
2081-06-24 12:00:00,2081,6,24,NA,19.6068868143738,27.235102168317
2081-06-25 12:00:00,2081,6,25,NA,24.4824337755305,29.7408346795099
2081-06-26 12:00:00,2081,6,26,NA,21.6768382625049,36.1847615801671
2081-06-27 12:00:00,2081,6,27,NA,22.6147822639148,34.5116366559695
2081-06-28 12:00:00,2081,6,28,NA,24.9169986577802,28.9474288390658
2081-06-29 12:00:00,2081,6,29,NA,22.877236799367,27.9545074135407
2081-06-30 12:00:00,2081,6,30,NA,22.3325695179161,25.1273263384486
2081-07-01 12:00:00,2081,7,1,NA,20.1410759107014,32.5603124684384
2081-07-02 12:00:00,2081,7,2,NA,22.4827915502722,30.51666755038
2081-07-03 12:00:00,2081,7,3,NA,21.9747945521106,31.8187753944571
2081-07-04 12:00:00,2081,7,4,NA,22.6529927334368,31.2379730247855
2081-07-05 12:00:00,2081,7,5,NA,22.9985934763431,32.8460508351911
2081-07-06 12:00:00,2081,7,6,NA,24.4156918997862,32.9238912638118
2081-07-07 12:00:00,2081,7,7,NA,24.0262545410913,31.1822848152372
2081-07-08 12:00:00,2081,7,8,NA,23.9613330271619,28.846809024671
2081-07-09 12:00:00,2081,7,9,NA,22.5379657407763,30.9746715394148
2081-07-10 12:00:00,2081,7,10,NA,18.9968407093276,26.7786471199191
2081-07-11 12:00:00,2081,7,11,NA,20.1908285722859,26.4758720069814
2081-07-12 12:00:00,2081,7,12,NA,19.3196224468076,22.689608578537
2081-07-13 12:00:00,2081,7,13,NA,20.7109662090438,23.5332972192831
2081-07-14 12:00:00,2081,7,14,NA,20.6743574192601,26.4643692592252
2081-07-15 12:00:00,2081,7,15,NA,20.2679051474096,29.6986049586337
2081-07-16 12:00:00,2081,7,16,NA,22.9376461041985,33.4252698089758
2081-07-17 12:00:00,2081,7,17,NA,24.1605421828485,33.7516842892753
2081-07-18 12:00:00,2081,7,18,NA,25.4442477639298,35.4090971643037
2081-07-19 12:00:00,2081,7,19,NA,25.8506340888333,33.2925761970963
2081-07-20 12:00:00,2081,7,20,NA,25.7147135007384,33.4615828661768
2081-07-21 12:00:00,2081,7,21,NA,24.0350141837294,28.8920949950519
2081-07-22 12:00:00,2081,7,22,NA,21.9821388183943,28.2862957325751
2081-07-23 12:00:00,2081,7,23,NA,19.9195786300265,26.1254058376475
2081-07-24 12:00:00,2081,7,24,NA,20.7976938641505,27.0718315366898
2081-07-25 12:00:00,2081,7,25,NA,26.7078754212954,33.6846932112944
2081-07-26 12:00:00,2081,7,26,NA,25.8411593481027,33.6206995701923
2081-07-27 12:00:00,2081,7,27,NA,25.4080930158403,34.1699131243839
2081-07-28 12:00:00,2081,7,28,NA,22.3773868812358,32.5485648536511
2081-07-29 12:00:00,2081,7,29,NA,22.0864628694565,35.8364244367363
2081-07-30 12:00:00,2081,7,30,NA,25.031876115575,34.8758569579215
2081-07-31 12:00:00,2081,7,31,NA,26.8014370559754,34.7978134814189
2081-08-01 12:00:00,2081,8,1,NA,26.3110797911116,32.3018965444699
2081-08-02 12:00:00,2081,8,2,NA,24.1448676987315,34.0210556138294
2081-08-03 12:00:00,2081,8,3,NA,24.7574118305729,36.2709612545475
2081-08-04 12:00:00,2081,8,4,NA,24.6834643222338,36.0506534747415
2081-08-05 12:00:00,2081,8,5,NA,25.3467329476258,34.877105631468
2081-08-06 12:00:00,2081,8,6,NA,25.662195668839,34.3237538550042
2081-08-07 12:00:00,2081,8,7,NA,24.95144718567,34.1117241990636
2081-08-08 12:00:00,2081,8,8,NA,25.8442049356631,36.4040389287806
2081-08-09 12:00:00,2081,8,9,NA,26.3954493864072,36.4491726188954
2081-08-10 12:00:00,2081,8,10,NA,27.9841584948674,35.0786830546344
2081-08-11 12:00:00,2081,8,11,NA,27.3541704590397,32.7564244122185
2081-08-12 12:00:00,2081,8,12,NA,25.6937104143687,33.5985545452036
2081-08-13 12:00:00,2081,8,13,NA,25.1172773810346,35.6448745584174
2081-08-14 12:00:00,2081,8,14,NA,19.5360812376493,28.9469120540291
2081-08-15 12:00:00,2081,8,15,NA,22.5766964489234,27.2273323105997
2081-08-16 12:00:00,2081,8,16,NA,23.6721302021628,26.3522445353922
2081-08-17 12:00:00,2081,8,17,NA,21.932115309299,28.310125880295
2081-08-18 12:00:00,2081,8,18,NA,22.7661092529736,29.3851917994125
2081-08-19 12:00:00,2081,8,19,NA,23.836385727366,29.5968022533433
2081-08-20 12:00:00,2081,8,20,NA,19.8070138380348,24.6075974795665
2081-08-21 12:00:00,2081,8,21,NA,20.3371840775497,31.3887296559596
2081-08-22 12:00:00,2081,8,22,NA,20.4534931881443,32.3595809521652
2081-08-23 12:00:00,2081,8,23,NA,22.6043699991071,28.4817031806162
2081-08-24 12:00:00,2081,8,24,NA,22.8859716500165,32.7729209946621
2081-08-25 12:00:00,2081,8,25,NA,24.2804762825206,32.8493293637891
2081-08-26 12:00:00,2081,8,26,NA,26.5771556780497,32.6125513383381
2081-08-27 12:00:00,2081,8,27,NA,23.4847993900305,31.5524053835862
2081-08-28 12:00:00,2081,8,28,NA,21.9253544912227,29.2354031212718
2081-08-29 12:00:00,2081,8,29,NA,23.0557357305784,28.9802648842455
2081-08-30 12:00:00,2081,8,30,NA,22.5537786438633,27.1467795305464
2081-08-31 12:00:00,2081,8,31,NA,22.327652296661,30.007020033787
2081-09-01 12:00:00,2081,9,1,NA,22.2119792969347,30.4851038761107
2081-09-02 12:00:00,2081,9,2,NA,21.2857393213295,28.590610048137
2081-09-03 12:00:00,2081,9,3,NA,20.3317956995075,31.2162883213829
2081-09-04 12:00:00,2081,9,4,NA,20.1742168812972,31.4342114682204
2081-09-05 12:00:00,2081,9,5,NA,20.8383174938587,31.0681226427227
2081-09-06 12:00:00,2081,9,6,NA,17.7055932255898,29.4543393121484
2081-09-07 12:00:00,2081,9,7,NA,17.6678538391051,29.1655012520991
2081-09-08 12:00:00,2081,9,8,NA,18.1386471533729,23.418048207652
2081-09-09 12:00:00,2081,9,9,NA,17.1446388494662,24.6601570259414
2081-09-10 12:00:00,2081,9,10,NA,16.9132798056122,28.4745106581679
2081-09-11 12:00:00,2081,9,11,NA,18.3346550540919,29.071019096392
2081-09-12 12:00:00,2081,9,12,NA,18.7849675497707,24.5445193683711
2081-09-13 12:00:00,2081,9,13,NA,16.8266028600555,24.7373354156646
2081-09-14 12:00:00,2081,9,14,NA,17.4941383493702,26.0259745187076
2081-09-15 12:00:00,2081,9,15,NA,16.6171951793543,27.8956375751496
2081-09-16 12:00:00,2081,9,16,NA,18.1192716870211,27.7158745037925
2081-09-17 12:00:00,2081,9,17,NA,17.4924581175715,29.0011273712374
2081-09-18 12:00:00,2081,9,18,NA,18.2853221942551,28.2631919346011
2081-09-19 12:00:00,2081,9,19,NA,17.648030163753,28.2300201005995
2081-09-20 12:00:00,2081,9,20,NA,16.9549366377097,22.7073707625715
2081-09-21 12:00:00,2081,9,21,NA,15.3988578290576,24.2559212149448
2081-09-22 12:00:00,2081,9,22,NA,14.7083422388837,21.9155049847525
2081-09-23 12:00:00,2081,9,23,NA,14.5700371746503,20.3310973279608
2081-09-24 12:00:00,2081,9,24,NA,13.9653621625111,25.9340697980435
2081-09-25 12:00:00,2081,9,25,NA,13.946709368124,24.4971517887459
2081-09-26 12:00:00,2081,9,26,NA,15.3814890653275,26.9427199178831
2081-09-27 12:00:00,2081,9,27,NA,14.1527061087784,26.647039609431
2081-09-28 12:00:00,2081,9,28,NA,16.7480634345305,27.3255390113677
2081-09-29 12:00:00,2081,9,29,NA,16.7602061554069,28.4409712515998
2081-09-30 12:00:00,2081,9,30,NA,16.6250594505577,28.5937670860901
2081-10-01 12:00:00,2081,10,1,NA,14.6335733562123,22.8080582871647
2081-10-02 12:00:00,2081,10,2,NA,13.9293215121405,23.5962500065571
2081-10-03 12:00:00,2081,10,3,NA,12.9834988526093,26.9441328928534
2081-10-04 12:00:00,2081,10,4,NA,15.0986594909567,30.5616763195522
2081-10-05 12:00:00,2081,10,5,NA,15.5268754225904,30.0638712994659
2081-10-06 12:00:00,2081,10,6,NA,12.8489915574779,28.2936599183675
2081-10-07 12:00:00,2081,10,7,NA,14.5207500988232,29.1758697702414
2081-10-08 12:00:00,2081,10,8,NA,14.7678264611452,28.7342414600864
2081-10-09 12:00:00,2081,10,9,NA,19.0856511467065,23.0763727523891
2081-10-10 12:00:00,2081,10,10,NA,15.6174058684282,26.1377150966764
2081-10-11 12:00:00,2081,10,11,NA,15.2518404883883,21.9359317876227
2081-10-12 12:00:00,2081,10,12,NA,14.3914874447305,23.9976601176951
2081-10-13 12:00:00,2081,10,13,NA,15.075151981395,26.1877769438426
2081-10-14 12:00:00,2081,10,14,NA,14.7030359384425,26.8547998076564
2081-10-15 12:00:00,2081,10,15,NA,13.0576440350081,25.030714396195
2081-10-16 12:00:00,2081,10,16,NA,12.0897010791827,24.8989215696492
2081-10-17 12:00:00,2081,10,17,NA,11.6166185199469,25.1410540296207
2081-10-18 12:00:00,2081,10,18,NA,11.8395892509747,24.9627690297266
2081-10-19 12:00:00,2081,10,19,NA,9.94550347102062,20.2743136705823
2081-10-20 12:00:00,2081,10,20,NA,7.57512609812345,20.2543793678621
2081-10-21 12:00:00,2081,10,21,NA,6.25528435214567,13.5281609504716
2081-10-22 12:00:00,2081,10,22,NA,6.0872146233081,17.9940033612127
2081-10-23 12:00:00,2081,10,23,NA,2.67907749020469,18.3497858751327
2081-10-24 12:00:00,2081,10,24,NA,4.38093208165142,19.9198544964078
2081-10-25 12:00:00,2081,10,25,NA,8.8083876905083,19.7521884873284
2081-10-26 12:00:00,2081,10,26,NA,9.48327471706918,17.8335122786588
2081-10-27 12:00:00,2081,10,27,NA,10.0850353099965,13.9114897493742
2081-10-28 12:00:00,2081,10,28,NA,9.51725945081362,16.628962696149
2081-10-29 12:00:00,2081,10,29,NA,6.22968646718875,13.2425982266082
2081-10-30 12:00:00,2081,10,30,NA,5.22100824215192,11.9465188628634
2081-10-31 12:00:00,2081,10,31,NA,5.84105890991235,15.447231582877
2081-11-01 12:00:00,2081,11,1,NA,5.06151788019234,15.6071294338172
2081-11-02 12:00:00,2081,11,2,NA,4.79693096703625,14.027443813851
2081-11-03 12:00:00,2081,11,3,NA,3.03236541027999,14.0129246176346
2081-11-04 12:00:00,2081,11,4,NA,6.69037414325331,17.0079693392323
2081-11-05 12:00:00,2081,11,5,NA,6.42102656086295,16.8530965868549
2081-11-06 12:00:00,2081,11,6,NA,9.33267643205285,23.5793456904028
2081-11-07 12:00:00,2081,11,7,NA,10.343035604613,20.6818989670833
2081-11-08 12:00:00,2081,11,8,NA,10.2495790380809,25.0426376245773
2081-11-09 12:00:00,2081,11,9,NA,8.54338174663037,23.4343206108406
2081-11-10 12:00:00,2081,11,10,NA,4.705085963893,13.5139082748034
2081-11-11 12:00:00,2081,11,11,NA,6.48969763132845,17.754730635361
2081-11-12 12:00:00,2081,11,12,NA,3.83304351201716,16.1419945679985
2081-11-13 12:00:00,2081,11,13,NA,4.59341739668365,14.2573158920716
2081-11-14 12:00:00,2081,11,14,NA,1.76428696427856,11.0836511149496
2081-11-15 12:00:00,2081,11,15,NA,-4.63336429963258,8.83789520540379
2081-11-16 12:00:00,2081,11,16,NA,-5.624854091346,9.36900245794438
2081-11-17 12:00:00,2081,11,17,NA,2.85932196952261,18.2234667352831
2081-11-18 12:00:00,2081,11,18,NA,1.34314862243547,18.7071506421507
2081-11-19 12:00:00,2081,11,19,NA,3.26704997721094,14.5320829812435
2081-11-20 12:00:00,2081,11,20,NA,-3.280705126393,10.2024549211455
2081-11-21 12:00:00,2081,11,21,NA,-3.94078531789897,4.62314964912944
2081-11-22 12:00:00,2081,11,22,NA,1.91646985104378,13.0928237471408
2081-11-23 12:00:00,2081,11,23,NA,4.57397406623408,13.8165062033942
2081-11-24 12:00:00,2081,11,24,NA,3.83612253047665,16.8694914590303
2081-11-25 12:00:00,2081,11,25,NA,4.37562566021682,16.3493222965137
2081-11-26 12:00:00,2081,11,26,NA,4.43666371424176,14.3151010889573
2081-11-27 12:00:00,2081,11,27,NA,6.0003213301149,17.1089689286707
2081-11-28 12:00:00,2081,11,28,NA,4.77021990427789,18.0761402026771
2081-11-29 12:00:00,2081,11,29,NA,4.44771720520086,18.8753740571998
2081-11-30 12:00:00,2081,11,30,NA,3.91084557046512,17.3683747345321
2081-12-01 12:00:00,2081,12,1,NA,1.41752334131935,16.0946818167641
2081-12-02 12:00:00,2081,12,2,NA,2.52193220044488,12.2535630769599
2081-12-03 12:00:00,2081,12,3,NA,4.64076319995905,15.1420710443477
2081-12-04 12:00:00,2081,12,4,NA,3.66478275010005,14.9998837773996
2081-12-05 12:00:00,2081,12,5,NA,3.15708535558581,12.2511210216337
2081-12-06 12:00:00,2081,12,6,NA,3.82309150201093,14.5376852387962
2081-12-07 12:00:00,2081,12,7,NA,3.75533327873632,15.7156601724088
2081-12-08 12:00:00,2081,12,8,NA,3.56350685754985,15.7423876187204
2081-12-09 12:00:00,2081,12,9,NA,-2.03465240618916,4.65510221444146
2081-12-10 12:00:00,2081,12,10,NA,-3.33501719687913,8.79795999127108
2081-12-11 12:00:00,2081,12,11,NA,-3.84624739613683,12.007414819271
2081-12-12 12:00:00,2081,12,12,NA,-2.10298157986965,11.240823137633
2081-12-13 12:00:00,2081,12,13,NA,-4.52644931997976,5.53900300017835
2081-12-14 12:00:00,2081,12,14,NA,-9.75626191444604,0.387797636213475
2081-12-15 12:00:00,2081,12,15,NA,-7.70875349923009,3.40406564630173
2081-12-16 12:00:00,2081,12,16,NA,-6.83437396115892,4.55482657712066
2081-12-17 12:00:00,2081,12,17,NA,-7.80976652019632,3.38752720612873
2081-12-18 12:00:00,2081,12,18,NA,-5.65446302690535,7.5472490249563
2081-12-19 12:00:00,2081,12,19,NA,-2.48865211373432,13.0563717681802
2081-12-20 12:00:00,2081,12,20,NA,-3.03246901448916,7.89161726634689
2081-12-21 12:00:00,2081,12,21,NA,0.57485567688381,11.8073077286696
2081-12-22 12:00:00,2081,12,22,NA,1.68727682509079,12.7936584498154
2081-12-23 12:00:00,2081,12,23,NA,-2.66562602134278,6.43383746309229
2081-12-24 12:00:00,2081,12,24,NA,-3.30121797097049,9.15033320415947
2081-12-25 12:00:00,2081,12,25,NA,0.617313216832486,10.7566227314391
2081-12-26 12:00:00,2081,12,26,NA,-4.295528656552,2.78073856861139
2081-12-27 12:00:00,2081,12,27,NA,-3.04547838020338,7.56479173480441
2081-12-28 12:00:00,2081,12,28,NA,-3.15292150592317,10.6116739692856
2081-12-29 12:00:00,2081,12,29,NA,-4.12971182391155,6.29749599421376
2081-12-30 12:00:00,2081,12,30,NA,-1.27979430443913,5.22149152585405
2081-12-31 12:00:00,2081,12,31,NA,-5.62092990972794,5.33218125461472
2082-01-01 12:00:00,2082,1,1,NA,-5.27595336088916,4.84358549612456
2082-01-02 12:00:00,2082,1,2,NA,-2.25688669933997,6.69832022009805
2082-01-03 12:00:00,2082,1,3,NA,-3.78423190292171,7.77943299120981
2082-01-04 12:00:00,2082,1,4,NA,-3.79633377768962,7.73096075679956
2082-01-05 12:00:00,2082,1,5,NA,-3.19171206456758,9.24772398691896
2082-01-06 12:00:00,2082,1,6,NA,-1.72454628237754,10.1716017750061
2082-01-07 12:00:00,2082,1,7,NA,-2.01832754827161,10.3764300110151
2082-01-08 12:00:00,2082,1,8,NA,1.20636256656735,12.4248233496857
2082-01-09 12:00:00,2082,1,9,NA,1.85497118625698,3.73717579300258
2082-01-10 12:00:00,2082,1,10,NA,-4.2329826954961,0.63674499012689
2082-01-11 12:00:00,2082,1,11,NA,-8.24647159845082,0.646278599472538
2082-01-12 12:00:00,2082,1,12,NA,-10.3752315330106,3.18176556282569
2082-01-13 12:00:00,2082,1,13,NA,-8.105764314643,3.41844218601616
2082-01-14 12:00:00,2082,1,14,NA,-3.0852187797076,7.03817495414531
2082-01-15 12:00:00,2082,1,15,NA,-4.5235841433834,5.74355307336616
2082-01-16 12:00:00,2082,1,16,NA,-3.49241458322078,7.81268281396234
2082-01-17 12:00:00,2082,1,17,NA,-2.19428968032948,7.33879628936139
2082-01-18 12:00:00,2082,1,18,NA,-3.59426701541428,5.1647613661024
2082-01-19 12:00:00,2082,1,19,NA,-0.735597034092062,9.09451751746629
2082-01-20 12:00:00,2082,1,20,NA,0.146151125239011,10.0483859548658
2082-01-21 12:00:00,2082,1,21,NA,-1.27302097536635,4.9390613194406
2082-01-22 12:00:00,2082,1,22,NA,-2.47870585788045,1.53823532660723
2082-01-23 12:00:00,2082,1,23,NA,-5.77680154957473,3.68032652028813
2082-01-24 12:00:00,2082,1,24,NA,-4.98323819238019,2.2173201434161
2082-01-25 12:00:00,2082,1,25,NA,-6.9973875685126,0.456969765710025
2082-01-26 12:00:00,2082,1,26,NA,-5.09198845929903,4.5783665874818
2082-01-27 12:00:00,2082,1,27,NA,-2.35210485661677,2.56627018975212
2082-01-28 12:00:00,2082,1,28,NA,-3.11561659130612,6.20426834645446
2082-01-29 12:00:00,2082,1,29,NA,-4.49460348057742,8.36424713450123
2082-01-30 12:00:00,2082,1,30,NA,-4.15989053974521,8.21511176312724
2082-01-31 12:00:00,2082,1,31,NA,-2.97579364249719,7.29366886532606
2082-02-01 12:00:00,2082,2,1,NA,0.919132023115522,6.76314452965244
2082-02-02 12:00:00,2082,2,2,NA,-2.06166824504456,5.36623137963098
2082-02-03 12:00:00,2082,2,3,NA,0.923496463341414,11.5230117141787
2082-02-04 12:00:00,2082,2,4,NA,1.65204381046327,11.9131121769063
2082-02-05 12:00:00,2082,2,5,NA,2.32960355536806,8.54249606603824
2082-02-06 12:00:00,2082,2,6,NA,-1.46960415523131,2.69908157635129
2082-02-07 12:00:00,2082,2,7,NA,-3.60071462114016,2.02031113808364
2082-02-08 12:00:00,2082,2,8,NA,-2.00565335818283,4.15581302413516
2082-02-09 12:00:00,2082,2,9,NA,-1.44056656006982,5.48792531388647
2082-02-10 12:00:00,2082,2,10,NA,-2.69098882629308,6.88978029418486
2082-02-11 12:00:00,2082,2,11,NA,-3.63784872894075,8.1413495593534
2082-02-12 12:00:00,2082,2,12,NA,-4.33581761170404,8.75832890999074
2082-02-13 12:00:00,2082,2,13,NA,-2.69438222728397,12.8185458628301
2082-02-14 12:00:00,2082,2,14,NA,-2.30881813360159,9.70217878652381
2082-02-15 12:00:00,2082,2,15,NA,-0.20975492823113,12.4764430134657
2082-02-16 12:00:00,2082,2,16,NA,2.00378196647894,10.45840470715
2082-02-17 12:00:00,2082,2,17,NA,3.07188701602412,12.6624297884881
2082-02-18 12:00:00,2082,2,18,NA,3.63470415579144,14.0906571652684
2082-02-19 12:00:00,2082,2,19,NA,1.27159611910143,13.3841876129375
2082-02-20 12:00:00,2082,2,20,NA,3.16496537382283,10.6190031596907
2082-02-21 12:00:00,2082,2,21,NA,3.34978736745158,8.53612312553548
2082-02-22 12:00:00,2082,2,22,NA,-1.55031900052406,5.3417120625825
2082-02-23 12:00:00,2082,2,23,NA,2.05089415589461,11.0529122188773
2082-02-24 12:00:00,2082,2,24,NA,3.27263090971384,9.51510591009518
2082-02-25 12:00:00,2082,2,25,NA,-1.21178663853763,7.45284033666563
2082-02-26 12:00:00,2082,2,26,NA,1.56203577748907,9.3058781372296
2082-02-27 12:00:00,2082,2,27,NA,3.24702911011804,9.36232230210132
2082-02-28 12:00:00,2082,2,28,NA,0.808085913196146,10.6319146378266
2082-03-01 12:00:00,2082,3,1,NA,0.860149230652214,7.78470639776403
2082-03-02 12:00:00,2082,3,2,NA,-0.980382873601763,8.58764883680338
2082-03-03 12:00:00,2082,3,3,NA,5.77421069875027,12.2995844658155
2082-03-04 12:00:00,2082,3,4,NA,2.06736469320383,12.9366188161194
2082-03-05 12:00:00,2082,3,5,NA,0.321587009407074,9.53097109511833
2082-03-06 12:00:00,2082,3,6,NA,2.83562939796232,14.9666997771561
2082-03-07 12:00:00,2082,3,7,NA,0.293704545257488,13.4069733320261
2082-03-08 12:00:00,2082,3,8,NA,2.3154196064251,11.7053092556518
2082-03-09 12:00:00,2082,3,9,NA,0.834190418727344,9.93601152707608
2082-03-10 12:00:00,2082,3,10,NA,-0.1064392827916,6.11930068829008
2082-03-11 12:00:00,2082,3,11,NA,0.220225498661015,9.43159204229337
2082-03-12 12:00:00,2082,3,12,NA,-4.20180039833398,6.92826067692028
2082-03-13 12:00:00,2082,3,13,NA,-0.634112124665844,7.24308918006695
2082-03-14 12:00:00,2082,3,14,NA,-1.82431615237619,5.80404504558366
2082-03-15 12:00:00,2082,3,15,NA,-3.44837523045693,4.51434881283737
2082-03-16 12:00:00,2082,3,16,NA,-3.94721609192585,3.14815131288829
2082-03-17 12:00:00,2082,3,17,NA,-2.26993424270222,4.7354861712477
2082-03-18 12:00:00,2082,3,18,NA,-2.01406409449907,14.8765672115922
2082-03-19 12:00:00,2082,3,19,NA,1.05920841807477,15.9592708083319
2082-03-20 12:00:00,2082,3,20,NA,2.7312795177439,16.6641852066629
2082-03-21 12:00:00,2082,3,21,NA,1.68690519539765,11.3128316476894
2082-03-22 12:00:00,2082,3,22,NA,0.963095125081837,5.44327043839685
2082-03-23 12:00:00,2082,3,23,NA,-1.67260357542612,12.9601045962453
2082-03-24 12:00:00,2082,3,24,NA,0.844138485584594,18.6236173173648
2082-03-25 12:00:00,2082,3,25,NA,5.71196254148987,11.7973009421133
2082-03-26 12:00:00,2082,3,26,NA,0.617680288201338,9.4245593610888
2082-03-27 12:00:00,2082,3,27,NA,0.255393460498659,15.2581682267968
2082-03-28 12:00:00,2082,3,28,NA,0.732897932342155,11.9342292511801
2082-03-29 12:00:00,2082,3,29,NA,2.47621952854863,11.8661091777753
2082-03-30 12:00:00,2082,3,30,NA,3.12149810412276,12.3453932595927
2082-03-31 12:00:00,2082,3,31,NA,0.905352325081242,15.1017423769642
2082-04-01 12:00:00,2082,4,1,NA,0.451632084821769,19.3092193210821
2082-04-02 12:00:00,2082,4,2,NA,1.63017917833152,14.4473619338587
2082-04-03 12:00:00,2082,4,3,NA,1.82580850152173,16.0286762509501
2082-04-04 12:00:00,2082,4,4,NA,6.72149696677427,18.1835256287905
2082-04-05 12:00:00,2082,4,5,NA,4.80651342187382,19.79710280219
2082-04-06 12:00:00,2082,4,6,NA,4.86099816407042,14.3927750286692
2082-04-07 12:00:00,2082,4,7,NA,1.9059742056526,14.3383388574508
2082-04-08 12:00:00,2082,4,8,NA,5.90832591152673,15.1054660969768
2082-04-09 12:00:00,2082,4,9,NA,3.67140124839564,10.2434694821789
2082-04-10 12:00:00,2082,4,10,NA,2.8825487885828,16.4714110551077
2082-04-11 12:00:00,2082,4,11,NA,3.52520130988149,16.7571360717128
2082-04-12 12:00:00,2082,4,12,NA,4.91400950691217,20.2670640628633
2082-04-13 12:00:00,2082,4,13,NA,6.1500091481505,21.6621613904286
2082-04-14 12:00:00,2082,4,14,NA,5.75871360557638,19.8965726524518
2082-04-15 12:00:00,2082,4,15,NA,6.75459668264413,22.2038213940326
2082-04-16 12:00:00,2082,4,16,NA,8.77904024534018,25.5188314843512
2082-04-17 12:00:00,2082,4,17,NA,10.5583397654974,24.0701484691691
2082-04-18 12:00:00,2082,4,18,NA,10.9623663756461,24.684069698869
2082-04-19 12:00:00,2082,4,19,NA,11.0303435350694,26.7309494938254
2082-04-20 12:00:00,2082,4,20,NA,10.8856078525673,29.4741701185247
2082-04-21 12:00:00,2082,4,21,NA,16.0169893967487,24.3473253448636
2082-04-22 12:00:00,2082,4,22,NA,10.7528053656885,24.0169304112491
2082-04-23 12:00:00,2082,4,23,NA,9.9282311029805,26.2431334794841
2082-04-24 12:00:00,2082,4,24,NA,12.7725679844196,26.5775069224424
2082-04-25 12:00:00,2082,4,25,NA,7.6459828533591,21.5126302415326
2082-04-26 12:00:00,2082,4,26,NA,7.54101114545102,18.4569053649468
2082-04-27 12:00:00,2082,4,27,NA,6.75791336163452,11.6827940993104
2082-04-28 12:00:00,2082,4,28,NA,6.27397589686201,9.6462849353438
2082-04-29 12:00:00,2082,4,29,NA,3.78753777145739,12.5347646379895
2082-04-30 12:00:00,2082,4,30,NA,4.30146052880873,12.2460279573701
2082-05-01 12:00:00,2082,5,1,NA,2.98711353184566,13.8688073655326
2082-05-02 12:00:00,2082,5,2,NA,7.54117953974813,16.8346299726858
2082-05-03 12:00:00,2082,5,3,NA,6.7605233463932,20.722553686405
2082-05-04 12:00:00,2082,5,4,NA,7.29168726041428,26.1073206582913
2082-05-05 12:00:00,2082,5,5,NA,10.5476897253705,27.8741930047202
2082-05-06 12:00:00,2082,5,6,NA,11.9032648663421,28.1683552790063
2082-05-07 12:00:00,2082,5,7,NA,12.4995843819674,27.5887948402826
2082-05-08 12:00:00,2082,5,8,NA,12.6129885508185,26.2460169174458
2082-05-09 12:00:00,2082,5,9,NA,13.219289640526,26.9182183004188
2082-05-10 12:00:00,2082,5,10,NA,11.5522817627773,28.1885611608559
2082-05-11 12:00:00,2082,5,11,NA,15.3500208802686,27.6227027863186
2082-05-12 12:00:00,2082,5,12,NA,13.4139899554427,28.1007278766828
2082-05-13 12:00:00,2082,5,13,NA,15.5658512136072,29.3556199416399
2082-05-14 12:00:00,2082,5,14,NA,15.2774979098601,25.427604257693
2082-05-15 12:00:00,2082,5,15,NA,14.9172203025822,27.3515422885775
2082-05-16 12:00:00,2082,5,16,NA,15.330629148816,27.2380265872153
2082-05-17 12:00:00,2082,5,17,NA,16.9696712687645,28.5868235722847
2082-05-18 12:00:00,2082,5,18,NA,16.4079311232082,28.8422531092035
2082-05-19 12:00:00,2082,5,19,NA,20.9504221219034,25.4583371856234
2082-05-20 12:00:00,2082,5,20,NA,19.8358099604551,27.1720886900842
2082-05-21 12:00:00,2082,5,21,NA,17.6491022817267,32.7290620465246
2082-05-22 12:00:00,2082,5,22,NA,16.6099249580353,29.6098466251002
2082-05-23 12:00:00,2082,5,23,NA,16.6702442339857,30.0399318723694
2082-05-24 12:00:00,2082,5,24,NA,15.6150362250921,30.3808276244557
2082-05-25 12:00:00,2082,5,25,NA,14.6345868067169,29.3886714777208
2082-05-26 12:00:00,2082,5,26,NA,13.7385094462516,30.2687399467388
2082-05-27 12:00:00,2082,5,27,NA,13.3422522548527,28.2685903402445
2082-05-28 12:00:00,2082,5,28,NA,16.0545224854817,25.7326340415166
2082-05-29 12:00:00,2082,5,29,NA,16.4531735145546,29.9131243206003
2082-05-30 12:00:00,2082,5,30,NA,15.1090068538532,31.1317221900333
2082-05-31 12:00:00,2082,5,31,NA,16.929300422003,31.767109971708
2082-06-01 12:00:00,2082,6,1,NA,18.7069675122107,33.2611855245894
2082-06-02 12:00:00,2082,6,2,NA,20.0058173951716,31.6986214983979
2082-06-03 12:00:00,2082,6,3,NA,20.2291710094511,31.3516782956341
2082-06-04 12:00:00,2082,6,4,NA,24.0182606165172,29.347269104768
2082-06-05 12:00:00,2082,6,5,NA,23.9764616159626,27.6163918446898
2082-06-06 12:00:00,2082,6,6,NA,20.0130815578089,28.0570608387326
2082-06-07 12:00:00,2082,6,7,NA,20.5018614869599,29.628023792844
2082-06-08 12:00:00,2082,6,8,NA,19.4614043623433,32.8760470096063
2082-06-09 12:00:00,2082,6,9,NA,24.5541584320331,28.1697032558548
2082-06-10 12:00:00,2082,6,10,NA,21.6919374247077,29.1121889210832
2082-06-11 12:00:00,2082,6,11,NA,19.5488766000872,31.8957728149817
2082-06-12 12:00:00,2082,6,12,NA,17.9257955133193,32.0388926527579
2082-06-13 12:00:00,2082,6,13,NA,20.2502105550261,29.7091328466437
2082-06-14 12:00:00,2082,6,14,NA,19.5419521938656,29.4696439687234
2082-06-15 12:00:00,2082,6,15,NA,22.2391972446354,29.3400423342514
2082-06-16 12:00:00,2082,6,16,NA,20.7888272552137,32.8781173003899
2082-06-17 12:00:00,2082,6,17,NA,23.2544936960675,31.3737628510922
2082-06-18 12:00:00,2082,6,18,NA,21.3523441000487,27.7601282956906
2082-06-19 12:00:00,2082,6,19,NA,20.8717949669457,27.4829056370867
2082-06-20 12:00:00,2082,6,20,NA,20.3298244224491,27.345778686576
2082-06-21 12:00:00,2082,6,21,NA,21.4253906498837,24.2201474704162
2082-06-22 12:00:00,2082,6,22,NA,19.8364801974908,23.4520250213125
2082-06-23 12:00:00,2082,6,23,NA,18.3071423322769,26.7132820693158
2082-06-24 12:00:00,2082,6,24,NA,18.3338798551195,30.8668225677396
2082-06-25 12:00:00,2082,6,25,NA,17.1302865388597,32.2218759672086
2082-06-26 12:00:00,2082,6,26,NA,18.5078280087099,29.6319343707521
2082-06-27 12:00:00,2082,6,27,NA,19.8003756048812,34.1117457027467
2082-06-28 12:00:00,2082,6,28,NA,20.9569748437677,33.0149113544387
2082-06-29 12:00:00,2082,6,29,NA,24.9146888171032,30.9574184567396
2082-06-30 12:00:00,2082,6,30,NA,23.5946051413671,29.007849785674
2082-07-01 12:00:00,2082,7,1,NA,20.6253677914399,32.7382709069482
2082-07-02 12:00:00,2082,7,2,NA,25.1330000126791,32.235091435243
2082-07-03 12:00:00,2082,7,3,NA,24.7466483195326,33.3272698900619
2082-07-04 12:00:00,2082,7,4,NA,25.1375200623654,33.7181416328947
2082-07-05 12:00:00,2082,7,5,NA,23.9483261939258,33.9654860419159
2082-07-06 12:00:00,2082,7,6,NA,25.0755515331719,33.3112070031401
2082-07-07 12:00:00,2082,7,7,NA,25.2622504178611,31.6644722108882
2082-07-08 12:00:00,2082,7,8,NA,23.4961339076797,31.9964124056797
2082-07-09 12:00:00,2082,7,9,NA,24.1787091414028,29.7139944736035
2082-07-10 12:00:00,2082,7,10,NA,26.835399752073,32.5645466910008
2082-07-11 12:00:00,2082,7,11,NA,27.088638034162,32.0285331396316
2082-07-12 12:00:00,2082,7,12,NA,21.1164043204261,22.6370712784968
2082-07-13 12:00:00,2082,7,13,NA,20.1224399063677,26.7920823578036
2082-07-14 12:00:00,2082,7,14,NA,23.9220383645311,26.8505714801737
2082-07-15 12:00:00,2082,7,15,NA,20.8881070137812,29.3290118815612
2082-07-16 12:00:00,2082,7,16,NA,22.7443321620503,29.3776737098865
2082-07-17 12:00:00,2082,7,17,NA,20.3437125150563,23.920740046043
2082-07-18 12:00:00,2082,7,18,NA,18.5313438818999,25.8910691074906
2082-07-19 12:00:00,2082,7,19,NA,20.1021391499541,29.0205585183816
2082-07-20 12:00:00,2082,7,20,NA,20.509266532843,29.5572214200799
2082-07-21 12:00:00,2082,7,21,NA,22.413590961398,30.9246205230468
2082-07-22 12:00:00,2082,7,22,NA,22.8418356715401,32.2885636168827
2082-07-23 12:00:00,2082,7,23,NA,20.6002644027259,31.0463908331072
2082-07-24 12:00:00,2082,7,24,NA,23.2716854672464,32.7374357531239
2082-07-25 12:00:00,2082,7,25,NA,21.8353050984371,30.4202853897859
2082-07-26 12:00:00,2082,7,26,NA,25.2936324375849,31.8749728474166
2082-07-27 12:00:00,2082,7,27,NA,24.0588204831643,30.4475530777886
2082-07-28 12:00:00,2082,7,28,NA,25.4962136376372,33.1584910455157
2082-07-29 12:00:00,2082,7,29,NA,23.6224106108063,29.4314879393095
2082-07-30 12:00:00,2082,7,30,NA,23.9094319151625,31.8412749834295
2082-07-31 12:00:00,2082,7,31,NA,24.4302364772886,31.366004280326
2082-08-01 12:00:00,2082,8,1,NA,25.9952801371465,30.5723449140262
2082-08-02 12:00:00,2082,8,2,NA,22.5503361265859,27.0368843622912
2082-08-03 12:00:00,2082,8,3,NA,20.3527495637992,24.4071462544693
2082-08-04 12:00:00,2082,8,4,NA,17.279325134187,23.0469109839405
2082-08-05 12:00:00,2082,8,5,NA,18.1161974156559,27.7104889794073
2082-08-06 12:00:00,2082,8,6,NA,20.1890043454411,29.6374462585327
2082-08-07 12:00:00,2082,8,7,NA,22.0346241667494,29.5330128676164
2082-08-08 12:00:00,2082,8,8,NA,21.3355005974779,33.8131707765018
2082-08-09 12:00:00,2082,8,9,NA,23.0025190067312,34.5436561701749
2082-08-10 12:00:00,2082,8,10,NA,25.9481870263118,31.6084103624594
2082-08-11 12:00:00,2082,8,11,NA,23.8457413062734,27.8992016412162
2082-08-12 12:00:00,2082,8,12,NA,22.9482727851563,30.6283413759246
2082-08-13 12:00:00,2082,8,13,NA,23.111813319118,32.3689024561138
2082-08-14 12:00:00,2082,8,14,NA,23.0019959440996,32.2531276401391
2082-08-15 12:00:00,2082,8,15,NA,23.6859927509278,28.8677083329904
2082-08-16 12:00:00,2082,8,16,NA,23.5292870261286,29.9965723405267
2082-08-17 12:00:00,2082,8,17,NA,22.2302784717311,32.184743867004
2082-08-18 12:00:00,2082,8,18,NA,24.0260980915165,34.0346170949984
2082-08-19 12:00:00,2082,8,19,NA,24.7508015469107,31.2180868613088
2082-08-20 12:00:00,2082,8,20,NA,24.8033473220165,34.4025017229455
2082-08-21 12:00:00,2082,8,21,NA,25.4875002572518,33.8625633318772
2082-08-22 12:00:00,2082,8,22,NA,24.7600892403611,33.6405366777152
2082-08-23 12:00:00,2082,8,23,NA,24.0575081105294,29.8179246365067
2082-08-24 12:00:00,2082,8,24,NA,23.1549211111852,29.3051693788204
2082-08-25 12:00:00,2082,8,25,NA,22.3651282456403,31.0630440075873
2082-08-26 12:00:00,2082,8,26,NA,22.9500487337908,29.8539810920205
2082-08-27 12:00:00,2082,8,27,NA,23.7572475098256,30.4868875955152
2082-08-28 12:00:00,2082,8,28,NA,22.0512293780054,27.931208864378
2082-08-29 12:00:00,2082,8,29,NA,21.9072994383453,32.0090195831696
2082-08-30 12:00:00,2082,8,30,NA,20.8180218425068,24.8724185331769
2082-08-31 12:00:00,2082,8,31,NA,17.4109047298653,26.8217355462451
2082-09-01 12:00:00,2082,9,1,NA,19.9690330332551,27.0332677966126
2082-09-02 12:00:00,2082,9,2,NA,18.5635741630929,31.7335253786925
2082-09-03 12:00:00,2082,9,3,NA,22.2181019483206,27.7791535588092
2082-09-04 12:00:00,2082,9,4,NA,21.2088531485993,28.4267529406855
2082-09-05 12:00:00,2082,9,5,NA,19.8721127933136,30.8256182230333
2082-09-06 12:00:00,2082,9,6,NA,19.4355948142615,29.8024642597489
2082-09-07 12:00:00,2082,9,7,NA,19.9418861907896,30.5246672338038
2082-09-08 12:00:00,2082,9,8,NA,19.3865383540952,28.3536521294897
2082-09-09 12:00:00,2082,9,9,NA,20.6001069035726,26.6336517890324
2082-09-10 12:00:00,2082,9,10,NA,20.2956622140554,28.9224461381101
2082-09-11 12:00:00,2082,9,11,NA,18.813122181297,30.2905349188206
2082-09-12 12:00:00,2082,9,12,NA,15.8012875988093,25.7263429048203
2082-09-13 12:00:00,2082,9,13,NA,16.2100600054646,22.9235686211247
2082-09-14 12:00:00,2082,9,14,NA,14.7423352377649,24.0976620501008
2082-09-15 12:00:00,2082,9,15,NA,18.8090358381024,23.5088738650404
2082-09-16 12:00:00,2082,9,16,NA,19.2207420054341,25.4065745845087
2082-09-17 12:00:00,2082,9,17,NA,17.441911993544,27.0279413443041
2082-09-18 12:00:00,2082,9,18,NA,16.1958919718875,26.5533550542455
2082-09-19 12:00:00,2082,9,19,NA,19.5429509029837,26.6558497827907
2082-09-20 12:00:00,2082,9,20,NA,18.6597477521949,28.5848030582059
2082-09-21 12:00:00,2082,9,21,NA,21.5672652854858,30.1064022552409
2082-09-22 12:00:00,2082,9,22,NA,18.4812910807815,29.8401414364929
2082-09-23 12:00:00,2082,9,23,NA,18.7248059772529,29.2786504897828
2082-09-24 12:00:00,2082,9,24,NA,21.1398527895073,29.0505853451163
2082-09-25 12:00:00,2082,9,25,NA,17.6823242842974,28.4186883265974
2082-09-26 12:00:00,2082,9,26,NA,18.0722035233432,29.6334343758989
2082-09-27 12:00:00,2082,9,27,NA,16.5849856386532,27.9438359943646
2082-09-28 12:00:00,2082,9,28,NA,15.7911679502009,28.2379462254834
2082-09-29 12:00:00,2082,9,29,NA,16.235353125419,27.7742009244573
2082-09-30 12:00:00,2082,9,30,NA,12.148966271925,23.655564461883
2082-10-01 12:00:00,2082,10,1,NA,14.6707054550618,20.3292732672766
2082-10-02 12:00:00,2082,10,2,NA,14.2197629415666,23.1646761950155
2082-10-03 12:00:00,2082,10,3,NA,12.6192326449162,23.1994130906026
2082-10-04 12:00:00,2082,10,4,NA,12.216240256138,23.50850290557
2082-10-05 12:00:00,2082,10,5,NA,16.2410293039232,28.0569957742008
2082-10-06 12:00:00,2082,10,6,NA,10.546346967765,21.7246599398633
2082-10-07 12:00:00,2082,10,7,NA,10.6334135836131,23.9086978842782
2082-10-08 12:00:00,2082,10,8,NA,9.86415733837993,22.6733778288464
2082-10-09 12:00:00,2082,10,9,NA,6.69810695158153,16.9957787604403
2082-10-10 12:00:00,2082,10,10,NA,10.2109430033738,21.047877421862
2082-10-11 12:00:00,2082,10,11,NA,8.02878896686619,22.5538099471472
2082-10-12 12:00:00,2082,10,12,NA,12.4677439489415,26.3166049473167
2082-10-13 12:00:00,2082,10,13,NA,12.9384388701074,27.5712134463921
2082-10-14 12:00:00,2082,10,14,NA,14.3574993817196,28.9421233769182
2082-10-15 12:00:00,2082,10,15,NA,14.4505754924555,24.5265109700063
2082-10-16 12:00:00,2082,10,16,NA,11.9465494629959,22.4921610166207
2082-10-17 12:00:00,2082,10,17,NA,10.6828056384212,21.0703478515575
2082-10-18 12:00:00,2082,10,18,NA,10.4280039811988,22.0031694972196
2082-10-19 12:00:00,2082,10,19,NA,11.0893954146337,24.7668425237391
2082-10-20 12:00:00,2082,10,20,NA,10.8079666939677,24.0832509946328
2082-10-21 12:00:00,2082,10,21,NA,12.2942175265488,24.6183825834062
2082-10-22 12:00:00,2082,10,22,NA,13.1143761758526,22.517274415449
2082-10-23 12:00:00,2082,10,23,NA,11.794495684904,21.5773763839342
2082-10-24 12:00:00,2082,10,24,NA,8.7682858409568,22.4372622780841
2082-10-25 12:00:00,2082,10,25,NA,8.82126004461552,20.9316908174213
2082-10-26 12:00:00,2082,10,26,NA,8.98974823426751,19.0990878169376
2082-10-27 12:00:00,2082,10,27,NA,9.58647931449656,16.270570613731
2082-10-28 12:00:00,2082,10,28,NA,9.64558235650932,18.5945781199663
2082-10-29 12:00:00,2082,10,29,NA,6.7335637204491,18.3715989332329
2082-10-30 12:00:00,2082,10,30,NA,6.46187398911384,20.7593973331536
2082-10-31 12:00:00,2082,10,31,NA,5.72652650240217,20.1958888833346
2082-11-01 12:00:00,2082,11,1,NA,6.80712252712818,21.6742792677773
2082-11-02 12:00:00,2082,11,2,NA,7.90584439297409,22.6394790142002
2082-11-03 12:00:00,2082,11,3,NA,5.39745491912222,18.8627083931973
2082-11-04 12:00:00,2082,11,4,NA,4.39441068162248,18.1259012623866
2082-11-05 12:00:00,2082,11,5,NA,9.42326541074484,16.9544594938137
2082-11-06 12:00:00,2082,11,6,NA,5.23118996161973,17.0154870167797
2082-11-07 12:00:00,2082,11,7,NA,4.58971213406082,18.1178479537418
2082-11-08 12:00:00,2082,11,8,NA,3.99567542999529,16.3130118887703
2082-11-09 12:00:00,2082,11,9,NA,3.98757835705117,11.054753941591
2082-11-10 12:00:00,2082,11,10,NA,3.738131467361,11.9444259395668
2082-11-11 12:00:00,2082,11,11,NA,2.59619748112804,12.9328957792803
2082-11-12 12:00:00,2082,11,12,NA,2.85833001641571,18.3837409576164
2082-11-13 12:00:00,2082,11,13,NA,4.14207900064054,19.2538293643872
2082-11-14 12:00:00,2082,11,14,NA,0.449354964609627,10.8814249906016
2082-11-15 12:00:00,2082,11,15,NA,1.17049730796505,13.8895651169564
2082-11-16 12:00:00,2082,11,16,NA,1.8875439918175,16.8548104530118
2082-11-17 12:00:00,2082,11,17,NA,4.49511497107972,17.8572112607883
2082-11-18 12:00:00,2082,11,18,NA,5.57921827811758,17.3654689063966
2082-11-19 12:00:00,2082,11,19,NA,7.9146746780683,21.0548981984253
2082-11-20 12:00:00,2082,11,20,NA,12.6839134722314,19.8671033255294
2082-11-21 12:00:00,2082,11,21,NA,9.59693778673648,21.302383271621
2082-11-22 12:00:00,2082,11,22,NA,4.09797935674899,17.4140545248915
2082-11-23 12:00:00,2082,11,23,NA,6.64769732943168,14.3354249101935
2082-11-24 12:00:00,2082,11,24,NA,5.14544984793459,13.3517443201404
2082-11-25 12:00:00,2082,11,25,NA,4.75631485482787,19.9492039552786
2082-11-26 12:00:00,2082,11,26,NA,6.8786189841393,18.2700400516158
2082-11-27 12:00:00,2082,11,27,NA,7.4506649693862,14.862389024384
2082-11-28 12:00:00,2082,11,28,NA,3.30349391598679,14.7079436638844
2082-11-29 12:00:00,2082,11,29,NA,0.437377772357589,11.4080088071692
2082-11-30 12:00:00,2082,11,30,NA,-2.43840677652018,10.8397804631041
2082-12-01 12:00:00,2082,12,1,NA,-2.13873735240981,14.2148217598039
2082-12-02 12:00:00,2082,12,2,NA,-0.581333622285249,15.2996599979447
2082-12-03 12:00:00,2082,12,3,NA,4.35385976159704,16.5849897742187
2082-12-04 12:00:00,2082,12,4,NA,8.39249994135259,16.5785202075377
2082-12-05 12:00:00,2082,12,5,NA,8.08949964739027,15.9767048643254
2082-12-06 12:00:00,2082,12,6,NA,9.04793969077085,16.909596794729
2082-12-07 12:00:00,2082,12,7,NA,5.40198945276316,18.167645070398
2082-12-08 12:00:00,2082,12,8,NA,6.38518927421318,16.9162382738436
2082-12-09 12:00:00,2082,12,9,NA,10.8515975580389,16.8765354821279
2082-12-10 12:00:00,2082,12,10,NA,5.50180061647541,17.7873242075614
2082-12-11 12:00:00,2082,12,11,NA,4.78053589114767,16.035078601013
2082-12-12 12:00:00,2082,12,12,NA,4.58195723115202,19.9065021645168
2082-12-13 12:00:00,2082,12,13,NA,3.28043526425651,14.9580184384461
2082-12-14 12:00:00,2082,12,14,NA,1.31565996886756,6.75834941340929
2082-12-15 12:00:00,2082,12,15,NA,0.0408237096301467,7.79995268034378
2082-12-16 12:00:00,2082,12,16,NA,-3.21466371779806,3.03253813164645
2082-12-17 12:00:00,2082,12,17,NA,-2.63598729842384,7.08752625855102
2082-12-18 12:00:00,2082,12,18,NA,-4.4079157962164,2.15937396816019
2082-12-19 12:00:00,2082,12,19,NA,-3.24522617881791,6.97476916140415
2082-12-20 12:00:00,2082,12,20,NA,-2.94755867959836,4.4633219010244
2082-12-21 12:00:00,2082,12,21,NA,3.83292384912365,12.0233559330928
2082-12-22 12:00:00,2082,12,22,NA,3.22234852884156,12.4735665236891
2082-12-23 12:00:00,2082,12,23,NA,-1.03826744422897,6.25959743089135
2082-12-24 12:00:00,2082,12,24,NA,-1.69141923183772,6.71961564681855
2082-12-25 12:00:00,2082,12,25,NA,-2.30634467611688,4.67752958691159
2082-12-26 12:00:00,2082,12,26,NA,-2.73248361064034,6.18817679876448
2082-12-27 12:00:00,2082,12,27,NA,-1.3491452342046,11.8950860363126
2082-12-28 12:00:00,2082,12,28,NA,-3.81148830603657,8.1657760970348
2082-12-29 12:00:00,2082,12,29,NA,-3.18061610215649,6.49446309430854
2082-12-30 12:00:00,2082,12,30,NA,-2.65524453463129,10.5904908289397
2082-12-31 12:00:00,2082,12,31,NA,-4.84801325160605,7.64450022826619
2083-01-01 12:00:00,2083,1,1,NA,-9.9605463475113,1.29399636235402
2083-01-02 12:00:00,2083,1,2,NA,-6.87298040379372,1.17470229553209
2083-01-03 12:00:00,2083,1,3,NA,-6.5265450325598,3.62611471438005
2083-01-04 12:00:00,2083,1,4,NA,-3.26255992726358,6.27052604242729
2083-01-05 12:00:00,2083,1,5,NA,-3.89028671986108,7.24632839379776
2083-01-06 12:00:00,2083,1,6,NA,-1.71366335224442,7.06346527664411
2083-01-07 12:00:00,2083,1,7,NA,-2.10170178603253,7.29685174575584
2083-01-08 12:00:00,2083,1,8,NA,-2.58735986611093,6.68785187336351
2083-01-09 12:00:00,2083,1,9,NA,-5.81737186737941,2.82866353332752
2083-01-10 12:00:00,2083,1,10,NA,-4.44845295617058,2.64974583961949
2083-01-11 12:00:00,2083,1,11,NA,-4.34462906656712,1.802018872765
2083-01-12 12:00:00,2083,1,12,NA,-4.47693433974967,7.02540859611137
2083-01-13 12:00:00,2083,1,13,NA,-1.44104031547621,6.30676617457218
2083-01-14 12:00:00,2083,1,14,NA,-2.57944206561007,5.46287875637
2083-01-15 12:00:00,2083,1,15,NA,-2.69627344526365,5.0893480710429
2083-01-16 12:00:00,2083,1,16,NA,0.393525802907312,9.46221392571718
2083-01-17 12:00:00,2083,1,17,NA,3.38089409319622,15.2047915699439
2083-01-18 12:00:00,2083,1,18,NA,1.39951681794628,9.64495022544981
2083-01-19 12:00:00,2083,1,19,NA,0.624558704977191,11.4907215759312
2083-01-20 12:00:00,2083,1,20,NA,-1.47977795029209,9.6815583812535
2083-01-21 12:00:00,2083,1,21,NA,-5.27277799850556,0.567004569722114
2083-01-22 12:00:00,2083,1,22,NA,-3.77666737871561,7.94754893437153
2083-01-23 12:00:00,2083,1,23,NA,-2.17237432788425,4.17268557495473
2083-01-24 12:00:00,2083,1,24,NA,-4.37237366488727,1.46123845962612
2083-01-25 12:00:00,2083,1,25,NA,-4.00977892207855,6.20429201686383
2083-01-26 12:00:00,2083,1,26,NA,-3.06135416685602,6.60900087992481
2083-01-27 12:00:00,2083,1,27,NA,0.0459089199101013,4.95656128179781
2083-01-28 12:00:00,2083,1,28,NA,-2.78075700957572,-0.74443878070663
2083-01-29 12:00:00,2083,1,29,NA,-2.48624501096647,3.85881489187251
2083-01-30 12:00:00,2083,1,30,NA,-6.27282104948682,-0.650013998801627
2083-01-31 12:00:00,2083,1,31,NA,-2.16783635250003,8.86559695173098
2083-02-01 12:00:00,2083,2,1,NA,-1.62258609846491,7.28783434279049
2083-02-02 12:00:00,2083,2,2,NA,-6.6698169747309,6.83736571702986
2083-02-03 12:00:00,2083,2,3,NA,-7.62090195507353,2.88326178341791
2083-02-04 12:00:00,2083,2,4,NA,-8.80777555507867,-1.91574449197211
2083-02-05 12:00:00,2083,2,5,NA,-10.3246470013001,4.66300285361769
2083-02-06 12:00:00,2083,2,6,NA,-7.13703884289801,3.19654218203922
2083-02-07 12:00:00,2083,2,7,NA,-8.20119664727392,6.60565843145384
2083-02-08 12:00:00,2083,2,8,NA,-7.7696011755124,5.74890558889227
2083-02-09 12:00:00,2083,2,9,NA,-2.68976980420784,12.2791209253748
2083-02-10 12:00:00,2083,2,10,NA,2.40821152813664,14.9423842278724
2083-02-11 12:00:00,2083,2,11,NA,2.01249503472147,14.4452362222299
2083-02-12 12:00:00,2083,2,12,NA,2.83045840789267,15.2597701291224
2083-02-13 12:00:00,2083,2,13,NA,0.244735809111789,12.8039088136145
2083-02-14 12:00:00,2083,2,14,NA,1.31446309404211,8.66266124179238
2083-02-15 12:00:00,2083,2,15,NA,1.61432547962588,13.0276485723571
2083-02-16 12:00:00,2083,2,16,NA,-0.891536173416442,12.3422739124992
2083-02-17 12:00:00,2083,2,17,NA,1.00569412701435,10.6713356966344
2083-02-18 12:00:00,2083,2,18,NA,-0.18079065635908,11.2802453897044
2083-02-19 12:00:00,2083,2,19,NA,1.3349296026967,11.8107738120865
2083-02-20 12:00:00,2083,2,20,NA,-2.18621233789404,7.70289922225699
2083-02-21 12:00:00,2083,2,21,NA,-2.44436610462567,4.61077239814254
2083-02-22 12:00:00,2083,2,22,NA,-1.93734784800224,9.50612293889394
2083-02-23 12:00:00,2083,2,23,NA,-2.41398748933268,7.75782505908005
2083-02-24 12:00:00,2083,2,24,NA,-2.81555079273435,5.94391833775415
2083-02-25 12:00:00,2083,2,25,NA,-1.59351068262744,9.83020357745975
2083-02-26 12:00:00,2083,2,26,NA,1.15315271452984,9.17868600853101
2083-02-27 12:00:00,2083,2,27,NA,0.297632001259938,4.47595352774106
2083-02-28 12:00:00,2083,2,28,NA,-2.31128122527858,4.77935136382765
2083-03-01 12:00:00,2083,3,1,NA,-2.50770486182399,3.46666337680543
2083-03-02 12:00:00,2083,3,2,NA,0.424110030313219,10.3797188097124
2083-03-03 12:00:00,2083,3,3,NA,1.16057042123957,10.7286021316447
2083-03-04 12:00:00,2083,3,4,NA,1.75470535289929,14.7864421246649
2083-03-05 12:00:00,2083,3,5,NA,9.74126736857924,16.809646475328
2083-03-06 12:00:00,2083,3,6,NA,5.01660516955497,15.9966596009585
2083-03-07 12:00:00,2083,3,7,NA,6.10489898364558,20.737607155317
2083-03-08 12:00:00,2083,3,8,NA,5.85676769397097,15.8390212378446
2083-03-09 12:00:00,2083,3,9,NA,5.22879192365979,16.1484243317635
2083-03-10 12:00:00,2083,3,10,NA,1.52585837387687,14.6978303173496
2083-03-11 12:00:00,2083,3,11,NA,2.1289785363882,14.2853425416103
2083-03-12 12:00:00,2083,3,12,NA,2.35738476509638,16.2521739665313
2083-03-13 12:00:00,2083,3,13,NA,0.973634757038901,17.6437998913925
2083-03-14 12:00:00,2083,3,14,NA,5.19845371457117,17.7774823581072
2083-03-15 12:00:00,2083,3,15,NA,3.25322712353951,19.9989569202241
2083-03-16 12:00:00,2083,3,16,NA,6.83295057913322,16.4090542997273
2083-03-17 12:00:00,2083,3,17,NA,5.73030891380377,21.7978345062565
2083-03-18 12:00:00,2083,3,18,NA,8.27020301519299,21.8080551693873
2083-03-19 12:00:00,2083,3,19,NA,7.65632989441815,18.1326595576741
2083-03-20 12:00:00,2083,3,20,NA,6.32575081710844,18.1369982819329
2083-03-21 12:00:00,2083,3,21,NA,7.69719533789754,20.913424838606
2083-03-22 12:00:00,2083,3,22,NA,12.6100601038443,22.3879220321187
2083-03-23 12:00:00,2083,3,23,NA,13.4751769107018,23.5688806601377
2083-03-24 12:00:00,2083,3,24,NA,14.2642802723697,21.1495776642954
2083-03-25 12:00:00,2083,3,25,NA,7.70620984417176,17.7958035520026
2083-03-26 12:00:00,2083,3,26,NA,5.39967776358875,16.9038442557572
2083-03-27 12:00:00,2083,3,27,NA,4.45394892843201,16.0720674104729
2083-03-28 12:00:00,2083,3,28,NA,2.95816364240538,15.7677243919863
2083-03-29 12:00:00,2083,3,29,NA,0.800935915551192,8.97568416587613
2083-03-30 12:00:00,2083,3,30,NA,2.55947842822901,7.44405316843833
2083-03-31 12:00:00,2083,3,31,NA,9.46883492663272,11.2390208459439
2083-04-01 12:00:00,2083,4,1,NA,2.49150988866963,9.42602030807601
2083-04-02 12:00:00,2083,4,2,NA,4.81680908136642,14.7839374549856
2083-04-03 12:00:00,2083,4,3,NA,4.41835510533719,11.0303897392031
2083-04-04 12:00:00,2083,4,4,NA,4.85301439206622,16.6885591420074
2083-04-05 12:00:00,2083,4,5,NA,4.69449196155205,21.1242904609576
2083-04-06 12:00:00,2083,4,6,NA,6.63571110009891,14.893057253526
2083-04-07 12:00:00,2083,4,7,NA,6.64027865857242,10.7299714094693
2083-04-08 12:00:00,2083,4,8,NA,4.17931285750945,15.546972574169
2083-04-09 12:00:00,2083,4,9,NA,8.75592689131632,21.5876931206168
2083-04-10 12:00:00,2083,4,10,NA,10.050097250388,22.5357706285168
2083-04-11 12:00:00,2083,4,11,NA,9.51619071255087,23.6237184845572
2083-04-12 12:00:00,2083,4,12,NA,8.72636573196468,19.7334234594768
2083-04-13 12:00:00,2083,4,13,NA,3.13733823391672,15.5652636422729
2083-04-14 12:00:00,2083,4,14,NA,3.60698873456879,16.4102488039706
2083-04-15 12:00:00,2083,4,15,NA,7.1959252080502,21.9612715152493
2083-04-16 12:00:00,2083,4,16,NA,6.43160124336107,17.7681402026197
2083-04-17 12:00:00,2083,4,17,NA,7.24293731083621,19.3994845252841
2083-04-18 12:00:00,2083,4,18,NA,9.21234472023614,21.5208736696322
2083-04-19 12:00:00,2083,4,19,NA,9.53116859301751,26.2590638807268
2083-04-20 12:00:00,2083,4,20,NA,8.57566829485484,23.5184656766897
2083-04-21 12:00:00,2083,4,21,NA,9.08970848048635,22.8946474185091
2083-04-22 12:00:00,2083,4,22,NA,10.498417352045,14.576697704157
2083-04-23 12:00:00,2083,4,23,NA,9.30238329122498,19.378328300869
2083-04-24 12:00:00,2083,4,24,NA,8.37218889138412,19.5842294986439
2083-04-25 12:00:00,2083,4,25,NA,13.7556912377872,19.2748330012762
2083-04-26 12:00:00,2083,4,26,NA,14.7633519896415,20.1100138610676
2083-04-27 12:00:00,2083,4,27,NA,11.4043095057722,19.7864574401957
2083-04-28 12:00:00,2083,4,28,NA,9.88747647219377,25.3789499137382
2083-04-29 12:00:00,2083,4,29,NA,6.19442774686788,17.5620874635275
2083-04-30 12:00:00,2083,4,30,NA,8.64320205883126,23.3117973132889
2083-05-01 12:00:00,2083,5,1,NA,11.4005387984087,19.3112121575388
2083-05-02 12:00:00,2083,5,2,NA,13.2591146589165,17.3295451931664
2083-05-03 12:00:00,2083,5,3,NA,10.5979099397571,21.017299450531
2083-05-04 12:00:00,2083,5,4,NA,11.1081989176218,21.5696212088005
2083-05-05 12:00:00,2083,5,5,NA,15.2352431690096,21.1020886513829
2083-05-06 12:00:00,2083,5,6,NA,12.6821726997055,21.7812458644534
2083-05-07 12:00:00,2083,5,7,NA,11.853125123932,26.1334464904319
2083-05-08 12:00:00,2083,5,8,NA,13.0026876167512,25.6165044158469
2083-05-09 12:00:00,2083,5,9,NA,14.0262361627707,27.2205390419164
2083-05-10 12:00:00,2083,5,10,NA,18.2950938751992,22.4789239291097
2083-05-11 12:00:00,2083,5,11,NA,17.0591101426352,19.9371467592534
2083-05-12 12:00:00,2083,5,12,NA,15.3315572375423,23.5667843284415
2083-05-13 12:00:00,2083,5,13,NA,14.5882512522624,25.380449530332
2083-05-14 12:00:00,2083,5,14,NA,13.38118272218,23.639519175907
2083-05-15 12:00:00,2083,5,15,NA,16.9101160967844,20.3318449793592
2083-05-16 12:00:00,2083,5,16,NA,13.3512431891832,27.6482376176264
2083-05-17 12:00:00,2083,5,17,NA,14.0312265023057,29.0238249202069
2083-05-18 12:00:00,2083,5,18,NA,14.0984892846667,28.8858750851929
2083-05-19 12:00:00,2083,5,19,NA,17.8887550753854,24.2578530632641
2083-05-20 12:00:00,2083,5,20,NA,17.9882879838088,29.1719759452753
2083-05-21 12:00:00,2083,5,21,NA,15.465379147631,23.5791680976684
2083-05-22 12:00:00,2083,5,22,NA,15.9537039182442,22.5919281409923
2083-05-23 12:00:00,2083,5,23,NA,13.6198965425532,22.3126104624656
2083-05-24 12:00:00,2083,5,24,NA,11.2143600475874,25.8267382947244
2083-05-25 12:00:00,2083,5,25,NA,13.1417438369613,29.2452077152271
2083-05-26 12:00:00,2083,5,26,NA,13.7469040332937,28.2334944890127
2083-05-27 12:00:00,2083,5,27,NA,15.0026383893684,23.2078042053134
2083-05-28 12:00:00,2083,5,28,NA,14.8116691124753,22.6842862742803
2083-05-29 12:00:00,2083,5,29,NA,16.8245021934197,26.324885105383
2083-05-30 12:00:00,2083,5,30,NA,14.1292873506864,29.1630223330488
2083-05-31 12:00:00,2083,5,31,NA,15.1071489725447,29.1218983972834
2083-06-01 12:00:00,2083,6,1,NA,18.2273218683192,22.7352369320392
2083-06-02 12:00:00,2083,6,2,NA,17.13986384501,25.074811990952
2083-06-03 12:00:00,2083,6,3,NA,17.556590978109,28.9318463072526
2083-06-04 12:00:00,2083,6,4,NA,18.8312440305309,25.146235794445
2083-06-05 12:00:00,2083,6,5,NA,19.2706769463828,23.0743468840363
2083-06-06 12:00:00,2083,6,6,NA,18.4408885829175,26.3488842684432
2083-06-07 12:00:00,2083,6,7,NA,17.6460696865756,26.7141937358005
2083-06-08 12:00:00,2083,6,8,NA,15.220893028601,24.4695793375731
2083-06-09 12:00:00,2083,6,9,NA,14.5615007012053,22.0248041535016
2083-06-10 12:00:00,2083,6,10,NA,14.7263078632365,26.728081306999
2083-06-11 12:00:00,2083,6,11,NA,16.8939563044087,23.93303374447
2083-06-12 12:00:00,2083,6,12,NA,16.2178815692537,28.330784684762
2083-06-13 12:00:00,2083,6,13,NA,17.9200932134477,31.2178067661612
2083-06-14 12:00:00,2083,6,14,NA,15.4400829221416,27.9838478354971
2083-06-15 12:00:00,2083,6,15,NA,17.0558776855578,31.1658616054409
2083-06-16 12:00:00,2083,6,16,NA,18.7000442355881,33.9013357702539
2083-06-17 12:00:00,2083,6,17,NA,22.5479417689124,28.0664984633196
2083-06-18 12:00:00,2083,6,18,NA,23.7162215077731,28.5344222587877
2083-06-19 12:00:00,2083,6,19,NA,25.8648320074751,29.4803768312968
2083-06-20 12:00:00,2083,6,20,NA,24.5793739632373,26.2564093378378
2083-06-21 12:00:00,2083,6,21,NA,21.0102805697857,25.1241551031639
2083-06-22 12:00:00,2083,6,22,NA,21.593192931608,28.7233752019305
2083-06-23 12:00:00,2083,6,23,NA,20.2669637650005,26.6056171411843
2083-06-24 12:00:00,2083,6,24,NA,22.5900738645332,27.3515311214215
2083-06-25 12:00:00,2083,6,25,NA,20.4218561159867,26.4849494674851
2083-06-26 12:00:00,2083,6,26,NA,19.585674249145,28.6370262801237
2083-06-27 12:00:00,2083,6,27,NA,22.3844205166436,31.2811441319376
2083-06-28 12:00:00,2083,6,28,NA,24.7294842718232,29.9878851758026
2083-06-29 12:00:00,2083,6,29,NA,22.2989866978505,31.3841504652736
2083-06-30 12:00:00,2083,6,30,NA,20.8729381709247,34.0108526757151
2083-07-01 12:00:00,2083,7,1,NA,23.4617927887343,32.479569673285
2083-07-02 12:00:00,2083,7,2,NA,23.9362094909108,29.9012204393211
2083-07-03 12:00:00,2083,7,3,NA,22.2762590007288,31.472651952507
2083-07-04 12:00:00,2083,7,4,NA,23.2159249343162,32.3736698005034
2083-07-05 12:00:00,2083,7,5,NA,22.7360233335482,32.2052312568036
2083-07-06 12:00:00,2083,7,6,NA,21.5381973218475,32.1805876941958
2083-07-07 12:00:00,2083,7,7,NA,27.4346304143073,30.326799300221
2083-07-08 12:00:00,2083,7,8,NA,25.3062076872479,28.3830349158983
2083-07-09 12:00:00,2083,7,9,NA,24.857236321389,31.1613932355697
2083-07-10 12:00:00,2083,7,10,NA,24.3390807595836,32.4589475832552
2083-07-11 12:00:00,2083,7,11,NA,24.4125021039496,32.0799396416098
2083-07-12 12:00:00,2083,7,12,NA,26.3092777327704,31.6519928546687
2083-07-13 12:00:00,2083,7,13,NA,23.2873481523107,30.399681154469
2083-07-14 12:00:00,2083,7,14,NA,19.3829396139629,26.199278753529
2083-07-15 12:00:00,2083,7,15,NA,21.1888104257577,33.0209849145022
2083-07-16 12:00:00,2083,7,16,NA,20.1320211272783,33.7707685112376
2083-07-17 12:00:00,2083,7,17,NA,21.004044249656,27.430861857894
2083-07-18 12:00:00,2083,7,18,NA,20.3577871685717,27.9371930516838
2083-07-19 12:00:00,2083,7,19,NA,20.3082206456685,31.8104171127035
2083-07-20 12:00:00,2083,7,20,NA,23.1241538542278,29.2528520357005
2083-07-21 12:00:00,2083,7,21,NA,26.5270623184359,30.5398095368968
2083-07-22 12:00:00,2083,7,22,NA,23.7673938508814,26.4650811666245
2083-07-23 12:00:00,2083,7,23,NA,23.4753933963466,29.2634288604876
2083-07-24 12:00:00,2083,7,24,NA,23.2413639807545,33.4056667286428
2083-07-25 12:00:00,2083,7,25,NA,23.6352886010289,30.9950138266196
2083-07-26 12:00:00,2083,7,26,NA,24.7151768558292,28.9305655013334
2083-07-27 12:00:00,2083,7,27,NA,22.3685193737345,25.6181267813423
2083-07-28 12:00:00,2083,7,28,NA,19.7855279508426,25.7505388992528
2083-07-29 12:00:00,2083,7,29,NA,20.9671365487413,29.0049095673166
2083-07-30 12:00:00,2083,7,30,NA,18.7262580887818,28.1171896080449
2083-07-31 12:00:00,2083,7,31,NA,21.2026849368937,30.192315192488
2083-08-01 12:00:00,2083,8,1,NA,22.4600142777665,34.5433488070195
2083-08-02 12:00:00,2083,8,2,NA,24.6813936701828,36.3465873628326
2083-08-03 12:00:00,2083,8,3,NA,24.7695482516149,35.3328119676926
2083-08-04 12:00:00,2083,8,4,NA,25.4985818833059,33.4466704377523
2083-08-05 12:00:00,2083,8,5,NA,25.6050509445783,34.677284470909
2083-08-06 12:00:00,2083,8,6,NA,26.381790546069,35.2521391812222
2083-08-07 12:00:00,2083,8,7,NA,25.5538116913451,35.6512442590844
2083-08-08 12:00:00,2083,8,8,NA,25.407319963574,35.0997627724067
2083-08-09 12:00:00,2083,8,9,NA,25.2686715355391,34.8671932177898
2083-08-10 12:00:00,2083,8,10,NA,23.5625130686074,29.9253598936984
2083-08-11 12:00:00,2083,8,11,NA,23.2050256886704,31.8784883152267
2083-08-12 12:00:00,2083,8,12,NA,26.5156242673583,33.2534245275098
2083-08-13 12:00:00,2083,8,13,NA,26.2737352432567,29.1618771827204
2083-08-14 12:00:00,2083,8,14,NA,24.7228437350129,33.3594497825569
2083-08-15 12:00:00,2083,8,15,NA,25.5384658408876,35.1646220760415
2083-08-16 12:00:00,2083,8,16,NA,28.0982701474965,34.6123634234025
2083-08-17 12:00:00,2083,8,17,NA,28.0223149989892,34.86481393324
2083-08-18 12:00:00,2083,8,18,NA,25.1313385390719,30.5380231259011
2083-08-19 12:00:00,2083,8,19,NA,25.0942348087596,31.8212058253322
2083-08-20 12:00:00,2083,8,20,NA,22.3345353659045,32.0718466523823
2083-08-21 12:00:00,2083,8,21,NA,24.4886311334985,34.1977994501291
2083-08-22 12:00:00,2083,8,22,NA,23.6975812706877,29.4651671204411
2083-08-23 12:00:00,2083,8,23,NA,23.2088196669168,26.8467988995416
2083-08-24 12:00:00,2083,8,24,NA,22.2199824866525,26.8129595599946
2083-08-25 12:00:00,2083,8,25,NA,21.8410339012223,28.8414650982191
2083-08-26 12:00:00,2083,8,26,NA,23.5479153138794,30.1669978603183
2083-08-27 12:00:00,2083,8,27,NA,25.8714137690021,29.663901327635
2083-08-28 12:00:00,2083,8,28,NA,24.2655070346673,31.489793947432
2083-08-29 12:00:00,2083,8,29,NA,25.4570904598703,33.6509864353384
2083-08-30 12:00:00,2083,8,30,NA,25.9973549413968,33.6989999243871
2083-08-31 12:00:00,2083,8,31,NA,23.3866024314464,33.6988488075867
2083-09-01 12:00:00,2083,9,1,NA,24.0316375962012,31.1491636710182
2083-09-02 12:00:00,2083,9,2,NA,21.9439115239184,33.244401841914
2083-09-03 12:00:00,2083,9,3,NA,21.0217203197327,32.9904279552651
2083-09-04 12:00:00,2083,9,4,NA,20.0105804273812,29.928574591012
2083-09-05 12:00:00,2083,9,5,NA,20.0330797333552,26.6622151872756
2083-09-06 12:00:00,2083,9,6,NA,20.0708181008362,31.0639049725509
2083-09-07 12:00:00,2083,9,7,NA,23.2489316283168,35.1302857410434
2083-09-08 12:00:00,2083,9,8,NA,22.027247576837,35.3051744853989
2083-09-09 12:00:00,2083,9,9,NA,22.7935601447248,35.5067108043108
2083-09-10 12:00:00,2083,9,10,NA,24.5297570492173,33.4844764092199
2083-09-11 12:00:00,2083,9,11,NA,20.5822300743349,31.165011117349
2083-09-12 12:00:00,2083,9,12,NA,18.7473958663164,25.1008410029955
2083-09-13 12:00:00,2083,9,13,NA,15.1853855686344,25.8799651842524
2083-09-14 12:00:00,2083,9,14,NA,18.8044280346079,23.1351322989684
2083-09-15 12:00:00,2083,9,15,NA,19.129978746856,21.0473573412795
2083-09-16 12:00:00,2083,9,16,NA,19.4237680674651,29.1886372401732
2083-09-17 12:00:00,2083,9,17,NA,19.5972472727281,29.3078750005041
2083-09-18 12:00:00,2083,9,18,NA,16.7639807042428,26.2607289313656
2083-09-19 12:00:00,2083,9,19,NA,16.9903964878912,25.5354944851252
2083-09-20 12:00:00,2083,9,20,NA,22.5546860248256,25.9226345651721
2083-09-21 12:00:00,2083,9,21,NA,19.272516392618,30.3268179219611
2083-09-22 12:00:00,2083,9,22,NA,21.1301649044533,29.7667663196047
2083-09-23 12:00:00,2083,9,23,NA,20.1794070220044,25.3618742960593
2083-09-24 12:00:00,2083,9,24,NA,18.8046425266723,27.4274032556041
2083-09-25 12:00:00,2083,9,25,NA,16.4132326639183,28.0939977601112
2083-09-26 12:00:00,2083,9,26,NA,15.0914118074644,28.0689578391606
2083-09-27 12:00:00,2083,9,27,NA,14.761874758837,27.2562082594896
2083-09-28 12:00:00,2083,9,28,NA,14.6233444007867,27.2167792509405
2083-09-29 12:00:00,2083,9,29,NA,13.5932533103631,21.229290200836
2083-09-30 12:00:00,2083,9,30,NA,14.816498763856,26.2319199148538
2083-10-01 12:00:00,2083,10,1,NA,14.9562309978507,26.6369960940436
2083-10-02 12:00:00,2083,10,2,NA,15.4988795421496,29.8540119875436
2083-10-03 12:00:00,2083,10,3,NA,13.4020789284438,27.9270999087249
2083-10-04 12:00:00,2083,10,4,NA,14.7944085860049,27.9332657902637
2083-10-05 12:00:00,2083,10,5,NA,12.4350652125261,26.1957485067253
2083-10-06 12:00:00,2083,10,6,NA,14.7793645930776,25.3430452374744
2083-10-07 12:00:00,2083,10,7,NA,14.0848793662066,25.9916681041112
2083-10-08 12:00:00,2083,10,8,NA,14.0772859935634,28.4561498680362
2083-10-09 12:00:00,2083,10,9,NA,15.8892617368346,28.6294834482015
2083-10-10 12:00:00,2083,10,10,NA,16.1263426445086,25.071233466713
2083-10-11 12:00:00,2083,10,11,NA,13.0826103980976,25.527167161072
2083-10-12 12:00:00,2083,10,12,NA,12.7626952341414,23.9285404659054
2083-10-13 12:00:00,2083,10,13,NA,12.2345034098622,21.1322573589666
2083-10-14 12:00:00,2083,10,14,NA,11.4741161252921,20.2648260745906
2083-10-15 12:00:00,2083,10,15,NA,10.237654676022,21.0892380772135
2083-10-16 12:00:00,2083,10,16,NA,8.49879595370112,18.3137021462056
2083-10-17 12:00:00,2083,10,17,NA,10.3895340627186,18.0890409297559
2083-10-18 12:00:00,2083,10,18,NA,9.61330381241253,20.3894177582927
2083-10-19 12:00:00,2083,10,19,NA,10.4779138454801,22.0410311817001
2083-10-20 12:00:00,2083,10,20,NA,10.6227486647846,22.4835827790668
2083-10-21 12:00:00,2083,10,21,NA,8.07472200406416,18.0335056945165
2083-10-22 12:00:00,2083,10,22,NA,11.9441600874026,19.9103590303904
2083-10-23 12:00:00,2083,10,23,NA,10.0986828093489,22.0717531705358
2083-10-24 12:00:00,2083,10,24,NA,11.1267977817034,20.9096784807336
2083-10-25 12:00:00,2083,10,25,NA,12.0666701192157,24.1958066337915
2083-10-26 12:00:00,2083,10,26,NA,10.1576996423762,15.9045052033384
2083-10-27 12:00:00,2083,10,27,NA,8.573902930324,21.8419610537168
2083-10-28 12:00:00,2083,10,28,NA,7.44926782939686,19.3251703803521
2083-10-29 12:00:00,2083,10,29,NA,6.39162770987485,19.5406980919515
2083-10-30 12:00:00,2083,10,30,NA,6.75410787369192,21.1942141119835
2083-10-31 12:00:00,2083,10,31,NA,6.61366690012787,14.58597541634
2083-11-01 12:00:00,2083,11,1,NA,6.83537004640536,19.7560430885657
2083-11-02 12:00:00,2083,11,2,NA,9.96174505992103,21.6136236549646
2083-11-03 12:00:00,2083,11,3,NA,7.85737445758949,14.6474170891182
2083-11-04 12:00:00,2083,11,4,NA,2.62943091726165,14.4156815455407
2083-11-05 12:00:00,2083,11,5,NA,0.212019496024084,22.7330763180511
2083-11-06 12:00:00,2083,11,6,NA,3.9306749861664,21.2946770058816
2083-11-07 12:00:00,2083,11,7,NA,4.66839581465431,14.6082924545958
2083-11-08 12:00:00,2083,11,8,NA,9.14222383243145,17.0134532335915
2083-11-09 12:00:00,2083,11,9,NA,7.85371103542657,21.2694831289169
2083-11-10 12:00:00,2083,11,10,NA,5.0726838209749,18.2304117971219
2083-11-11 12:00:00,2083,11,11,NA,6.54349963756563,18.5563491476383
2083-11-12 12:00:00,2083,11,12,NA,7.8576177050496,19.4821141630686
2083-11-13 12:00:00,2083,11,13,NA,12.3044373044487,21.625824472285
2083-11-14 12:00:00,2083,11,14,NA,10.9787604385835,18.9407462422383
2083-11-15 12:00:00,2083,11,15,NA,9.63795573316691,20.8864096016024
2083-11-16 12:00:00,2083,11,16,NA,7.94299262497142,14.1784087369482
2083-11-17 12:00:00,2083,11,17,NA,5.68286989217835,18.1075801334824
2083-11-18 12:00:00,2083,11,18,NA,4.77215074549949,17.4821577872296
2083-11-19 12:00:00,2083,11,19,NA,5.48017330813812,18.9377024722051
2083-11-20 12:00:00,2083,11,20,NA,3.88825532198918,18.3592681039781
2083-11-21 12:00:00,2083,11,21,NA,3.02552167032395,16.2531989399057
2083-11-22 12:00:00,2083,11,22,NA,0.524641238865845,15.8887860046263
2083-11-23 12:00:00,2083,11,23,NA,5.37996238040763,11.5000791885449
2083-11-24 12:00:00,2083,11,24,NA,2.48338334606897,15.420909749632
2083-11-25 12:00:00,2083,11,25,NA,2.22850110214603,13.30019832197
2083-11-26 12:00:00,2083,11,26,NA,0.161592646778572,9.40412478393865
2083-11-27 12:00:00,2083,11,27,NA,1.23325008550315,13.0175471406631
2083-11-28 12:00:00,2083,11,28,NA,0.480983482753042,16.3751047256139
2083-11-29 12:00:00,2083,11,29,NA,2.47180317178621,16.0829572351846
2083-11-30 12:00:00,2083,11,30,NA,3.4526331297157,18.1862677509419
2083-12-01 12:00:00,2083,12,1,NA,4.83327332034035,19.1544215884425
2083-12-02 12:00:00,2083,12,2,NA,5.7073018602115,18.0180493092112
2083-12-03 12:00:00,2083,12,3,NA,6.4477301935334,13.5598359613046
2083-12-04 12:00:00,2083,12,4,NA,2.81948844098894,9.80336270401741
2083-12-05 12:00:00,2083,12,5,NA,-1.1410127061686,8.17312942207218
2083-12-06 12:00:00,2083,12,6,NA,-1.74101563783204,6.38170991347907
2083-12-07 12:00:00,2083,12,7,NA,-0.0891920638042576,11.0272589627757
2083-12-08 12:00:00,2083,12,8,NA,-1.62891239349039,0.802079153250992
2083-12-09 12:00:00,2083,12,9,NA,-1.10173594889947,8.27524399723912
2083-12-10 12:00:00,2083,12,10,NA,-2.20012660304545,8.33092239658498
2083-12-11 12:00:00,2083,12,11,NA,-3.33553859798981,10.9436645771189
2083-12-12 12:00:00,2083,12,12,NA,-2.4171296299765,12.9772730408718
2083-12-13 12:00:00,2083,12,13,NA,-3.3420904813378,8.04711005694178
2083-12-14 12:00:00,2083,12,14,NA,-5.09778934064293,5.85532182369973
2083-12-15 12:00:00,2083,12,15,NA,-2.05605506355655,11.1387966490502
2083-12-16 12:00:00,2083,12,16,NA,0.696438152551139,9.81186940777467
2083-12-17 12:00:00,2083,12,17,NA,1.52814580059321,13.4884726942657
2083-12-18 12:00:00,2083,12,18,NA,-0.099760276551097,7.24025157920225
2083-12-19 12:00:00,2083,12,19,NA,-0.957617660127066,9.15182846352953
2083-12-20 12:00:00,2083,12,20,NA,-2.68990510304848,11.6541880496032
2083-12-21 12:00:00,2083,12,21,NA,-5.78797589024927,6.97767972738558
2083-12-22 12:00:00,2083,12,22,NA,-7.61618473825029,3.88899618243867
2083-12-23 12:00:00,2083,12,23,NA,-6.56603400377661,8.5850035756678
2083-12-24 12:00:00,2083,12,24,NA,-1.98512015321259,11.1895497472096
2083-12-25 12:00:00,2083,12,25,NA,-4.38698916393217,4.81616351451588
2083-12-26 12:00:00,2083,12,26,NA,-7.60259417028904,0.213254562496433
2083-12-27 12:00:00,2083,12,27,NA,-7.59910486054284,2.64683440719404
2083-12-28 12:00:00,2083,12,28,NA,-3.33385065878853,3.35150568259261
2083-12-29 12:00:00,2083,12,29,NA,-1.62332016208112,7.47838514698994
2083-12-30 12:00:00,2083,12,30,NA,-3.1539955998537,2.21193854667506
2083-12-31 12:00:00,2083,12,31,NA,-1.25598303298368,6.20677762949949
2084-01-01 12:00:00,2084,1,1,NA,-2.1356399271576,6.96606538191346
2084-01-02 12:00:00,2084,1,2,NA,0.813026209137865,4.63788292904867
2084-01-03 12:00:00,2084,1,3,NA,-2.10583139846374,7.05113941080417
2084-01-04 12:00:00,2084,1,4,NA,-5.69952038863938,8.03554979744518
2084-01-05 12:00:00,2084,1,5,NA,-6.15881559927422,6.95552374372739
2084-01-06 12:00:00,2084,1,6,NA,-3.66966465992507,4.57576874757847
2084-01-07 12:00:00,2084,1,7,NA,-2.72042393482822,6.22167565135346
2084-01-08 12:00:00,2084,1,8,NA,-3.8086370986789,1.42565644781442
2084-01-09 12:00:00,2084,1,9,NA,-8.48999644439946,-5.93203054304004
2084-01-10 12:00:00,2084,1,10,NA,-8.34260612667011,-6.30628789780102
2084-01-11 12:00:00,2084,1,11,NA,-13.4574253770698,-5.11404015525282
2084-01-12 12:00:00,2084,1,12,NA,-10.754294223644,3.09324908137493
2084-01-13 12:00:00,2084,1,13,NA,-7.32362947940387,2.74775556526824
2084-01-14 12:00:00,2084,1,14,NA,-7.36938131257237,2.39834663047313
2084-01-15 12:00:00,2084,1,15,NA,-5.93764698899224,4.18574674486067
2084-01-16 12:00:00,2084,1,16,NA,-8.30312180005906,0.844499969333758
2084-01-17 12:00:00,2084,1,17,NA,-6.39182277123057,4.75033634504246
2084-01-18 12:00:00,2084,1,18,NA,-7.78948100707827,0.271462297771455
2084-01-19 12:00:00,2084,1,19,NA,-7.01289873425184,5.52904094592866
2084-01-20 12:00:00,2084,1,20,NA,-5.70508120643027,6.87329213752023
2084-01-21 12:00:00,2084,1,21,NA,-3.91180326195632,7.87107137468516
2084-01-22 12:00:00,2084,1,22,NA,-6.48096421848217,5.66975187533026
2084-01-23 12:00:00,2084,1,23,NA,-4.57124569160811,2.48385373043708
2084-01-24 12:00:00,2084,1,24,NA,-4.85003130489451,5.93185542605456
2084-01-25 12:00:00,2084,1,25,NA,-6.17667098006312,5.59334279324885
2084-01-26 12:00:00,2084,1,26,NA,-9.7253134860459,6.90634403640432
2084-01-27 12:00:00,2084,1,27,NA,-3.30805428444642,8.95544352342952
2084-01-28 12:00:00,2084,1,28,NA,-2.38517018996684,7.14452931890516
2084-01-29 12:00:00,2084,1,29,NA,-6.67440454341166,0.710825293345616
2084-01-30 12:00:00,2084,1,30,NA,-5.73500865544147,4.09510589611688
2084-01-31 12:00:00,2084,1,31,NA,0.578889765369664,7.11662805714796
2084-02-01 12:00:00,2084,2,1,NA,1.38489246328951,8.84162317198911
2084-02-02 12:00:00,2084,2,2,NA,-0.710989059986932,13.7707843882404
2084-02-03 12:00:00,2084,2,3,NA,-1.02921193286257,13.7776431458652
2084-02-04 12:00:00,2084,2,4,NA,-1.76602147960409,13.2216283753137
2084-02-05 12:00:00,2084,2,5,NA,1.05441877556823,6.38159264061583
2084-02-06 12:00:00,2084,2,6,NA,-2.1352202783489,6.95629447613541
2084-02-07 12:00:00,2084,2,7,NA,-4.58650987902857,2.33794078287812
2084-02-08 12:00:00,2084,2,8,NA,-8.16956605306529,0.213036423838627
2084-02-09 12:00:00,2084,2,9,NA,-8.23017593546837,5.18780952378237
2084-02-10 12:00:00,2084,2,10,NA,-6.8331703578083,7.52257725620826
2084-02-11 12:00:00,2084,2,11,NA,-7.11014877655852,11.4506630956586
2084-02-12 12:00:00,2084,2,12,NA,-3.75381413029774,7.00223921667768
2084-02-13 12:00:00,2084,2,13,NA,-3.50312137760228,10.1897721258821
2084-02-14 12:00:00,2084,2,14,NA,-1.40801801290356,16.1268838942898
2084-02-15 12:00:00,2084,2,15,NA,2.27264561491202,16.4915044300531
2084-02-16 12:00:00,2084,2,16,NA,3.43091344381,12.2038548916603
2084-02-17 12:00:00,2084,2,17,NA,6.5680186878482,12.7869200663801
2084-02-18 12:00:00,2084,2,18,NA,5.60366125308645,8.21913984830518
2084-02-19 12:00:00,2084,2,19,NA,4.31551219442638,9.50184795251028
2084-02-20 12:00:00,2084,2,20,NA,2.06916222530179,10.263372291431
2084-02-21 12:00:00,2084,2,21,NA,-6.83895691929276,-2.68021003212886
2084-02-22 12:00:00,2084,2,22,NA,-6.71946659673426,-4.21805498483938
2084-02-23 12:00:00,2084,2,23,NA,-4.36518154861618,3.87542287125764
2084-02-24 12:00:00,2084,2,24,NA,-5.36129401941594,6.14146687204807
2084-02-25 12:00:00,2084,2,25,NA,-5.36702378965776,13.3947329076926
2084-02-26 12:00:00,2084,2,26,NA,0.206177712202345,9.80103036694729
2084-02-27 12:00:00,2084,2,27,NA,-0.701785727190702,11.9334770578237
2084-02-28 12:00:00,2084,2,28,NA,3.21037132827616,15.614676789156
2084-02-29 12:00:00,2084,2,29,NA,10.1741010302645,17.0779931672413
2084-03-01 12:00:00,2084,3,1,NA,5.57954391164691,13.9426159105448
2084-03-02 12:00:00,2084,3,2,NA,2.13014145044688,15.2942464353393
2084-03-03 12:00:00,2084,3,3,NA,0.470137877322053,15.8675473227642
2084-03-04 12:00:00,2084,3,4,NA,-0.10590731476715,15.0551979697916
2084-03-05 12:00:00,2084,3,5,NA,3.22471886436371,18.5178935055608
2084-03-06 12:00:00,2084,3,6,NA,3.31111850360562,17.8181901270143
2084-03-07 12:00:00,2084,3,7,NA,6.50977426306869,11.7002782389491
2084-03-08 12:00:00,2084,3,8,NA,6.61416045841922,11.1054257578212
2084-03-09 12:00:00,2084,3,9,NA,1.36067896702785,10.4068542195439
2084-03-10 12:00:00,2084,3,10,NA,2.93005276813053,10.6646640553532
2084-03-11 12:00:00,2084,3,11,NA,4.3025011195087,18.2235771191344
2084-03-12 12:00:00,2084,3,12,NA,2.58176729813844,18.0005937555409
2084-03-13 12:00:00,2084,3,13,NA,5.09486337409349,19.1822938111626
2084-03-14 12:00:00,2084,3,14,NA,2.58082561257167,14.3920730773961
2084-03-15 12:00:00,2084,3,15,NA,1.29973280967918,13.2841873592686
2084-03-16 12:00:00,2084,3,16,NA,2.56540749025704,17.2164328123619
2084-03-17 12:00:00,2084,3,17,NA,4.39403940563409,16.397064918312
2084-03-18 12:00:00,2084,3,18,NA,1.37957476251483,18.7899492665407
2084-03-19 12:00:00,2084,3,19,NA,3.3415140586129,16.9823810096925
2084-03-20 12:00:00,2084,3,20,NA,1.49383820241049,13.8578711018491
2084-03-21 12:00:00,2084,3,21,NA,2.03419660220311,17.3273712434002
2084-03-22 12:00:00,2084,3,22,NA,1.62067617541299,19.3012751731637
2084-03-23 12:00:00,2084,3,23,NA,1.80537183688383,18.4196225825299
2084-03-24 12:00:00,2084,3,24,NA,4.92740594785994,16.7158219434604
2084-03-25 12:00:00,2084,3,25,NA,8.85542101898982,15.2504772601297
2084-03-26 12:00:00,2084,3,26,NA,0.677387395529011,11.8185404185807
2084-03-27 12:00:00,2084,3,27,NA,1.4714851070862,12.626921365877
2084-03-28 12:00:00,2084,3,28,NA,4.65380083728674,22.7167192137137
2084-03-29 12:00:00,2084,3,29,NA,6.93710684695005,20.4146491628437
2084-03-30 12:00:00,2084,3,30,NA,5.85234361624945,21.6977785000126
2084-03-31 12:00:00,2084,3,31,NA,11.6732134344155,24.1310326424673
2084-04-01 12:00:00,2084,4,1,NA,9.76840057416413,24.4011087458355
2084-04-02 12:00:00,2084,4,2,NA,7.39001692465472,25.7129420030675
2084-04-03 12:00:00,2084,4,3,NA,6.94543044250095,18.7809751924422
2084-04-04 12:00:00,2084,4,4,NA,6.1418662923022,21.9787841196488
2084-04-05 12:00:00,2084,4,5,NA,6.85135897354718,15.1087051269743
2084-04-06 12:00:00,2084,4,6,NA,2.35249041702067,10.286744703005
2084-04-07 12:00:00,2084,4,7,NA,0.27176768407195,14.0253250529781
2084-04-08 12:00:00,2084,4,8,NA,-0.105686422510407,20.0149473649876
2084-04-09 12:00:00,2084,4,9,NA,6.20162779607996,20.0533361612233
2084-04-10 12:00:00,2084,4,10,NA,5.60924581036201,20.7795283223742
2084-04-11 12:00:00,2084,4,11,NA,7.1331761738214,24.4989143440999
2084-04-12 12:00:00,2084,4,12,NA,9.05035723242139,26.5162495902349
2084-04-13 12:00:00,2084,4,13,NA,11.3059667229056,27.1097555220336
2084-04-14 12:00:00,2084,4,14,NA,11.3018884632377,19.6840363976612
2084-04-15 12:00:00,2084,4,15,NA,10.3696111519599,13.3410614053891
2084-04-16 12:00:00,2084,4,16,NA,8.79143826727259,18.1176516178517
2084-04-17 12:00:00,2084,4,17,NA,6.3833497870288,20.6369062389048
2084-04-18 12:00:00,2084,4,18,NA,8.61901419445061,23.6315422703447
2084-04-19 12:00:00,2084,4,19,NA,13.3545129970235,22.5533231113773
2084-04-20 12:00:00,2084,4,20,NA,10.3509598168865,25.9936319504048
2084-04-21 12:00:00,2084,4,21,NA,11.9574562579784,27.8674329715884
2084-04-22 12:00:00,2084,4,22,NA,12.7814534664864,27.8142479276353
2084-04-23 12:00:00,2084,4,23,NA,12.0553348101169,25.9539018937967
2084-04-24 12:00:00,2084,4,24,NA,12.1043171400554,23.0202113595512
2084-04-25 12:00:00,2084,4,25,NA,10.9111389695627,25.3844396711271
2084-04-26 12:00:00,2084,4,26,NA,10.0430436071893,24.2247339513996
2084-04-27 12:00:00,2084,4,27,NA,12.3101206577663,30.30326668766
2084-04-28 12:00:00,2084,4,28,NA,13.6872287203677,27.0492559360139
2084-04-29 12:00:00,2084,4,29,NA,14.3656151342905,28.0692547118427
2084-04-30 12:00:00,2084,4,30,NA,13.3798574201333,30.4580523009537
2084-05-01 12:00:00,2084,5,1,NA,16.5106635369465,31.2541521240122
2084-05-02 12:00:00,2084,5,2,NA,13.4820306414527,26.1519060510749
2084-05-03 12:00:00,2084,5,3,NA,13.0960741445105,25.9960383959776
2084-05-04 12:00:00,2084,5,4,NA,12.6648926292078,28.3239551606179
2084-05-05 12:00:00,2084,5,5,NA,12.8129535381086,23.6301244344259
2084-05-06 12:00:00,2084,5,6,NA,13.0697743270994,24.1737355392653
2084-05-07 12:00:00,2084,5,7,NA,16.7211719421161,20.6363414263155
2084-05-08 12:00:00,2084,5,8,NA,14.063608109757,25.8072262569201
2084-05-09 12:00:00,2084,5,9,NA,14.2947313094359,30.3324867951333
2084-05-10 12:00:00,2084,5,10,NA,14.0661459536998,29.9336160056522
2084-05-11 12:00:00,2084,5,11,NA,16.3030806122504,29.4956235205391
2084-05-12 12:00:00,2084,5,12,NA,15.8419158889936,27.5338752787147
2084-05-13 12:00:00,2084,5,13,NA,19.8431877675694,23.9315618176811
2084-05-14 12:00:00,2084,5,14,NA,18.2862972681946,29.8150647229456
2084-05-15 12:00:00,2084,5,15,NA,16.4847901181414,27.3613023930508
2084-05-16 12:00:00,2084,5,16,NA,14.1091535501371,28.7867784026363
2084-05-17 12:00:00,2084,5,17,NA,16.9209203138125,26.7775272155397
2084-05-18 12:00:00,2084,5,18,NA,14.6634831329484,25.8494415708695
2084-05-19 12:00:00,2084,5,19,NA,9.60142329397613,26.5851198018519
2084-05-20 12:00:00,2084,5,20,NA,11.6387784103672,24.2920285852804
2084-05-21 12:00:00,2084,5,21,NA,13.0925265771049,23.4451060540782
2084-05-22 12:00:00,2084,5,22,NA,14.0260188976911,16.3617459757285
2084-05-23 12:00:00,2084,5,23,NA,12.0809569415579,15.9963049246602
2084-05-24 12:00:00,2084,5,24,NA,10.1306016015224,24.6552092830166
2084-05-25 12:00:00,2084,5,25,NA,14.7550525223615,28.6138100785793
2084-05-26 12:00:00,2084,5,26,NA,15.8780391505996,22.7312806411487
2084-05-27 12:00:00,2084,5,27,NA,16.839751710853,20.0677988077753
2084-05-28 12:00:00,2084,5,28,NA,16.0536294210432,21.6474541937539
2084-05-29 12:00:00,2084,5,29,NA,14.0955452000806,24.645146645121
2084-05-30 12:00:00,2084,5,30,NA,17.7248294920001,23.5916749743734
2084-05-31 12:00:00,2084,5,31,NA,15.474457454803,26.4518380969462
2084-06-01 12:00:00,2084,6,1,NA,14.4634947562477,33.0761590857465
2084-06-02 12:00:00,2084,6,2,NA,17.6244662538945,32.7954351774441
2084-06-03 12:00:00,2084,6,3,NA,20.0364231590741,31.0208887159342
2084-06-04 12:00:00,2084,6,4,NA,22.6992168424505,30.6072125279762
2084-06-05 12:00:00,2084,6,5,NA,23.2376488250279,28.2190086039136
2084-06-06 12:00:00,2084,6,6,NA,22.3178947593377,28.46221090903
2084-06-07 12:00:00,2084,6,7,NA,22.4755985986422,29.2669531174796
2084-06-08 12:00:00,2084,6,8,NA,21.7406979746818,28.8161954413871
2084-06-09 12:00:00,2084,6,9,NA,25.3252595419551,29.6811598869736
2084-06-10 12:00:00,2084,6,10,NA,24.383924067681,29.4353611424934
2084-06-11 12:00:00,2084,6,11,NA,24.9200899225971,29.4499030807133
2084-06-12 12:00:00,2084,6,12,NA,22.4690762893748,29.5699213789907
2084-06-13 12:00:00,2084,6,13,NA,23.1495944495934,28.6681511440007
2084-06-14 12:00:00,2084,6,14,NA,22.5601340344235,28.3690852897274
2084-06-15 12:00:00,2084,6,15,NA,18.6854612872492,25.5869563952763
2084-06-16 12:00:00,2084,6,16,NA,18.1001074728463,22.9557210202039
2084-06-17 12:00:00,2084,6,17,NA,15.1175848445416,25.2804178532886
2084-06-18 12:00:00,2084,6,18,NA,13.9285624228521,29.9621299698905
2084-06-19 12:00:00,2084,6,19,NA,17.1200629938668,31.1864647642558
2084-06-20 12:00:00,2084,6,20,NA,17.5480987573158,29.8791210025102
2084-06-21 12:00:00,2084,6,21,NA,18.4578512751498,30.6745134483957
2084-06-22 12:00:00,2084,6,22,NA,20.4961139616539,25.5475510364663
2084-06-23 12:00:00,2084,6,23,NA,20.3855112411372,30.256641281511
2084-06-24 12:00:00,2084,6,24,NA,18.4644056899178,28.0595017034223
2084-06-25 12:00:00,2084,6,25,NA,18.0556672991543,26.6345176879866
2084-06-26 12:00:00,2084,6,26,NA,18.3841864104288,24.8841566945485
2084-06-27 12:00:00,2084,6,27,NA,19.8042425666461,24.1541583081404
2084-06-28 12:00:00,2084,6,28,NA,19.5429445775044,25.78402569138
2084-06-29 12:00:00,2084,6,29,NA,20.3616292638119,28.0394039650624
2084-06-30 12:00:00,2084,6,30,NA,21.1473003101543,32.3701579699448
2084-07-01 12:00:00,2084,7,1,NA,22.3451265539312,27.3965636287436
2084-07-02 12:00:00,2084,7,2,NA,22.2089565039805,26.1031624333416
2084-07-03 12:00:00,2084,7,3,NA,22.3779686445314,32.8240950749127
2084-07-04 12:00:00,2084,7,4,NA,21.5128651926516,28.4479657733965
2084-07-05 12:00:00,2084,7,5,NA,21.981717003344,26.8671930008531
2084-07-06 12:00:00,2084,7,6,NA,22.3979465914216,28.682990026117
2084-07-07 12:00:00,2084,7,7,NA,22.1040889960143,29.835714618393
2084-07-08 12:00:00,2084,7,8,NA,24.6658379485679,33.1899926480256
2084-07-09 12:00:00,2084,7,9,NA,25.8964411839524,32.4726141167624
2084-07-10 12:00:00,2084,7,10,NA,24.4329806706712,30.5634082475018
2084-07-11 12:00:00,2084,7,11,NA,24.9234948284246,29.696354689622
2084-07-12 12:00:00,2084,7,12,NA,27.3608918732996,29.3164581981473
2084-07-13 12:00:00,2084,7,13,NA,25.2038704047145,29.3522978384522
2084-07-14 12:00:00,2084,7,14,NA,24.9520012847394,31.6780948050987
2084-07-15 12:00:00,2084,7,15,NA,24.9675571609076,34.4996724024614
2084-07-16 12:00:00,2084,7,16,NA,23.1699318501858,28.7259897874054
2084-07-17 12:00:00,2084,7,17,NA,21.764498861077,28.2261309201126
2084-07-18 12:00:00,2084,7,18,NA,22.7406810238319,32.7055304242057
2084-07-19 12:00:00,2084,7,19,NA,24.6819628683865,32.9402822469618
2084-07-20 12:00:00,2084,7,20,NA,22.4069611540098,32.105811841328
2084-07-21 12:00:00,2084,7,21,NA,23.1408572030805,34.7590759667878
2084-07-22 12:00:00,2084,7,22,NA,19.3439935090407,30.465816142956
2084-07-23 12:00:00,2084,7,23,NA,22.5521805746252,35.2291250304225
2084-07-24 12:00:00,2084,7,24,NA,25.8815453559963,34.6156384072104
2084-07-25 12:00:00,2084,7,25,NA,27.7306163800771,33.7363487565217
2084-07-26 12:00:00,2084,7,26,NA,28.1370257059758,32.2110696996274
2084-07-27 12:00:00,2084,7,27,NA,27.0159160015455,31.6947751437268
2084-07-28 12:00:00,2084,7,28,NA,25.121218753876,31.2097813937037
2084-07-29 12:00:00,2084,7,29,NA,28.3550643696685,33.4068713836725
2084-07-30 12:00:00,2084,7,30,NA,26.4713498760331,32.6484441106737
2084-07-31 12:00:00,2084,7,31,NA,26.6722377952111,28.2585946097348
2084-08-01 12:00:00,2084,8,1,NA,25.1701693961501,31.1538075457602
2084-08-02 12:00:00,2084,8,2,NA,24.6262085017212,34.2264534250986
2084-08-03 12:00:00,2084,8,3,NA,24.2658034404002,33.8210409916416
2084-08-04 12:00:00,2084,8,4,NA,26.062027394693,31.3575436057149
2084-08-05 12:00:00,2084,8,5,NA,21.182074479021,29.201104570614
2084-08-06 12:00:00,2084,8,6,NA,21.7787805072708,31.3773021895215
2084-08-07 12:00:00,2084,8,7,NA,21.407794886047,27.175064260861
2084-08-08 12:00:00,2084,8,8,NA,20.6981469341753,32.2380913515801
2084-08-09 12:00:00,2084,8,9,NA,20.4338378509059,30.9983850821409
2084-08-10 12:00:00,2084,8,10,NA,20.0593850301265,29.656203719582
2084-08-11 12:00:00,2084,8,11,NA,24.9926640275811,32.7945515662801
2084-08-12 12:00:00,2084,8,12,NA,25.1081721203984,35.6630431021462
2084-08-13 12:00:00,2084,8,13,NA,25.8436071164927,32.8942335032972
2084-08-14 12:00:00,2084,8,14,NA,23.0740125088876,31.717241784532
2084-08-15 12:00:00,2084,8,15,NA,24.8939232537599,34.0326231811214
2084-08-16 12:00:00,2084,8,16,NA,24.1763655682312,33.201861815218
2084-08-17 12:00:00,2084,8,17,NA,24.0345203611607,32.2216084507254
2084-08-18 12:00:00,2084,8,18,NA,22.2396878605319,31.1694963052606
2084-08-19 12:00:00,2084,8,19,NA,23.122776248796,31.7962388753523
2084-08-20 12:00:00,2084,8,20,NA,23.6507419643087,34.7830034370263
2084-08-21 12:00:00,2084,8,21,NA,24.9673704601802,34.977806159486
2084-08-22 12:00:00,2084,8,22,NA,24.8183084771942,32.4976762143202
2084-08-23 12:00:00,2084,8,23,NA,25.4056415454895,34.4874361379875
2084-08-24 12:00:00,2084,8,24,NA,26.6877078192673,30.9132875036894
2084-08-25 12:00:00,2084,8,25,NA,27.0227275894196,32.3053549423993
2084-08-26 12:00:00,2084,8,26,NA,24.1664535886511,34.7244237912905
2084-08-27 12:00:00,2084,8,27,NA,25.3224472724752,32.4249793895744
2084-08-28 12:00:00,2084,8,28,NA,24.2151105735693,31.0500878855777
2084-08-29 12:00:00,2084,8,29,NA,28.5934958940105,31.262559922865
2084-08-30 12:00:00,2084,8,30,NA,27.4212628532352,30.2011900968836
2084-08-31 12:00:00,2084,8,31,NA,25.6993481856844,34.3359542332284
2084-09-01 12:00:00,2084,9,1,NA,25.2554817509785,30.9167790849254
2084-09-02 12:00:00,2084,9,2,NA,21.9971172744081,30.1586074847386
2084-09-03 12:00:00,2084,9,3,NA,20.7997492987555,31.5361133410555
2084-09-04 12:00:00,2084,9,4,NA,20.5456575194915,31.910035163727
2084-09-05 12:00:00,2084,9,5,NA,20.9939038904784,32.4935033137214
2084-09-06 12:00:00,2084,9,6,NA,22.4652974482067,32.066375345747
2084-09-07 12:00:00,2084,9,7,NA,24.3287669795952,29.5095731715966
2084-09-08 12:00:00,2084,9,8,NA,26.8266504336204,30.5603230377636
2084-09-09 12:00:00,2084,9,9,NA,23.8596446386389,33.7846999446499
2084-09-10 12:00:00,2084,9,10,NA,22.4346122013898,33.2793541079028
2084-09-11 12:00:00,2084,9,11,NA,22.8896522597663,37.2622752274513
2084-09-12 12:00:00,2084,9,12,NA,21.5807696356722,34.5509648370879
2084-09-13 12:00:00,2084,9,13,NA,19.8859216136295,29.7231766607388
2084-09-14 12:00:00,2084,9,14,NA,19.7561592592616,29.7499834868684
2084-09-15 12:00:00,2084,9,15,NA,18.7152116218592,29.9343531903178
2084-09-16 12:00:00,2084,9,16,NA,18.3617025722614,28.4519027827272
2084-09-17 12:00:00,2084,9,17,NA,17.8660182192623,31.3332570338962
2084-09-18 12:00:00,2084,9,18,NA,18.1741361696618,28.2745076382918
2084-09-19 12:00:00,2084,9,19,NA,20.6645954019588,28.2513491108053
2084-09-20 12:00:00,2084,9,20,NA,17.8677715820607,29.0035713362284
2084-09-21 12:00:00,2084,9,21,NA,16.2806636830293,27.126607804637
2084-09-22 12:00:00,2084,9,22,NA,16.5067272353994,29.6245609366378
2084-09-23 12:00:00,2084,9,23,NA,17.3219767790074,28.6461983648702
2084-09-24 12:00:00,2084,9,24,NA,18.0430023437132,28.7375819593312
2084-09-25 12:00:00,2084,9,25,NA,16.6536532781263,29.7708186579702
2084-09-26 12:00:00,2084,9,26,NA,16.8792372793131,29.3531867943631
2084-09-27 12:00:00,2084,9,27,NA,15.5289971555276,28.3734014037499
2084-09-28 12:00:00,2084,9,28,NA,18.2984172315881,28.9552081951984
2084-09-29 12:00:00,2084,9,29,NA,16.3488694353765,29.8161082500105
2084-09-30 12:00:00,2084,9,30,NA,18.2113774158294,30.6737573742602
2084-10-01 12:00:00,2084,10,1,NA,20.9218958016291,31.4582492517323
2084-10-02 12:00:00,2084,10,2,NA,21.9655102028891,33.8634390247898
2084-10-03 12:00:00,2084,10,3,NA,22.250754216373,25.2752382438579
2084-10-04 12:00:00,2084,10,4,NA,20.7665714569739,24.7359645385979
2084-10-05 12:00:00,2084,10,5,NA,18.0820201783349,26.8725103824547
2084-10-06 12:00:00,2084,10,6,NA,15.9378126559142,27.3007625294334
2084-10-07 12:00:00,2084,10,7,NA,16.3815081322387,27.559821104337
2084-10-08 12:00:00,2084,10,8,NA,18.8793333304317,22.8700549361143
2084-10-09 12:00:00,2084,10,9,NA,17.9981376100897,24.01594436491
2084-10-10 12:00:00,2084,10,10,NA,15.8225107094058,19.8278789359516
2084-10-11 12:00:00,2084,10,11,NA,13.2986271250776,24.2967459274542
2084-10-12 12:00:00,2084,10,12,NA,11.7232296117153,20.7579979590966
2084-10-13 12:00:00,2084,10,13,NA,12.2360026344747,25.0753943954718
2084-10-14 12:00:00,2084,10,14,NA,12.3933292840445,26.1974891024891
2084-10-15 12:00:00,2084,10,15,NA,11.7067354225523,25.7490706534707
2084-10-16 12:00:00,2084,10,16,NA,11.0966036042185,26.8314424978174
2084-10-17 12:00:00,2084,10,17,NA,10.0516503969205,24.1672879415027
2084-10-18 12:00:00,2084,10,18,NA,11.1928247753604,24.7005950817372
2084-10-19 12:00:00,2084,10,19,NA,13.0659560186857,22.744466917499
2084-10-20 12:00:00,2084,10,20,NA,11.3307586632924,25.2460893375689
2084-10-21 12:00:00,2084,10,21,NA,16.5793164637256,21.0679329912125
2084-10-22 12:00:00,2084,10,22,NA,13.9716533839966,20.2931622329119
2084-10-23 12:00:00,2084,10,23,NA,11.0928243034011,15.95788765793
2084-10-24 12:00:00,2084,10,24,NA,9.25274333794506,21.4045072071589
2084-10-25 12:00:00,2084,10,25,NA,10.9329256563506,23.2774992458224
2084-10-26 12:00:00,2084,10,26,NA,11.6499736557403,23.3971479865475
2084-10-27 12:00:00,2084,10,27,NA,12.1643613290866,19.1772730885061
2084-10-28 12:00:00,2084,10,28,NA,8.31155811952855,18.9928495119575
2084-10-29 12:00:00,2084,10,29,NA,7.99459316453219,14.0116902478255
2084-10-30 12:00:00,2084,10,30,NA,5.96362282264037,20.4575609902906
2084-10-31 12:00:00,2084,10,31,NA,6.76910264091234,19.1196661353186
2084-11-01 12:00:00,2084,11,1,NA,7.30483717509712,19.0658367662311
2084-11-02 12:00:00,2084,11,2,NA,6.57099489226183,17.4671080016841
2084-11-03 12:00:00,2084,11,3,NA,6.59699981116524,16.7080677348023
2084-11-04 12:00:00,2084,11,4,NA,4.59912866160254,17.1612880158998
2084-11-05 12:00:00,2084,11,5,NA,3.18351031125107,8.3557985550336
2084-11-06 12:00:00,2084,11,6,NA,-1.67543103674595,9.57302283168957
2084-11-07 12:00:00,2084,11,7,NA,-1.84730226730916,7.12821694980273
2084-11-08 12:00:00,2084,11,8,NA,-0.87764747197106,4.16370234337629
2084-11-09 12:00:00,2084,11,9,NA,2.02128721875835,7.41675442360238
2084-11-10 12:00:00,2084,11,10,NA,-1.21350370441708,11.3133596002369
2084-11-11 12:00:00,2084,11,11,NA,6.97421701479091,17.9605634697639
2084-11-12 12:00:00,2084,11,12,NA,6.18673546929536,18.5863535153634
2084-11-13 12:00:00,2084,11,13,NA,8.26539612551781,16.718550122054
2084-11-14 12:00:00,2084,11,14,NA,8.00413809749328,16.266355136866
2084-11-15 12:00:00,2084,11,15,NA,3.7968194688375,17.2739530099628
2084-11-16 12:00:00,2084,11,16,NA,1.7996972385213,11.1176814767931
2084-11-17 12:00:00,2084,11,17,NA,4.21999862229664,14.5754434764773
2084-11-18 12:00:00,2084,11,18,NA,2.61396160074175,9.74990259615024
2084-11-19 12:00:00,2084,11,19,NA,4.26600849903204,17.2716525196766
2084-11-20 12:00:00,2084,11,20,NA,5.03267575765771,17.8559492843111
2084-11-21 12:00:00,2084,11,21,NA,9.25327518664329,17.3176358774061
2084-11-22 12:00:00,2084,11,22,NA,4.27056749993469,15.0209356653603
2084-11-23 12:00:00,2084,11,23,NA,4.03500109660912,14.9982168767709
2084-11-24 12:00:00,2084,11,24,NA,4.20546152838228,8.27729697989094
2084-11-25 12:00:00,2084,11,25,NA,3.74858874806058,11.8443928631214
2084-11-26 12:00:00,2084,11,26,NA,2.21316264231484,8.86812619105167
2084-11-27 12:00:00,2084,11,27,NA,1.98709331323607,16.1580260828356
2084-11-28 12:00:00,2084,11,28,NA,1.66214305844495,15.1348254928887
2084-11-29 12:00:00,2084,11,29,NA,1.39998883363414,16.0021195199478
2084-11-30 12:00:00,2084,11,30,NA,2.82747106131281,15.2573949434108
2084-12-01 12:00:00,2084,12,1,NA,1.44526476128538,16.7904390276845
2084-12-02 12:00:00,2084,12,2,NA,5.79394708484985,16.2774004939548
2084-12-03 12:00:00,2084,12,3,NA,7.57238042777325,14.8754823092259
2084-12-04 12:00:00,2084,12,4,NA,2.98651574072881,10.742886262795
2084-12-05 12:00:00,2084,12,5,NA,3.79037925961517,10.0673846939914
2084-12-06 12:00:00,2084,12,6,NA,1.51856580136009,9.76826107303071
2084-12-07 12:00:00,2084,12,7,NA,-1.12575547992917,14.0477976208483
2084-12-08 12:00:00,2084,12,8,NA,2.44635945215632,9.7863649869789
2084-12-09 12:00:00,2084,12,9,NA,2.92878047387433,13.6411757259375
2084-12-10 12:00:00,2084,12,10,NA,2.79346089622607,13.1238919825637
2084-12-11 12:00:00,2084,12,11,NA,3.05380835067908,7.03859486974168
2084-12-12 12:00:00,2084,12,12,NA,0.250435576610736,9.23950499699408
2084-12-13 12:00:00,2084,12,13,NA,1.48784892530748,8.14000422734361
2084-12-14 12:00:00,2084,12,14,NA,-1.85454666827056,7.87708420824445
2084-12-15 12:00:00,2084,12,15,NA,-3.16367273876467,2.56222562065998
2084-12-16 12:00:00,2084,12,16,NA,-2.89779729857553,6.98162905982134
2084-12-17 12:00:00,2084,12,17,NA,0.68680429058587,8.64631888647369
2084-12-18 12:00:00,2084,12,18,NA,-0.800954678016387,6.49013697405326
2084-12-19 12:00:00,2084,12,19,NA,3.76261866033557,8.8975045731417
2084-12-20 12:00:00,2084,12,20,NA,7.52467537926145,11.133318770608
2084-12-21 12:00:00,2084,12,21,NA,1.69731986579403,8.85639175709882
2084-12-22 12:00:00,2084,12,22,NA,-0.657261221000752,8.03950131746971
2084-12-23 12:00:00,2084,12,23,NA,-4.74712577961261,0.568851160916434
2084-12-24 12:00:00,2084,12,24,NA,-4.87675296712758,-0.445782355587383
2084-12-25 12:00:00,2084,12,25,NA,-3.55864339785926,-2.24804368425834
2084-12-26 12:00:00,2084,12,26,NA,-5.14964595548365,-0.916245507325211
2084-12-27 12:00:00,2084,12,27,NA,-2.26468433690043,6.8234068233308
2084-12-28 12:00:00,2084,12,28,NA,-1.9305402908788,9.4905860790064
2084-12-29 12:00:00,2084,12,29,NA,-0.714405194640295,9.38955917405233
2084-12-30 12:00:00,2084,12,30,NA,1.96754066669679,12.0742592559911
2084-12-31 12:00:00,2084,12,31,NA,-1.54789585638238,3.59124358114444
2085-01-01 12:00:00,2085,1,1,NA,-6.8352184232957,7.19280670989454
2085-01-02 12:00:00,2085,1,2,NA,-0.60198585375695,10.734330126431
2085-01-03 12:00:00,2085,1,3,NA,-1.15814899715827,6.66710770235776
2085-01-04 12:00:00,2085,1,4,NA,-3.56864540981315,4.97627026010777
2085-01-05 12:00:00,2085,1,5,NA,-5.41358573452388,6.83776066005239
2085-01-06 12:00:00,2085,1,6,NA,-4.95479176014151,3.82233686874703
2085-01-07 12:00:00,2085,1,7,NA,-6.63656178836443,-0.676250253338938
2085-01-08 12:00:00,2085,1,8,NA,-4.71672941310768,2.44171740579051
2085-01-09 12:00:00,2085,1,9,NA,-2.99209181146275,5.90065838646061
2085-01-10 12:00:00,2085,1,10,NA,-3.57794447320248,6.01194450841999
2085-01-11 12:00:00,2085,1,11,NA,-4.84490630369723,8.06735549203234
2085-01-12 12:00:00,2085,1,12,NA,-5.60993038491012,6.76725904817455
2085-01-13 12:00:00,2085,1,13,NA,-4.61821101090046,10.8477467998378
2085-01-14 12:00:00,2085,1,14,NA,-4.38454909602111,6.36770680022808
2085-01-15 12:00:00,2085,1,15,NA,-4.19879745484836,2.7646358577592
2085-01-16 12:00:00,2085,1,16,NA,-3.83490733945448,3.26329145633559
2085-01-17 12:00:00,2085,1,17,NA,-2.77186218015887,7.03092873608556
2085-01-18 12:00:00,2085,1,18,NA,-1.82924004031786,8.35070041280398
2085-01-19 12:00:00,2085,1,19,NA,-2.3127927158909,8.73248676258235
2085-01-20 12:00:00,2085,1,20,NA,0.67017030181721,7.84330981449731
2085-01-21 12:00:00,2085,1,21,NA,5.98031053946782,11.6545573890809
2085-01-22 12:00:00,2085,1,22,NA,4.12723446638997,10.5854665442535
2085-01-23 12:00:00,2085,1,23,NA,0.536706415920919,11.7642412312511
2085-01-24 12:00:00,2085,1,24,NA,1.53493357837064,6.58047755671622
2085-01-25 12:00:00,2085,1,25,NA,-2.88370739705749,6.20191487725508
2085-01-26 12:00:00,2085,1,26,NA,-0.820116677943952,5.86968848548552
2085-01-27 12:00:00,2085,1,27,NA,-1.73759052271598,9.56750687446714
2085-01-28 12:00:00,2085,1,28,NA,-5.067293903885,0.900644577093165
2085-01-29 12:00:00,2085,1,29,NA,-7.59878794173627,4.66758413183799
2085-01-30 12:00:00,2085,1,30,NA,-10.0480715857737,9.07245267591136
2085-01-31 12:00:00,2085,1,31,NA,-6.6338433179296,9.8271768448347
2085-02-01 12:00:00,2085,2,1,NA,-5.03156105797288,7.9303261887448
2085-02-02 12:00:00,2085,2,2,NA,-3.14769370868197,4.55964280330366
2085-02-03 12:00:00,2085,2,3,NA,0.0816639200873479,4.15335168945277
2085-02-04 12:00:00,2085,2,4,NA,-3.00134084686642,2.79464781999902
2085-02-05 12:00:00,2085,2,5,NA,1.76552543356517,7.56011870793218
2085-02-06 12:00:00,2085,2,6,NA,0.176476441620748,12.1930795409058
2085-02-07 12:00:00,2085,2,7,NA,-5.70390466213094,5.1648819075275
2085-02-08 12:00:00,2085,2,8,NA,-5.55640917303079,9.25044590569698
2085-02-09 12:00:00,2085,2,9,NA,-3.80423320728277,5.08247424733405
2085-02-10 12:00:00,2085,2,10,NA,-9.0133553309396,-0.259994875810215
2085-02-11 12:00:00,2085,2,11,NA,-8.62343383978993,3.5911590217454
2085-02-12 12:00:00,2085,2,12,NA,-4.8966258676557,9.35917743123037
2085-02-13 12:00:00,2085,2,13,NA,-2.99233495550934,14.4139492090115
2085-02-14 12:00:00,2085,2,14,NA,-0.120123860503535,14.3852904267563
2085-02-15 12:00:00,2085,2,15,NA,5.04420876841378,18.729025907716
2085-02-16 12:00:00,2085,2,16,NA,4.80416672708669,12.8853050687573
2085-02-17 12:00:00,2085,2,17,NA,7.3232374532673,12.5377874033035
2085-02-18 12:00:00,2085,2,18,NA,3.39170904251236,13.3825817545335
2085-02-19 12:00:00,2085,2,19,NA,1.38032194604022,10.6328808997174
2085-02-20 12:00:00,2085,2,20,NA,2.15539473652314,14.1663916566485
2085-02-21 12:00:00,2085,2,21,NA,4.03725026008465,16.4224217597692
2085-02-22 12:00:00,2085,2,22,NA,4.94626628500396,18.5335852878522
2085-02-23 12:00:00,2085,2,23,NA,8.28170755186615,17.2526828914354
2085-02-24 12:00:00,2085,2,24,NA,3.02914600598053,9.27162100636188
2085-02-25 12:00:00,2085,2,25,NA,3.55178137217941,14.959381996301
2085-02-26 12:00:00,2085,2,26,NA,8.3022391910607,12.0873151559105
2085-02-27 12:00:00,2085,2,27,NA,4.73622528783057,9.7866082080938
2085-02-28 12:00:00,2085,2,28,NA,8.20084806130345,15.1254052284153
2085-03-01 12:00:00,2085,3,1,NA,4.00682152224138,9.0572044425046
2085-03-02 12:00:00,2085,3,2,NA,1.16427654692866,11.6406062101846
2085-03-03 12:00:00,2085,3,3,NA,0.573758542187089,14.0417702897149
2085-03-04 12:00:00,2085,3,4,NA,0.483615883967272,9.58543699231601
2085-03-05 12:00:00,2085,3,5,NA,-0.780227030588262,15.1455609214815
2085-03-06 12:00:00,2085,3,6,NA,0.366113038450404,18.4040993463911
2085-03-07 12:00:00,2085,3,7,NA,1.75715320468974,13.8882235838835
2085-03-08 12:00:00,2085,3,8,NA,1.12981933061593,11.7630397490031
2085-03-09 12:00:00,2085,3,9,NA,-7.10139307241704,9.5353262693039
2085-03-10 12:00:00,2085,3,10,NA,-7.71257459532827,9.37960483386037
2085-03-11 12:00:00,2085,3,11,NA,-0.0187357353685824,12.9202338467271
2085-03-12 12:00:00,2085,3,12,NA,2.59718387968663,9.06290953665058
2085-03-13 12:00:00,2085,3,13,NA,-2.5555067545727,14.8548677494532
2085-03-14 12:00:00,2085,3,14,NA,-0.614412137054995,8.06801586370831
2085-03-15 12:00:00,2085,3,15,NA,-0.308649590503509,10.1278471329286
2085-03-16 12:00:00,2085,3,16,NA,-2.78105924272187,13.8548926254156
2085-03-17 12:00:00,2085,3,17,NA,1.43480275264048,13.4868909726048
2085-03-18 12:00:00,2085,3,18,NA,3.54227292060264,15.5396946607559
2085-03-19 12:00:00,2085,3,19,NA,10.0257486030817,17.4847323145398
2085-03-20 12:00:00,2085,3,20,NA,4.84168896499119,15.1910630639888
2085-03-21 12:00:00,2085,3,21,NA,2.08877022494927,11.1943846282643
2085-03-22 12:00:00,2085,3,22,NA,2.38932926461184,12.7974967962407
2085-03-23 12:00:00,2085,3,23,NA,1.77080657387489,15.2388183214027
2085-03-24 12:00:00,2085,3,24,NA,1.01852863245297,12.9934914105262
2085-03-25 12:00:00,2085,3,25,NA,2.9904478412474,16.5282999954417
2085-03-26 12:00:00,2085,3,26,NA,3.82778977015225,19.8036538805687
2085-03-27 12:00:00,2085,3,27,NA,5.98403899179511,16.433052915463
2085-03-28 12:00:00,2085,3,28,NA,9.60715125036831,19.6667388915878
2085-03-29 12:00:00,2085,3,29,NA,11.8639596840011,20.5678435828156
2085-03-30 12:00:00,2085,3,30,NA,12.768126003158,20.7187765617451
2085-03-31 12:00:00,2085,3,31,NA,9.12823392044822,17.1637038541461
2085-04-01 12:00:00,2085,4,1,NA,8.87642130219433,17.4170795788298
2085-04-02 12:00:00,2085,4,2,NA,6.34306958289345,9.60071333418466
2085-04-03 12:00:00,2085,4,3,NA,0.522679389803924,11.455939334094
2085-04-04 12:00:00,2085,4,4,NA,4.14860114778412,9.22918022025168
2085-04-05 12:00:00,2085,4,5,NA,0.391722960575695,17.0996138887821
2085-04-06 12:00:00,2085,4,6,NA,2.39208481154618,17.2837029325173
2085-04-07 12:00:00,2085,4,7,NA,4.84094345226879,22.2066816225473
2085-04-08 12:00:00,2085,4,8,NA,6.93647235268257,22.6387484642877
2085-04-09 12:00:00,2085,4,9,NA,10.2233460057367,21.0806727285497
2085-04-10 12:00:00,2085,4,10,NA,6.23958134989418,20.0428962008779
2085-04-11 12:00:00,2085,4,11,NA,8.19642279835072,23.9177103949068
2085-04-12 12:00:00,2085,4,12,NA,9.42910868423359,21.0152684821513
2085-04-13 12:00:00,2085,4,13,NA,8.1565673369234,22.0659127679301
2085-04-14 12:00:00,2085,4,14,NA,5.98948188511997,17.7647281177768
2085-04-15 12:00:00,2085,4,15,NA,8.80480548312521,20.7391052214872
2085-04-16 12:00:00,2085,4,16,NA,6.76264220487903,24.5181510502601
2085-04-17 12:00:00,2085,4,17,NA,17.0502791235225,23.4930132216322
2085-04-18 12:00:00,2085,4,18,NA,13.3889142527753,26.1493651758745
2085-04-19 12:00:00,2085,4,19,NA,9.25688684179909,24.2694149176932
2085-04-20 12:00:00,2085,4,20,NA,12.0278188370143,25.8446282659392
2085-04-21 12:00:00,2085,4,21,NA,12.6729425025755,26.4198439128422
2085-04-22 12:00:00,2085,4,22,NA,11.709723465393,22.59141729908
2085-04-23 12:00:00,2085,4,23,NA,9.06952857544775,17.6763558190522
2085-04-24 12:00:00,2085,4,24,NA,15.4079664421513,25.1838543167464
2085-04-25 12:00:00,2085,4,25,NA,15.4701656195083,26.1522156101455
2085-04-26 12:00:00,2085,4,26,NA,17.1873373772535,28.0020871955757
2085-04-27 12:00:00,2085,4,27,NA,14.9285994804776,20.7753150405961
2085-04-28 12:00:00,2085,4,28,NA,11.3008711427303,22.1050236678963
2085-04-29 12:00:00,2085,4,29,NA,11.3454040018832,21.5347827200379
2085-04-30 12:00:00,2085,4,30,NA,9.7610313511932,20.4299680594329
2085-05-01 12:00:00,2085,5,1,NA,11.1093821081419,24.7393970891112
2085-05-02 12:00:00,2085,5,2,NA,13.7575977007799,19.6294567683892
2085-05-03 12:00:00,2085,5,3,NA,12.7716785916546,20.3716265296737
2085-05-04 12:00:00,2085,5,4,NA,13.3643531204935,24.3859612009361
2085-05-05 12:00:00,2085,5,5,NA,18.3812324989824,22.7099384557156
2085-05-06 12:00:00,2085,5,6,NA,16.7455027723644,25.9319757474508
2085-05-07 12:00:00,2085,5,7,NA,14.8581126436251,24.7454868936923
2085-05-08 12:00:00,2085,5,8,NA,12.1870050512105,24.9497807130678
2085-05-09 12:00:00,2085,5,9,NA,13.1185959695151,19.5769187041154
2085-05-10 12:00:00,2085,5,10,NA,11.1971351284628,24.5628796480347
2085-05-11 12:00:00,2085,5,11,NA,13.0162265550512,26.7151552149441
2085-05-12 12:00:00,2085,5,12,NA,12.1244286595837,20.9962638111713
2085-05-13 12:00:00,2085,5,13,NA,13.9963280608024,24.8288740132098
2085-05-14 12:00:00,2085,5,14,NA,14.8423727162496,26.9605976660885
2085-05-15 12:00:00,2085,5,15,NA,15.1974129319186,28.2433816199944
2085-05-16 12:00:00,2085,5,16,NA,15.4316112584569,32.6501634791295
2085-05-17 12:00:00,2085,5,17,NA,16.138237441658,29.9897644875102
2085-05-18 12:00:00,2085,5,18,NA,19.2980780141816,27.8283109077504
2085-05-19 12:00:00,2085,5,19,NA,14.7934631183347,25.8095061049136
2085-05-20 12:00:00,2085,5,20,NA,16.7881858565707,27.1614983313641
2085-05-21 12:00:00,2085,5,21,NA,16.1836194745416,28.8419587803867
2085-05-22 12:00:00,2085,5,22,NA,17.5533366880872,27.3100457765908
2085-05-23 12:00:00,2085,5,23,NA,13.680171969669,22.4943089471742
2085-05-24 12:00:00,2085,5,24,NA,13.5398217720295,28.253326414886
2085-05-25 12:00:00,2085,5,25,NA,18.0117969450845,28.8746382918195
2085-05-26 12:00:00,2085,5,26,NA,17.5142561833956,21.2074941422759
2085-05-27 12:00:00,2085,5,27,NA,13.2936512770584,18.8511236962805
2085-05-28 12:00:00,2085,5,28,NA,11.8674682782151,25.7895172592251
2085-05-29 12:00:00,2085,5,29,NA,13.3782099451766,31.1526743296161
2085-05-30 12:00:00,2085,5,30,NA,16.5705659390681,33.3238125622208
2085-05-31 12:00:00,2085,5,31,NA,12.9564217682353,26.6553504281281
2085-06-01 12:00:00,2085,6,1,NA,12.4997787403896,26.7041160206776
2085-06-02 12:00:00,2085,6,2,NA,14.0349210602854,24.7995355547667
2085-06-03 12:00:00,2085,6,3,NA,14.9657361911414,26.9653031429697
2085-06-04 12:00:00,2085,6,4,NA,17.0783433497555,23.1210729893919
2085-06-05 12:00:00,2085,6,5,NA,16.8052050115417,27.9040987907289
2085-06-06 12:00:00,2085,6,6,NA,17.9943092264248,23.0740578141805
2085-06-07 12:00:00,2085,6,7,NA,15.1477749222483,27.1585188615279
2085-06-08 12:00:00,2085,6,8,NA,15.9663514277549,30.5372013183144
2085-06-09 12:00:00,2085,6,9,NA,17.1920833499513,28.2577454500154
2085-06-10 12:00:00,2085,6,10,NA,18.063327164077,27.8083537762477
2085-06-11 12:00:00,2085,6,11,NA,18.6976032061501,28.1335302914349
2085-06-12 12:00:00,2085,6,12,NA,19.2887533228771,27.5641121107734
2085-06-13 12:00:00,2085,6,13,NA,18.0014416468652,21.1297839854038
2085-06-14 12:00:00,2085,6,14,NA,17.456021725422,23.2446852052551
2085-06-15 12:00:00,2085,6,15,NA,17.7221174907449,21.969266206446
2085-06-16 12:00:00,2085,6,16,NA,16.9716704469242,27.0814459529013
2085-06-17 12:00:00,2085,6,17,NA,16.881405090113,30.441099989351
2085-06-18 12:00:00,2085,6,18,NA,22.3511079700485,25.479450308587
2085-06-19 12:00:00,2085,6,19,NA,20.09687897395,26.1396086135863
2085-06-20 12:00:00,2085,6,20,NA,19.1538553213151,24.5536807300286
2085-06-21 12:00:00,2085,6,21,NA,19.3027865342496,26.3447906213096
2085-06-22 12:00:00,2085,6,22,NA,19.4607415931526,30.9411175360135
2085-06-23 12:00:00,2085,6,23,NA,18.1278954555768,27.7880081862655
2085-06-24 12:00:00,2085,6,24,NA,20.2928767752178,25.811433469625
2085-06-25 12:00:00,2085,6,25,NA,19.6831087320484,31.4830184669533
2085-06-26 12:00:00,2085,6,26,NA,24.9026111116588,27.7979582660409
2085-06-27 12:00:00,2085,6,27,NA,22.4950252803231,32.7761647570581
2085-06-28 12:00:00,2085,6,28,NA,21.2878889508465,33.8239503011225
2085-06-29 12:00:00,2085,6,29,NA,21.4196933046842,31.7428940633692
2085-06-30 12:00:00,2085,6,30,NA,21.772620582576,33.3780410124694
2085-07-01 12:00:00,2085,7,1,NA,20.6714109920076,30.1991377413781
2085-07-02 12:00:00,2085,7,2,NA,23.3631538735865,29.2245012049956
2085-07-03 12:00:00,2085,7,3,NA,25.3571397906939,33.2206091323649
2085-07-04 12:00:00,2085,7,4,NA,27.8030713364792,31.958661088401
2085-07-05 12:00:00,2085,7,5,NA,23.6288093538856,31.2173393608136
2085-07-06 12:00:00,2085,7,6,NA,25.8441377817129,32.627712393622
2085-07-07 12:00:00,2085,7,7,NA,25.5439082532582,34.5426343592253
2085-07-08 12:00:00,2085,7,8,NA,26.0427793328592,35.3931325814442
2085-07-09 12:00:00,2085,7,9,NA,27.4938977476761,33.3939685759852
2085-07-10 12:00:00,2085,7,10,NA,24.3129706012905,28.8237807657123
2085-07-11 12:00:00,2085,7,11,NA,25.42915998942,32.0456379988205
2085-07-12 12:00:00,2085,7,12,NA,24.364612578144,32.0095154052002
2085-07-13 12:00:00,2085,7,13,NA,25.7006387491891,32.6673058029036
2085-07-14 12:00:00,2085,7,14,NA,26.3363064982773,32.249873617424
2085-07-15 12:00:00,2085,7,15,NA,24.1565992819013,29.8857462208292
2085-07-16 12:00:00,2085,7,16,NA,21.6589515613575,26.6580871044581
2085-07-17 12:00:00,2085,7,17,NA,20.6274046642348,30.4278626562827
2085-07-18 12:00:00,2085,7,18,NA,20.147632865584,30.0677107772066
2085-07-19 12:00:00,2085,7,19,NA,22.8008504303948,34.3030468974299
2085-07-20 12:00:00,2085,7,20,NA,23.7096019976776,32.402020691062
2085-07-21 12:00:00,2085,7,21,NA,23.434439120549,32.1962592290926
2085-07-22 12:00:00,2085,7,22,NA,25.1308109783144,32.2994058106652
2085-07-23 12:00:00,2085,7,23,NA,21.8716684363404,29.390324687069
2085-07-24 12:00:00,2085,7,24,NA,24.6427180062442,31.9130601413196
2085-07-25 12:00:00,2085,7,25,NA,24.0267610408453,29.2630031871187
2085-07-26 12:00:00,2085,7,26,NA,23.2120773881342,31.7123558861343
2085-07-27 12:00:00,2085,7,27,NA,22.564205465149,27.0226343575073
2085-07-28 12:00:00,2085,7,28,NA,25.338086762894,31.6805870974215
2085-07-29 12:00:00,2085,7,29,NA,25.0002151707968,33.4369209694352
2085-07-30 12:00:00,2085,7,30,NA,25.5361939763771,29.6858280072519
2085-07-31 12:00:00,2085,7,31,NA,24.4672238532971,33.9668192913136
2085-08-01 12:00:00,2085,8,1,NA,25.2281581395113,33.9401623635758
2085-08-02 12:00:00,2085,8,2,NA,25.8835765619172,33.6854641006162
2085-08-03 12:00:00,2085,8,3,NA,26.3747169652274,34.398311542818
2085-08-04 12:00:00,2085,8,4,NA,24.4907026834047,36.0306471008094
2085-08-05 12:00:00,2085,8,5,NA,25.6135111846382,36.6954785610982
2085-08-06 12:00:00,2085,8,6,NA,25.8812716281539,35.1724229825399
2085-08-07 12:00:00,2085,8,7,NA,24.9434232182061,35.5387007894184
2085-08-08 12:00:00,2085,8,8,NA,24.9391453410753,35.3997625827458
2085-08-09 12:00:00,2085,8,9,NA,26.4778732661872,34.6467431212307
2085-08-10 12:00:00,2085,8,10,NA,26.5843484554343,30.7084243794112
2085-08-11 12:00:00,2085,8,11,NA,24.7421117488388,34.5953778067778
2085-08-12 12:00:00,2085,8,12,NA,24.5774433068844,34.2035995420383
2085-08-13 12:00:00,2085,8,13,NA,23.7756387017259,34.3336089043652
2085-08-14 12:00:00,2085,8,14,NA,23.9575393051799,33.8889582210501
2085-08-15 12:00:00,2085,8,15,NA,24.2108599591676,32.8620565125885
2085-08-16 12:00:00,2085,8,16,NA,23.3923285498587,32.9300333238953
2085-08-17 12:00:00,2085,8,17,NA,24.1808461285583,35.7503086901754
2085-08-18 12:00:00,2085,8,18,NA,21.476977910227,35.8681133061023
2085-08-19 12:00:00,2085,8,19,NA,21.919762631927,32.5150402031393
2085-08-20 12:00:00,2085,8,20,NA,22.4891033939145,33.0778672117275
2085-08-21 12:00:00,2085,8,21,NA,22.9219249533024,28.2140536072677
2085-08-22 12:00:00,2085,8,22,NA,21.2875547652629,26.0874619727892
2085-08-23 12:00:00,2085,8,23,NA,17.7610206128679,23.7415667517918
2085-08-24 12:00:00,2085,8,24,NA,16.9798151589783,25.8930444069203
2085-08-25 12:00:00,2085,8,25,NA,18.0476061933913,27.0246726684362
2085-08-26 12:00:00,2085,8,26,NA,18.6745022253628,27.7769296821343
2085-08-27 12:00:00,2085,8,27,NA,18.4722340966592,29.916890129292
2085-08-28 12:00:00,2085,8,28,NA,16.7158745428453,31.1071411271041
2085-08-29 12:00:00,2085,8,29,NA,14.4725587745398,26.1377524671896
2085-08-30 12:00:00,2085,8,30,NA,16.5816628351049,25.6538963614356
2085-08-31 12:00:00,2085,8,31,NA,15.5095364574852,25.6044454452955
2085-09-01 12:00:00,2085,9,1,NA,17.2506065622256,27.1038726201646
2085-09-02 12:00:00,2085,9,2,NA,16.290410677279,30.8831928197331
2085-09-03 12:00:00,2085,9,3,NA,16.9504872938888,32.2098608604305
2085-09-04 12:00:00,2085,9,4,NA,17.8480908934453,27.7819868087976
2085-09-05 12:00:00,2085,9,5,NA,16.478292474886,29.428820545343
2085-09-06 12:00:00,2085,9,6,NA,21.5942810184786,32.6545611035641
2085-09-07 12:00:00,2085,9,7,NA,22.1942437795899,32.5098412325789
2085-09-08 12:00:00,2085,9,8,NA,22.4491167961447,27.4081183379222
2085-09-09 12:00:00,2085,9,9,NA,21.0091079554293,28.6758072480851
2085-09-10 12:00:00,2085,9,10,NA,20.8504753720936,30.1844540303577
2085-09-11 12:00:00,2085,9,11,NA,19.748201203214,29.8305072660472
2085-09-12 12:00:00,2085,9,12,NA,18.8045684637772,28.5157070158987
2085-09-13 12:00:00,2085,9,13,NA,18.5808116294404,29.0978445227027
2085-09-14 12:00:00,2085,9,14,NA,19.6609153330838,30.7211954181693
2085-09-15 12:00:00,2085,9,15,NA,20.9873827847554,29.9544965601498
2085-09-16 12:00:00,2085,9,16,NA,19.0337620565537,26.3060656015807
2085-09-17 12:00:00,2085,9,17,NA,19.1044320386031,30.1428980272962
2085-09-18 12:00:00,2085,9,18,NA,16.7053608398395,26.7999837144631
2085-09-19 12:00:00,2085,9,19,NA,17.1742741114513,21.8247262880754
2085-09-20 12:00:00,2085,9,20,NA,21.1905305995607,26.9651733632998
2085-09-21 12:00:00,2085,9,21,NA,18.4082466881602,30.3769543236926
2085-09-22 12:00:00,2085,9,22,NA,15.9691150721485,28.4393774998242
2085-09-23 12:00:00,2085,9,23,NA,18.3983542417569,24.4888117177681
2085-09-24 12:00:00,2085,9,24,NA,15.1584386293221,25.708881049944
2085-09-25 12:00:00,2085,9,25,NA,13.6939203647233,22.3252952330848
2085-09-26 12:00:00,2085,9,26,NA,14.4983754018076,27.9656142164416
2085-09-27 12:00:00,2085,9,27,NA,17.0218326153955,25.8177092813522
2085-09-28 12:00:00,2085,9,28,NA,17.3939231300071,27.8648448796947
2085-09-29 12:00:00,2085,9,29,NA,16.8961801134055,26.8141742770363
2085-09-30 12:00:00,2085,9,30,NA,19.5252783538263,22.4004101873445
2085-10-01 12:00:00,2085,10,1,NA,17.0014466408707,22.1869514360645
2085-10-02 12:00:00,2085,10,2,NA,12.9133643944795,18.6632990443
2085-10-03 12:00:00,2085,10,3,NA,11.2053772047259,22.1016693259466
2085-10-04 12:00:00,2085,10,4,NA,10.3880399083935,20.3468235988459
2085-10-05 12:00:00,2085,10,5,NA,9.75272894159739,21.8242713788911
2085-10-06 12:00:00,2085,10,6,NA,11.0956868517449,23.660763243965
2085-10-07 12:00:00,2085,10,7,NA,13.2952455752562,27.7091168032893
2085-10-08 12:00:00,2085,10,8,NA,14.6700262885634,28.5188872869386
2085-10-09 12:00:00,2085,10,9,NA,14.6183551624927,29.6659503717507
2085-10-10 12:00:00,2085,10,10,NA,14.9433123147439,29.6272016505925
2085-10-11 12:00:00,2085,10,11,NA,16.0123614025398,27.0929961800476
2085-10-12 12:00:00,2085,10,12,NA,15.3229894407128,27.2297781786174
2085-10-13 12:00:00,2085,10,13,NA,15.8526103760785,27.597312588613
2085-10-14 12:00:00,2085,10,14,NA,13.9657311816366,27.2337893050294
2085-10-15 12:00:00,2085,10,15,NA,15.1594294584128,26.0323317254061
2085-10-16 12:00:00,2085,10,16,NA,13.811212825596,25.1925314765525
2085-10-17 12:00:00,2085,10,17,NA,9.26893446899048,18.4913140390861
2085-10-18 12:00:00,2085,10,18,NA,8.8397489732636,24.3786713880199
2085-10-19 12:00:00,2085,10,19,NA,10.4937517317924,17.9931335679305
2085-10-20 12:00:00,2085,10,20,NA,6.37420062934082,22.4316437430733
2085-10-21 12:00:00,2085,10,21,NA,8.1560188080899,26.1819910661463
2085-10-22 12:00:00,2085,10,22,NA,11.2913425188159,26.2008526813419
2085-10-23 12:00:00,2085,10,23,NA,17.6149981906087,20.874561219743
2085-10-24 12:00:00,2085,10,24,NA,14.7204255630317,27.2163052760887
2085-10-25 12:00:00,2085,10,25,NA,13.4526408455855,26.2258872323995
2085-10-26 12:00:00,2085,10,26,NA,12.5673632976192,25.2998706344282
2085-10-27 12:00:00,2085,10,27,NA,17.0467440838651,21.7137422709395
2085-10-28 12:00:00,2085,10,28,NA,12.0017669525757,19.1872165371014
2085-10-29 12:00:00,2085,10,29,NA,13.0718403681761,16.0280286536312
2085-10-30 12:00:00,2085,10,30,NA,7.6670001764933,18.9431888383653
2085-10-31 12:00:00,2085,10,31,NA,7.42222614679295,21.7541950509301
2085-11-01 12:00:00,2085,11,1,NA,10.1721347730406,22.2810997187668
2085-11-02 12:00:00,2085,11,2,NA,11.8795480866298,21.3005648423421
2085-11-03 12:00:00,2085,11,3,NA,9.98358774522715,21.7678848003871
2085-11-04 12:00:00,2085,11,4,NA,7.99115399370117,22.5045171285066
2085-11-05 12:00:00,2085,11,5,NA,10.0285098254713,21.7339553103558
2085-11-06 12:00:00,2085,11,6,NA,8.62038235866558,20.2448788166846
2085-11-07 12:00:00,2085,11,7,NA,7.62064890782407,21.0364210013143
2085-11-08 12:00:00,2085,11,8,NA,9.61416594660487,23.6314763262813
2085-11-09 12:00:00,2085,11,9,NA,13.5889731904358,17.5996017788871
2085-11-10 12:00:00,2085,11,10,NA,5.92777805190549,10.5792504086599
2085-11-11 12:00:00,2085,11,11,NA,3.2084515463789,15.6000764260288
2085-11-12 12:00:00,2085,11,12,NA,3.12718090691763,13.2590209249679
2085-11-13 12:00:00,2085,11,13,NA,1.91771182903839,12.5653961162943
2085-11-14 12:00:00,2085,11,14,NA,4.41847599418559,14.9487426285822
2085-11-15 12:00:00,2085,11,15,NA,3.26289997541952,16.051874467591
2085-11-16 12:00:00,2085,11,16,NA,4.67175759418437,13.2178069327895
2085-11-17 12:00:00,2085,11,17,NA,1.8540341869567,15.0817114565385
2085-11-18 12:00:00,2085,11,18,NA,4.4485142167261,18.3813617291713
2085-11-19 12:00:00,2085,11,19,NA,5.91396474865329,22.0908444212633
2085-11-20 12:00:00,2085,11,20,NA,2.8112951390718,14.1213583570966
2085-11-21 12:00:00,2085,11,21,NA,1.24680316993089,16.183356555198
2085-11-22 12:00:00,2085,11,22,NA,3.08695859357985,13.9385217686641
2085-11-23 12:00:00,2085,11,23,NA,1.71028329659139,13.073860027851
2085-11-24 12:00:00,2085,11,24,NA,1.8621728236917,14.1472587119756
2085-11-25 12:00:00,2085,11,25,NA,0.653046197497109,9.21698116452552
2085-11-26 12:00:00,2085,11,26,NA,1.27650491077042,14.5279536758379
2085-11-27 12:00:00,2085,11,27,NA,2.00188335893789,13.1782372550349
2085-11-28 12:00:00,2085,11,28,NA,2.07695454792854,12.1912924582687
2085-11-29 12:00:00,2085,11,29,NA,1.68531778414207,13.7874477153457
2085-11-30 12:00:00,2085,11,30,NA,1.41471733432426,12.1101867678385
2085-12-01 12:00:00,2085,12,1,NA,-1.86144536476817,14.4154585121279
2085-12-02 12:00:00,2085,12,2,NA,-0.111498813492429,11.6467664561105
2085-12-03 12:00:00,2085,12,3,NA,-0.0658169348540945,12.5936042416252
2085-12-04 12:00:00,2085,12,4,NA,2.38369998688861,9.34562100524632
2085-12-05 12:00:00,2085,12,5,NA,0.659932468623131,11.6141304722235
2085-12-06 12:00:00,2085,12,6,NA,-0.0660273703993015,10.800390978391
2085-12-07 12:00:00,2085,12,7,NA,-0.0222275569134025,10.6901676951498
2085-12-08 12:00:00,2085,12,8,NA,-2.05943447367608,7.03460119237178
2085-12-09 12:00:00,2085,12,9,NA,-1.74297783840398,11.5223533655992
2085-12-10 12:00:00,2085,12,10,NA,1.23874265254176,9.8801762702468
2085-12-11 12:00:00,2085,12,11,NA,4.10590315532767,6.01394277648078
2085-12-12 12:00:00,2085,12,12,NA,0.501136234589644,6.44883630288828
2085-12-13 12:00:00,2085,12,13,NA,-3.52024660899389,0.00233894910713706
2085-12-14 12:00:00,2085,12,14,NA,-1.86935123676496,5.09010273967815
2085-12-15 12:00:00,2085,12,15,NA,-3.08508113201427,6.1214904349226
2085-12-16 12:00:00,2085,12,16,NA,-3.02055698005481,4.68445366499956
2085-12-17 12:00:00,2085,12,17,NA,-3.46497311344973,5.7862448813978
2085-12-18 12:00:00,2085,12,18,NA,-4.19786576476268,7.00650081574754
2085-12-19 12:00:00,2085,12,19,NA,-6.82127667914769,1.36117973652226
2085-12-20 12:00:00,2085,12,20,NA,-6.65182153629076,3.32429255271227
2085-12-21 12:00:00,2085,12,21,NA,-6.15830479250635,3.98575475815316
2085-12-22 12:00:00,2085,12,22,NA,-6.36696254286031,0.0926915282309895
2085-12-23 12:00:00,2085,12,23,NA,-9.84477691102502,-0.735039706490236
2085-12-24 12:00:00,2085,12,24,NA,-8.60565096959177,0.602867577387928
2085-12-25 12:00:00,2085,12,25,NA,-5.69663703025919,1.71424355036358
2085-12-26 12:00:00,2085,12,26,NA,-9.1599183184024,0.0441761822935653
2085-12-27 12:00:00,2085,12,27,NA,-9.41600972766532,4.9638484504231
2085-12-28 12:00:00,2085,12,28,NA,-4.45916651554765,10.1995425063935
2085-12-29 12:00:00,2085,12,29,NA,-2.02226572409411,10.8123623158546
2085-12-30 12:00:00,2085,12,30,NA,-2.76794079364219,10.608561477987
2085-12-31 12:00:00,2085,12,31,NA,1.18718063956658,13.3193949416353
2086-01-01 12:00:00,2086,1,1,NA,-0.0786612665517401,9.12043332087842
2086-01-02 12:00:00,2086,1,2,NA,2.52210089555919,10.0766877975286
2086-01-03 12:00:00,2086,1,3,NA,-1.15892962357713,8.46210755137185
2086-01-04 12:00:00,2086,1,4,NA,1.8336128474948,10.0565320017851
2086-01-05 12:00:00,2086,1,5,NA,-0.811870744043084,8.27623400418532
2086-01-06 12:00:00,2086,1,6,NA,-0.844320907836023,5.92327132281407
2086-01-07 12:00:00,2086,1,7,NA,-2.06195754238009,2.75814154760529
2086-01-08 12:00:00,2086,1,8,NA,-3.13561273701442,3.01729848927345
2086-01-09 12:00:00,2086,1,9,NA,-6.28548229241813,-1.14881660478399
2086-01-10 12:00:00,2086,1,10,NA,-4.93571674227517,6.22561958927042
2086-01-11 12:00:00,2086,1,11,NA,-3.65899201319521,4.98704338751173
2086-01-12 12:00:00,2086,1,12,NA,-6.36559611277538,2.58961080666264
2086-01-13 12:00:00,2086,1,13,NA,-3.92286017598793,8.52315170776142
2086-01-14 12:00:00,2086,1,14,NA,-3.62438969676187,3.82996763746076
2086-01-15 12:00:00,2086,1,15,NA,-4.52135287487124,4.67714328895963
2086-01-16 12:00:00,2086,1,16,NA,-3.83025395167527,4.01794865090928
2086-01-17 12:00:00,2086,1,17,NA,-5.11748127411768,8.84626097154933
2086-01-18 12:00:00,2086,1,18,NA,-1.81359175295017,12.0339515520688
2086-01-19 12:00:00,2086,1,19,NA,-6.9889903006333,1.07517886545799
2086-01-20 12:00:00,2086,1,20,NA,-5.22586774241728,6.16275461470303
2086-01-21 12:00:00,2086,1,21,NA,-3.22387762852468,5.84481049428519
2086-01-22 12:00:00,2086,1,22,NA,-4.57516430856665,9.77948636561109
2086-01-23 12:00:00,2086,1,23,NA,-2.02695018985609,8.06435382433867
2086-01-24 12:00:00,2086,1,24,NA,-1.49023168624539,8.18012336053545
2086-01-25 12:00:00,2086,1,25,NA,-0.0889151140934477,5.85077157096472
2086-01-26 12:00:00,2086,1,26,NA,-0.0748245601715216,4.23313622722802
2086-01-27 12:00:00,2086,1,27,NA,-1.26789854921421,7.87972322017861
2086-01-28 12:00:00,2086,1,28,NA,0.18351766600127,9.77915591038084
2086-01-29 12:00:00,2086,1,29,NA,-4.60519736945965,4.04083803124729
2086-01-30 12:00:00,2086,1,30,NA,-5.80383501292713,3.44532361138782
2086-01-31 12:00:00,2086,1,31,NA,-6.14986109246376,3.86199973094833
2086-02-01 12:00:00,2086,2,1,NA,-5.54592268152301,6.12688696807298
2086-02-02 12:00:00,2086,2,2,NA,-1.14444202735383,11.3014229983149
2086-02-03 12:00:00,2086,2,3,NA,-3.31832935878322,10.9076974590684
2086-02-04 12:00:00,2086,2,4,NA,-2.20202728163927,13.2923435917454
2086-02-05 12:00:00,2086,2,5,NA,-1.09513749712288,10.2779304487219
2086-02-06 12:00:00,2086,2,6,NA,-5.24465984916726,6.7453557608108
2086-02-07 12:00:00,2086,2,7,NA,-3.82728097471303,5.8615818588448
2086-02-08 12:00:00,2086,2,8,NA,-9.66325265390425,-2.63170473490246
2086-02-09 12:00:00,2086,2,9,NA,-9.24536029850806,1.44042534174601
2086-02-10 12:00:00,2086,2,10,NA,-9.6443986154655,5.80656355811527
2086-02-11 12:00:00,2086,2,11,NA,-5.53195233725424,1.77493889602342
2086-02-12 12:00:00,2086,2,12,NA,-2.48356758715722,11.1081107592438
2086-02-13 12:00:00,2086,2,13,NA,0.246141642911308,8.01001929657226
2086-02-14 12:00:00,2086,2,14,NA,-0.315623759139459,10.0246719173456
2086-02-15 12:00:00,2086,2,15,NA,-1.58181752769897,12.0055014751493
2086-02-16 12:00:00,2086,2,16,NA,-1.12241310234266,11.4532630615734
2086-02-17 12:00:00,2086,2,17,NA,0.172073106930119,11.8021829170616
2086-02-18 12:00:00,2086,2,18,NA,-0.648999033170829,11.862155984689
2086-02-19 12:00:00,2086,2,19,NA,3.47322647568663,9.00883079844491
2086-02-20 12:00:00,2086,2,20,NA,-0.839278307816953,5.39477905770201
2086-02-21 12:00:00,2086,2,21,NA,-0.695595596402896,4.93274721039293
2086-02-22 12:00:00,2086,2,22,NA,1.16512213806889,11.7721010555483
2086-02-23 12:00:00,2086,2,23,NA,7.06034911126952,14.2240261644775
2086-02-24 12:00:00,2086,2,24,NA,6.82775086870842,13.0466522472403
2086-02-25 12:00:00,2086,2,25,NA,8.25956296282064,15.5815768050711
2086-02-26 12:00:00,2086,2,26,NA,7.62626837553577,15.0803061614036
2086-02-27 12:00:00,2086,2,27,NA,5.21686741833338,12.6709052042012
2086-02-28 12:00:00,2086,2,28,NA,4.83762181389695,12.8004774299681
2086-03-01 12:00:00,2086,3,1,NA,3.09806096560024,11.1791993072708
2086-03-02 12:00:00,2086,3,2,NA,7.92692368492907,12.925736954411
2086-03-03 12:00:00,2086,3,3,NA,6.31239360231576,11.2898090507069
2086-03-04 12:00:00,2086,3,4,NA,-0.357575553696331,13.1104361938315
2086-03-05 12:00:00,2086,3,5,NA,0.67817534595002,11.7340330031019
2086-03-06 12:00:00,2086,3,6,NA,1.78438790166787,13.4466229572615
2086-03-07 12:00:00,2086,3,7,NA,4.90857583664218,10.519385215299
2086-03-08 12:00:00,2086,3,8,NA,2.2963945544866,9.71808664107374
2086-03-09 12:00:00,2086,3,9,NA,6.59675337509332,15.8159045955276
2086-03-10 12:00:00,2086,3,10,NA,6.77029978251066,17.1784673141395
2086-03-11 12:00:00,2086,3,11,NA,1.40124238127599,14.8692541288038
2086-03-12 12:00:00,2086,3,12,NA,-0.0822297860760326,7.24535036546901
2086-03-13 12:00:00,2086,3,13,NA,0.0751159213940866,8.78202731109825
2086-03-14 12:00:00,2086,3,14,NA,-0.999196295163823,11.7087196027914
2086-03-15 12:00:00,2086,3,15,NA,-2.00336816998528,4.79691880341492
2086-03-16 12:00:00,2086,3,16,NA,-2.29646772654968,10.1983553852214
2086-03-17 12:00:00,2086,3,17,NA,-2.21928072068889,12.4134274509825
2086-03-18 12:00:00,2086,3,18,NA,0.318449438447685,13.0992906061526
2086-03-19 12:00:00,2086,3,19,NA,2.75415589876223,10.8616362834473
2086-03-20 12:00:00,2086,3,20,NA,0.338878962183416,6.69076273858845
2086-03-21 12:00:00,2086,3,21,NA,1.12017907338959,13.3008778927943
2086-03-22 12:00:00,2086,3,22,NA,3.22633258360061,8.11090732380993
2086-03-23 12:00:00,2086,3,23,NA,3.80343000238975,8.82337846346674
2086-03-24 12:00:00,2086,3,24,NA,1.48786635174842,15.310804720956
2086-03-25 12:00:00,2086,3,25,NA,2.74040381620183,11.7112115033676
2086-03-26 12:00:00,2086,3,26,NA,5.83834886975905,12.2168943712294
2086-03-27 12:00:00,2086,3,27,NA,4.63522797781497,14.5457224130427
2086-03-28 12:00:00,2086,3,28,NA,6.96929019527009,18.4438285976711
2086-03-29 12:00:00,2086,3,29,NA,4.07859859714777,25.176393518378
2086-03-30 12:00:00,2086,3,30,NA,9.43183594647883,23.7432171767433
2086-03-31 12:00:00,2086,3,31,NA,10.8981974951926,21.5018135789704
2086-04-01 12:00:00,2086,4,1,NA,9.98334099595386,15.9649284335606
2086-04-02 12:00:00,2086,4,2,NA,5.98766700343015,18.9127513630791
2086-04-03 12:00:00,2086,4,3,NA,2.48971024823336,9.37662017075187
2086-04-04 12:00:00,2086,4,4,NA,2.61196357165338,13.3373587129751
2086-04-05 12:00:00,2086,4,5,NA,4.13077719074287,18.2383049627492
2086-04-06 12:00:00,2086,4,6,NA,4.74901492672469,13.6679773628658
2086-04-07 12:00:00,2086,4,7,NA,5.45821901202573,16.8579691771561
2086-04-08 12:00:00,2086,4,8,NA,5.52755936895581,23.0778856865798
2086-04-09 12:00:00,2086,4,9,NA,14.3467193639456,25.0310937471659
2086-04-10 12:00:00,2086,4,10,NA,13.1514693884393,23.2122303446439
2086-04-11 12:00:00,2086,4,11,NA,9.73091205148831,25.6384912507169
2086-04-12 12:00:00,2086,4,12,NA,7.29243609276085,24.797109849677
2086-04-13 12:00:00,2086,4,13,NA,5.73660911599175,19.8122352714344
2086-04-14 12:00:00,2086,4,14,NA,8.32906258105421,24.0503501776103
2086-04-15 12:00:00,2086,4,15,NA,11.4776060826241,28.5558009634445
2086-04-16 12:00:00,2086,4,16,NA,12.3628737906768,26.4704015626832
2086-04-17 12:00:00,2086,4,17,NA,11.7580485906356,22.2341627839072
2086-04-18 12:00:00,2086,4,18,NA,11.9322593986557,18.1631875318457
2086-04-19 12:00:00,2086,4,19,NA,8.98812244901498,21.9074795236677
2086-04-20 12:00:00,2086,4,20,NA,9.78007230153645,24.6446398766018
2086-04-21 12:00:00,2086,4,21,NA,11.7972851978793,15.9994152339462
2086-04-22 12:00:00,2086,4,22,NA,11.6898313914344,24.7264787690347
2086-04-23 12:00:00,2086,4,23,NA,12.1634159373717,25.2000633149721
2086-04-24 12:00:00,2086,4,24,NA,14.0478193979615,26.8118462254496
2086-04-25 12:00:00,2086,4,25,NA,11.7247884307754,20.4449264198226
2086-04-26 12:00:00,2086,4,26,NA,10.7090863528437,25.4417924480435
2086-04-27 12:00:00,2086,4,27,NA,10.9497166355785,26.5627473021008
2086-04-28 12:00:00,2086,4,28,NA,16.9369111063391,25.5437383499436
2086-04-29 12:00:00,2086,4,29,NA,14.3478458982266,28.9501802183285
2086-04-30 12:00:00,2086,4,30,NA,14.5623070339644,24.178165668305
2086-05-01 12:00:00,2086,5,1,NA,14.9080058421221,30.8513535850639
2086-05-02 12:00:00,2086,5,2,NA,14.3385210716504,27.2084420506488
2086-05-03 12:00:00,2086,5,3,NA,16.0731688512213,27.927972911011
2086-05-04 12:00:00,2086,5,4,NA,14.599517427884,29.381206704375
2086-05-05 12:00:00,2086,5,5,NA,13.6976093194504,30.0363586183742
2086-05-06 12:00:00,2086,5,6,NA,14.1964717186525,29.9427606846223
2086-05-07 12:00:00,2086,5,7,NA,15.3047847008153,27.3577569656472
2086-05-08 12:00:00,2086,5,8,NA,16.3680415548018,29.4630877135871
2086-05-09 12:00:00,2086,5,9,NA,14.2960114970536,29.3194582525172
2086-05-10 12:00:00,2086,5,10,NA,14.0356671770904,25.7650040287204
2086-05-11 12:00:00,2086,5,11,NA,16.0755586675434,22.9343374734263
2086-05-12 12:00:00,2086,5,12,NA,12.1446278537628,19.7445757917819
2086-05-13 12:00:00,2086,5,13,NA,11.7197556262985,21.6071298763657
2086-05-14 12:00:00,2086,5,14,NA,11.1838776518361,17.5424620979589
2086-05-15 12:00:00,2086,5,15,NA,9.14111261451528,24.1748475968777
2086-05-16 12:00:00,2086,5,16,NA,8.79981878372665,26.8027646663695
2086-05-17 12:00:00,2086,5,17,NA,10.9721311614246,19.8138891130732
2086-05-18 12:00:00,2086,5,18,NA,10.4866081570722,17.3397081449997
2086-05-19 12:00:00,2086,5,19,NA,11.049969060618,17.7147167909292
2086-05-20 12:00:00,2086,5,20,NA,11.8250174706624,22.7923954764026
2086-05-21 12:00:00,2086,5,21,NA,10.0514751826612,23.1614291228779
2086-05-22 12:00:00,2086,5,22,NA,12.0882477264103,24.2028524364834
2086-05-23 12:00:00,2086,5,23,NA,10.6734488633388,27.0963475880377
2086-05-24 12:00:00,2086,5,24,NA,12.1130288618637,27.8389347227317
2086-05-25 12:00:00,2086,5,25,NA,11.892618660847,24.6963346706219
2086-05-26 12:00:00,2086,5,26,NA,9.41038244189775,21.027534745418
2086-05-27 12:00:00,2086,5,27,NA,9.43298698216214,25.8280806894865
2086-05-28 12:00:00,2086,5,28,NA,10.6886318069259,22.0578643227021
2086-05-29 12:00:00,2086,5,29,NA,11.5178816457591,18.3711231363082
2086-05-30 12:00:00,2086,5,30,NA,13.9632679683717,20.0895420150565
2086-05-31 12:00:00,2086,5,31,NA,11.9382391866105,28.2479605335162
2086-06-01 12:00:00,2086,6,1,NA,14.8181812388373,31.4590146436372
2086-06-02 12:00:00,2086,6,2,NA,21.6255729882379,28.9601275256137
2086-06-03 12:00:00,2086,6,3,NA,20.9283244891976,27.1343645278539
2086-06-04 12:00:00,2086,6,4,NA,19.8622580528359,27.681657736903
2086-06-05 12:00:00,2086,6,5,NA,18.7864139414123,30.3854029457975
2086-06-06 12:00:00,2086,6,6,NA,17.0044029515992,29.7481284176819
2086-06-07 12:00:00,2086,6,7,NA,17.0029089605433,28.6083293904367
2086-06-08 12:00:00,2086,6,8,NA,17.4554984396306,29.0223365422813
2086-06-09 12:00:00,2086,6,9,NA,21.8433611302046,27.886090769841
2086-06-10 12:00:00,2086,6,10,NA,21.7978741306005,31.2430087928308
2086-06-11 12:00:00,2086,6,11,NA,23.4427509720742,30.5188402423526
2086-06-12 12:00:00,2086,6,12,NA,22.630016070261,29.0894604098374
2086-06-13 12:00:00,2086,6,13,NA,20.9318598457824,29.3597886230476
2086-06-14 12:00:00,2086,6,14,NA,21.4586228634057,29.9135905783728
2086-06-15 12:00:00,2086,6,15,NA,21.4257106630401,30.2644227840863
2086-06-16 12:00:00,2086,6,16,NA,20.8584559074229,33.5186695729732
2086-06-17 12:00:00,2086,6,17,NA,18.3698662205695,28.3028968452886
2086-06-18 12:00:00,2086,6,18,NA,17.4712499136236,29.4992514762928
2086-06-19 12:00:00,2086,6,19,NA,18.4662245767552,30.6285360958761
2086-06-20 12:00:00,2086,6,20,NA,18.5087488762633,21.2511486142566
2086-06-21 12:00:00,2086,6,21,NA,17.3720955006904,25.0498702019409
2086-06-22 12:00:00,2086,6,22,NA,20.0905772592424,30.0252024636218
2086-06-23 12:00:00,2086,6,23,NA,20.0529664761638,32.7693720183167
2086-06-24 12:00:00,2086,6,24,NA,21.8429135384381,28.369049560257
2086-06-25 12:00:00,2086,6,25,NA,20.7798937139796,31.870044185488
2086-06-26 12:00:00,2086,6,26,NA,22.8279234101863,31.9024280359049
2086-06-27 12:00:00,2086,6,27,NA,23.886066455214,32.1294182939744
2086-06-28 12:00:00,2086,6,28,NA,24.677263993808,33.2503218725058
2086-06-29 12:00:00,2086,6,29,NA,21.6925641242383,34.7044794317399
2086-06-30 12:00:00,2086,6,30,NA,27.1357736514688,30.5420675485503
2086-07-01 12:00:00,2086,7,1,NA,23.25995832134,27.2596149328828
2086-07-02 12:00:00,2086,7,2,NA,23.2763200819238,28.247207624132
2086-07-03 12:00:00,2086,7,3,NA,25.8944673959917,30.2023161881394
2086-07-04 12:00:00,2086,7,4,NA,23.3493810552077,28.91565533538
2086-07-05 12:00:00,2086,7,5,NA,21.5917158693311,25.2981913303573
2086-07-06 12:00:00,2086,7,6,NA,20.5214991691382,29.3713151077389
2086-07-07 12:00:00,2086,7,7,NA,25.6746404985794,31.9596839332748
2086-07-08 12:00:00,2086,7,8,NA,24.649619311489,33.0398359432799
2086-07-09 12:00:00,2086,7,9,NA,25.4791984588917,33.970239268889
2086-07-10 12:00:00,2086,7,10,NA,25.7255399496071,31.4723383793941
2086-07-11 12:00:00,2086,7,11,NA,25.4440510517198,33.1302109031765
2086-07-12 12:00:00,2086,7,12,NA,23.9482117792249,32.1751674601311
2086-07-13 12:00:00,2086,7,13,NA,24.1073605373925,31.9708298790635
2086-07-14 12:00:00,2086,7,14,NA,22.9854051835944,29.748693238481
2086-07-15 12:00:00,2086,7,15,NA,23.5648821491651,30.3270073308977
2086-07-16 12:00:00,2086,7,16,NA,22.0900528620859,29.4066009670992
2086-07-17 12:00:00,2086,7,17,NA,21.8872451551847,26.7526980497393
2086-07-18 12:00:00,2086,7,18,NA,19.662767769458,28.6317241795529
2086-07-19 12:00:00,2086,7,19,NA,21.4757809435476,29.257587354139
2086-07-20 12:00:00,2086,7,20,NA,18.2482182527886,26.309545277667
2086-07-21 12:00:00,2086,7,21,NA,21.4731630550626,26.63245601891
2086-07-22 12:00:00,2086,7,22,NA,25.2174095480606,33.4530650180288
2086-07-23 12:00:00,2086,7,23,NA,24.0764832018072,32.1042783503403
2086-07-24 12:00:00,2086,7,24,NA,24.4330693430109,32.9333478410109
2086-07-25 12:00:00,2086,7,25,NA,24.8344131970403,34.0386971660668
2086-07-26 12:00:00,2086,7,26,NA,25.1437394005885,35.3920813962139
2086-07-27 12:00:00,2086,7,27,NA,25.766436031446,35.6865139430686
2086-07-28 12:00:00,2086,7,28,NA,26.2144219382879,34.9762420468315
2086-07-29 12:00:00,2086,7,29,NA,25.9309966335006,35.6199537041
2086-07-30 12:00:00,2086,7,30,NA,25.2420145972377,34.8733556471146
2086-07-31 12:00:00,2086,7,31,NA,22.7630825341627,30.3894262629929
2086-08-01 12:00:00,2086,8,1,NA,22.1851679120137,29.8747314631289
2086-08-02 12:00:00,2086,8,2,NA,23.9581991595589,31.6375668966849
2086-08-03 12:00:00,2086,8,3,NA,24.0243448311609,33.6466184743352
2086-08-04 12:00:00,2086,8,4,NA,23.0726545302266,28.9499877117357
2086-08-05 12:00:00,2086,8,5,NA,25.3890402314922,30.2063811689919
2086-08-06 12:00:00,2086,8,6,NA,25.5470166395071,30.9423897853912
2086-08-07 12:00:00,2086,8,7,NA,23.8194974142591,31.7825371394418
2086-08-08 12:00:00,2086,8,8,NA,21.606172605813,27.3737584555665
2086-08-09 12:00:00,2086,8,9,NA,20.9513288935294,29.7210359864173
2086-08-10 12:00:00,2086,8,10,NA,20.2320223829544,29.1047061933321
2086-08-11 12:00:00,2086,8,11,NA,21.4622832162812,32.141479699709
2086-08-12 12:00:00,2086,8,12,NA,20.1375701411528,31.2383486062
2086-08-13 12:00:00,2086,8,13,NA,21.2482654420855,32.6389411355514
2086-08-14 12:00:00,2086,8,14,NA,22.3774345698539,33.4791000219162
2086-08-15 12:00:00,2086,8,15,NA,23.2390086406895,30.9230326382016
2086-08-16 12:00:00,2086,8,16,NA,22.5818262329714,26.4318997883755
2086-08-17 12:00:00,2086,8,17,NA,22.6248762459346,28.6615029301406
2086-08-18 12:00:00,2086,8,18,NA,23.1051671130755,30.7891911105876
2086-08-19 12:00:00,2086,8,19,NA,21.7526771933132,31.3582948162689
2086-08-20 12:00:00,2086,8,20,NA,22.4260598532605,31.0626659008045
2086-08-21 12:00:00,2086,8,21,NA,24.0681189408099,31.870006479509
2086-08-22 12:00:00,2086,8,22,NA,19.9144790604172,28.4233565975679
2086-08-23 12:00:00,2086,8,23,NA,23.0997162838976,33.0279000446365
2086-08-24 12:00:00,2086,8,24,NA,23.5364110948607,35.06336738477
2086-08-25 12:00:00,2086,8,25,NA,24.4271320038879,35.1919495128566
2086-08-26 12:00:00,2086,8,26,NA,25.854362283089,32.5906539773041
2086-08-27 12:00:00,2086,8,27,NA,24.5085024410714,35.9462594802688
2086-08-28 12:00:00,2086,8,28,NA,24.4677563554428,32.1445383760818
2086-08-29 12:00:00,2086,8,29,NA,26.8999459057027,33.6195150882545
2086-08-30 12:00:00,2086,8,30,NA,25.1663907286021,34.4382034059305
2086-08-31 12:00:00,2086,8,31,NA,23.7972964600181,33.9014620885804
2086-09-01 12:00:00,2086,9,1,NA,24.1078702156834,29.8670258462085
2086-09-02 12:00:00,2086,9,2,NA,21.8028642987798,26.0751347389721
2086-09-03 12:00:00,2086,9,3,NA,18.9617048404526,28.8520279309668
2086-09-04 12:00:00,2086,9,4,NA,19.1722468307378,29.4654124499801
2086-09-05 12:00:00,2086,9,5,NA,18.2303493320429,27.8163282259322
2086-09-06 12:00:00,2086,9,6,NA,18.362998037253,30.6287901681209
2086-09-07 12:00:00,2086,9,7,NA,19.2784716740825,29.5321008107946
2086-09-08 12:00:00,2086,9,8,NA,20.3969883989611,30.7638578444486
2086-09-09 12:00:00,2086,9,9,NA,20.6027904442456,29.6135194813383
2086-09-10 12:00:00,2086,9,10,NA,19.9827460987543,30.829781767152
2086-09-11 12:00:00,2086,9,11,NA,18.5500439441348,29.5934015773854
2086-09-12 12:00:00,2086,9,12,NA,20.7477394056609,29.3941118360946
2086-09-13 12:00:00,2086,9,13,NA,19.106990008264,30.8861895264339
2086-09-14 12:00:00,2086,9,14,NA,20.1361037501807,24.5596582365706
2086-09-15 12:00:00,2086,9,15,NA,17.9804890936639,27.596564891254
2086-09-16 12:00:00,2086,9,16,NA,20.2737925611477,30.4621077085222
2086-09-17 12:00:00,2086,9,17,NA,19.1430198270362,29.318852614898
2086-09-18 12:00:00,2086,9,18,NA,19.5132526813279,28.2655249091707
2086-09-19 12:00:00,2086,9,19,NA,16.9685199826646,23.4814554652339
2086-09-20 12:00:00,2086,9,20,NA,14.9701731549201,24.4821105656123
2086-09-21 12:00:00,2086,9,21,NA,16.8225362923801,26.5331640201561
2086-09-22 12:00:00,2086,9,22,NA,16.0065642350037,28.163339049549
2086-09-23 12:00:00,2086,9,23,NA,16.1258472574582,27.6377302125405
2086-09-24 12:00:00,2086,9,24,NA,15.0751361118072,25.6222690572712
2086-09-25 12:00:00,2086,9,25,NA,15.3864796800572,22.0156151339777
2086-09-26 12:00:00,2086,9,26,NA,14.6337862221025,26.1493151422314
2086-09-27 12:00:00,2086,9,27,NA,14.1397957539342,27.6352316140359
2086-09-28 12:00:00,2086,9,28,NA,13.8050945352364,19.6770828499183
2086-09-29 12:00:00,2086,9,29,NA,14.1175097424013,21.64889496042
2086-09-30 12:00:00,2086,9,30,NA,12.4344126037409,20.3785932353879
2086-10-01 12:00:00,2086,10,1,NA,11.2379122438492,18.4429796667452
2086-10-02 12:00:00,2086,10,2,NA,8.57033300996173,21.4097247709588
2086-10-03 12:00:00,2086,10,3,NA,8.29943716395364,25.6327175788761
2086-10-04 12:00:00,2086,10,4,NA,13.0313501865132,27.1431987049486
2086-10-05 12:00:00,2086,10,5,NA,14.3088043706851,25.1200472661375
2086-10-06 12:00:00,2086,10,6,NA,15.5006647250995,20.9977144721685
2086-10-07 12:00:00,2086,10,7,NA,14.4325793630747,21.3141873811891
2086-10-08 12:00:00,2086,10,8,NA,13.4634392052842,26.5897286938508
2086-10-09 12:00:00,2086,10,9,NA,13.8073185085255,27.834529109212
2086-10-10 12:00:00,2086,10,10,NA,13.2663662817745,26.0210469775839
2086-10-11 12:00:00,2086,10,11,NA,12.8926373311337,27.5477570025519
2086-10-12 12:00:00,2086,10,12,NA,12.6480793128851,27.0312830148427
2086-10-13 12:00:00,2086,10,13,NA,14.3795905497566,28.3703601847332
2086-10-14 12:00:00,2086,10,14,NA,18.5057745715572,29.6401256529965
2086-10-15 12:00:00,2086,10,15,NA,15.1454463582549,25.7328833214177
2086-10-16 12:00:00,2086,10,16,NA,15.0095128085586,24.6054457441664
2086-10-17 12:00:00,2086,10,17,NA,16.8961548166782,26.0784021702274
2086-10-18 12:00:00,2086,10,18,NA,12.5889382867923,22.202789940628
2086-10-19 12:00:00,2086,10,19,NA,13.4701102900692,22.7392466109598
2086-10-20 12:00:00,2086,10,20,NA,12.9075008692888,26.0463580735476
2086-10-21 12:00:00,2086,10,21,NA,12.2872689162142,23.771942468017
2086-10-22 12:00:00,2086,10,22,NA,11.7820942131574,25.3065297228311
2086-10-23 12:00:00,2086,10,23,NA,10.3686845346596,22.8843265047856
2086-10-24 12:00:00,2086,10,24,NA,8.54918702383465,17.6260567679302
2086-10-25 12:00:00,2086,10,25,NA,10.9075754457254,21.6836893916055
2086-10-26 12:00:00,2086,10,26,NA,11.8178079353964,18.7208983737709
2086-10-27 12:00:00,2086,10,27,NA,8.76945747117949,23.6471486430535
2086-10-28 12:00:00,2086,10,28,NA,7.48599697176341,23.1782935215497
2086-10-29 12:00:00,2086,10,29,NA,10.2203171602179,20.7330838584663
2086-10-30 12:00:00,2086,10,30,NA,11.074833832765,22.8543285321173
2086-10-31 12:00:00,2086,10,31,NA,10.1207751845673,23.269845566644
2086-11-01 12:00:00,2086,11,1,NA,9.5909226115339,22.0822312518255
2086-11-02 12:00:00,2086,11,2,NA,12.1361509499496,24.6132702737364
2086-11-03 12:00:00,2086,11,3,NA,14.5271239199218,21.3171665514504
2086-11-04 12:00:00,2086,11,4,NA,8.7941538989836,17.0778270162717
2086-11-05 12:00:00,2086,11,5,NA,5.44207563112528,12.6673209942269
2086-11-06 12:00:00,2086,11,6,NA,7.33450385363933,15.764662687848
2086-11-07 12:00:00,2086,11,7,NA,2.43068625166212,18.8856533581335
2086-11-08 12:00:00,2086,11,8,NA,2.55253190472671,16.351095937728
2086-11-09 12:00:00,2086,11,9,NA,5.47723920915793,15.5960795854689
2086-11-10 12:00:00,2086,11,10,NA,5.49358774947674,18.6930334491415
2086-11-11 12:00:00,2086,11,11,NA,5.3203014987441,21.4971811713541
2086-11-12 12:00:00,2086,11,12,NA,7.16632291343463,22.1335893746289
2086-11-13 12:00:00,2086,11,13,NA,6.60659204969639,17.5968482752456
2086-11-14 12:00:00,2086,11,14,NA,5.7623976498949,16.1178425040755
2086-11-15 12:00:00,2086,11,15,NA,5.02429577837457,16.3878725096342
2086-11-16 12:00:00,2086,11,16,NA,2.68998482052916,14.7761523079623
2086-11-17 12:00:00,2086,11,17,NA,3.90243965861544,11.7599226144182
2086-11-18 12:00:00,2086,11,18,NA,5.58814497314958,19.605455352826
2086-11-19 12:00:00,2086,11,19,NA,11.6251021541326,19.0259870516962
2086-11-20 12:00:00,2086,11,20,NA,8.1531833264644,14.9432259579931
2086-11-21 12:00:00,2086,11,21,NA,2.34165609654462,7.22273853529047
2086-11-22 12:00:00,2086,11,22,NA,0.964192813488975,3.65049431546993
2086-11-23 12:00:00,2086,11,23,NA,0.692043891603239,5.63941482788508
2086-11-24 12:00:00,2086,11,24,NA,-2.65766357531319,6.66372359252319
2086-11-25 12:00:00,2086,11,25,NA,0.52740125734242,13.560770185896
2086-11-26 12:00:00,2086,11,26,NA,1.94001843044002,16.2811203683519
2086-11-27 12:00:00,2086,11,27,NA,5.38222198600348,16.7878559832682
2086-11-28 12:00:00,2086,11,28,NA,5.47876542472193,16.5874130232777
2086-11-29 12:00:00,2086,11,29,NA,4.28603280393459,14.9383314065281
2086-11-30 12:00:00,2086,11,30,NA,0.30563819544493,18.0432884503211
2086-12-01 12:00:00,2086,12,1,NA,-1.2109746078857,12.4725846945445
2086-12-02 12:00:00,2086,12,2,NA,-0.836695028419148,10.5835668872813
2086-12-03 12:00:00,2086,12,3,NA,-1.61300797975816,8.49486655805924
2086-12-04 12:00:00,2086,12,4,NA,-4.59660150826327,7.36372538540925
2086-12-05 12:00:00,2086,12,5,NA,-2.07561526318521,10.2351321858145
2086-12-06 12:00:00,2086,12,6,NA,1.99831534358178,8.78968377497113
2086-12-07 12:00:00,2086,12,7,NA,1.13660381326259,10.5963375514805
2086-12-08 12:00:00,2086,12,8,NA,-0.775286622081536,13.4547992585558
2086-12-09 12:00:00,2086,12,9,NA,-0.937498477843492,12.7095507366905
2086-12-10 12:00:00,2086,12,10,NA,-0.716171409349836,10.1170017088559
2086-12-11 12:00:00,2086,12,11,NA,-5.14321550089313,2.14787615117651
2086-12-12 12:00:00,2086,12,12,NA,-5.6780389208032,2.46993448087864
2086-12-13 12:00:00,2086,12,13,NA,-5.65769112839733,7.84041629193409
2086-12-14 12:00:00,2086,12,14,NA,-4.4294005249326,9.43896250685018
2086-12-15 12:00:00,2086,12,15,NA,-5.619778809004,6.61135120361763
2086-12-16 12:00:00,2086,12,16,NA,-5.33251363725162,2.00749821850173
2086-12-17 12:00:00,2086,12,17,NA,-1.08756430155738,10.0310937574283
2086-12-18 12:00:00,2086,12,18,NA,0.161610264443989,9.25718649366809
2086-12-19 12:00:00,2086,12,19,NA,-3.58170471899737,3.71616015612295
2086-12-20 12:00:00,2086,12,20,NA,0.555823602118767,7.96601678898638
2086-12-21 12:00:00,2086,12,21,NA,-1.59850209938223,5.19136389355433
2086-12-22 12:00:00,2086,12,22,NA,-2.68363294775749,9.97578822872178
2086-12-23 12:00:00,2086,12,23,NA,-1.56909269501572,8.93221514937294
2086-12-24 12:00:00,2086,12,24,NA,-1.50392314410252,8.25533096472827
2086-12-25 12:00:00,2086,12,25,NA,-1.56475647221802,10.0509231636321
2086-12-26 12:00:00,2086,12,26,NA,0.135248378777531,11.0441881216402
2086-12-27 12:00:00,2086,12,27,NA,-1.39077624701115,10.5262285681391
2086-12-28 12:00:00,2086,12,28,NA,-10.6448444198753,5.40836416938706
2086-12-29 12:00:00,2086,12,29,NA,-5.80798602988725,3.07610262902389
2086-12-30 12:00:00,2086,12,30,NA,-2.04463683891952,7.04939882712833
2086-12-31 12:00:00,2086,12,31,NA,0.580955918983435,12.8664795100694
2087-01-01 12:00:00,2087,1,1,NA,0.842955700403586,9.97816927194307
2087-01-02 12:00:00,2087,1,2,NA,-4.43469715457667,4.0176549950893
2087-01-03 12:00:00,2087,1,3,NA,-6.91235079501319,-1.0787386704998
2087-01-04 12:00:00,2087,1,4,NA,-2.82141822728412,6.6753520578436
2087-01-05 12:00:00,2087,1,5,NA,-2.16564209319017,7.82103088551509
2087-01-06 12:00:00,2087,1,6,NA,1.06964141681724,9.11690671758823
2087-01-07 12:00:00,2087,1,7,NA,1.52720159287411,9.56952241485418
2087-01-08 12:00:00,2087,1,8,NA,3.08748287558057,13.6793212624051
2087-01-09 12:00:00,2087,1,9,NA,2.86325511387546,12.6810858598828
2087-01-10 12:00:00,2087,1,10,NA,1.79306907511925,10.4391044758262
2087-01-11 12:00:00,2087,1,11,NA,-0.415877084241258,4.86928770512983
2087-01-12 12:00:00,2087,1,12,NA,-1.84637189269134,3.99764061384558
2087-01-13 12:00:00,2087,1,13,NA,-1.78130900492209,7.94665857641017
2087-01-14 12:00:00,2087,1,14,NA,-4.07262912271005,7.44778837253672
2087-01-15 12:00:00,2087,1,15,NA,-5.79985420904956,-1.2756056633171
2087-01-16 12:00:00,2087,1,16,NA,-6.78531304174188,-0.611740579206043
2087-01-17 12:00:00,2087,1,17,NA,-6.93907085256641,0.595743285058042
2087-01-18 12:00:00,2087,1,18,NA,-1.01750844024891,1.90797512451254
2087-01-19 12:00:00,2087,1,19,NA,-2.15760389016873,3.64631709102751
2087-01-20 12:00:00,2087,1,20,NA,-0.810348531919723,8.16757465746251
2087-01-21 12:00:00,2087,1,21,NA,4.17842285585281,12.2256881566238
2087-01-22 12:00:00,2087,1,22,NA,7.15890238826643,14.5441322250237
2087-01-23 12:00:00,2087,1,23,NA,1.70222527849263,7.24071884043422
2087-01-24 12:00:00,2087,1,24,NA,-3.34275312681832,6.36046758411021
2087-01-25 12:00:00,2087,1,25,NA,-3.57030373595673,5.51531853835584
2087-01-26 12:00:00,2087,1,26,NA,-0.564614847743616,11.3217748622355
2087-01-27 12:00:00,2087,1,27,NA,-1.46143036903938,5.0871261747754
2087-01-28 12:00:00,2087,1,28,NA,-2.3669940629504,4.70904881189068
2087-01-29 12:00:00,2087,1,29,NA,-4.25910847944098,5.83219553475378
2087-01-30 12:00:00,2087,1,30,NA,-4.6922719470388,3.76008020262718
2087-01-31 12:00:00,2087,1,31,NA,-5.45314736681485,4.70397092322474
2087-02-01 12:00:00,2087,2,1,NA,-3.09306757879087,6.31316371432489
2087-02-02 12:00:00,2087,2,2,NA,-0.645851631894465,12.7721338273563
2087-02-03 12:00:00,2087,2,3,NA,0.451792988794482,12.9774365122919
2087-02-04 12:00:00,2087,2,4,NA,-0.0745657532443049,12.709040327444
2087-02-05 12:00:00,2087,2,5,NA,2.90357348348109,14.4170367604683
2087-02-06 12:00:00,2087,2,6,NA,4.24179182870407,17.5010321485646
2087-02-07 12:00:00,2087,2,7,NA,3.24088630107381,14.7688005087017
2087-02-08 12:00:00,2087,2,8,NA,2.81253844257034,8.59433338131819
2087-02-09 12:00:00,2087,2,9,NA,4.35821848162942,12.5988229015032
2087-02-10 12:00:00,2087,2,10,NA,6.51916530603316,11.6790279116888
2087-02-11 12:00:00,2087,2,11,NA,1.94769430179112,13.5778041119226
2087-02-12 12:00:00,2087,2,12,NA,-0.559287845658562,9.12957498789928
2087-02-13 12:00:00,2087,2,13,NA,-0.0459794278872092,10.1258331205255
2087-02-14 12:00:00,2087,2,14,NA,1.02593084228765,6.78762219622301
2087-02-15 12:00:00,2087,2,15,NA,-8.78260872312724,-3.27338603594583
2087-02-16 12:00:00,2087,2,16,NA,-9.57738367077988,-3.74845144762754
2087-02-17 12:00:00,2087,2,17,NA,-6.2838393026309,0.857482115605658
2087-02-18 12:00:00,2087,2,18,NA,-5.19822099504291,9.26930969512072
2087-02-19 12:00:00,2087,2,19,NA,-3.8074564156166,8.85290005593308
2087-02-20 12:00:00,2087,2,20,NA,-3.16608067111918,6.78167808171563
2087-02-21 12:00:00,2087,2,21,NA,-2.11113963191533,8.70372605035616
2087-02-22 12:00:00,2087,2,22,NA,1.40300568225595,12.2786000504449
2087-02-23 12:00:00,2087,2,23,NA,1.02730462356618,6.66799401649166
2087-02-24 12:00:00,2087,2,24,NA,1.44800177546089,7.66089428613107
2087-02-25 12:00:00,2087,2,25,NA,1.50147752426249,14.5685392304079
2087-02-26 12:00:00,2087,2,26,NA,-2.63112308546059,5.60948133441323
2087-02-27 12:00:00,2087,2,27,NA,-4.45229640048146,11.0221007155859
2087-02-28 12:00:00,2087,2,28,NA,0.166757564563116,14.6471758298016
2087-03-01 12:00:00,2087,3,1,NA,3.36705516330688,9.00774455623237
2087-03-02 12:00:00,2087,3,2,NA,0.602301941879734,13.5683870801634
2087-03-03 12:00:00,2087,3,3,NA,1.41883372691542,14.5044537793845
2087-03-04 12:00:00,2087,3,4,NA,1.85834567109048,9.62723193935041
2087-03-05 12:00:00,2087,3,5,NA,1.5357725574279,8.67114194326287
2087-03-06 12:00:00,2087,3,6,NA,0.115266310175373,11.5121896293819
2087-03-07 12:00:00,2087,3,7,NA,5.46335878968684,13.1365483455046
2087-03-08 12:00:00,2087,3,8,NA,4.41001899886794,15.5735238098019
2087-03-09 12:00:00,2087,3,9,NA,4.09679048176351,17.7263692800863
2087-03-10 12:00:00,2087,3,10,NA,8.07601194311997,14.2156430511814
2087-03-11 12:00:00,2087,3,11,NA,5.03079419506186,15.6201900212869
2087-03-12 12:00:00,2087,3,12,NA,9.70975779768482,17.9202306270876
2087-03-13 12:00:00,2087,3,13,NA,10.7974126874282,19.6782848313738
2087-03-14 12:00:00,2087,3,14,NA,7.71188979324393,18.1483865166761
2087-03-15 12:00:00,2087,3,15,NA,5.50048207947257,17.3995112192494
2087-03-16 12:00:00,2087,3,16,NA,7.53505771369289,19.6348042149706
2087-03-17 12:00:00,2087,3,17,NA,9.56113131772433,22.846028784019
2087-03-18 12:00:00,2087,3,18,NA,14.3236497104948,21.123936683895
2087-03-19 12:00:00,2087,3,19,NA,9.3611200126394,21.118831944643
2087-03-20 12:00:00,2087,3,20,NA,10.9828540404779,15.9537820826323
2087-03-21 12:00:00,2087,3,21,NA,4.80265161359803,9.21434020742824
2087-03-22 12:00:00,2087,3,22,NA,-0.239154570164982,6.67001917717362
2087-03-23 12:00:00,2087,3,23,NA,-1.9551435217316,6.3967244109379
2087-03-24 12:00:00,2087,3,24,NA,-1.44363786146866,11.1293049017298
2087-03-25 12:00:00,2087,3,25,NA,0.472697349718502,9.58468460343295
2087-03-26 12:00:00,2087,3,26,NA,-1.64775357360165,12.6170864799287
2087-03-27 12:00:00,2087,3,27,NA,1.284177849496,11.1946722847237
2087-03-28 12:00:00,2087,3,28,NA,-0.899355617375032,12.0800741914803
2087-03-29 12:00:00,2087,3,29,NA,-1.8524062351093,12.946657604068
2087-03-30 12:00:00,2087,3,30,NA,-0.349484135366636,15.3884980636564
2087-03-31 12:00:00,2087,3,31,NA,0.573330946412081,14.6045162876067
2087-04-01 12:00:00,2087,4,1,NA,2.03998525612797,14.6129280193264
2087-04-02 12:00:00,2087,4,2,NA,3.17276401087301,15.6794866781375
2087-04-03 12:00:00,2087,4,3,NA,5.21353186845092,13.1500778195067
2087-04-04 12:00:00,2087,4,4,NA,3.21591608281611,10.1028260053346
2087-04-05 12:00:00,2087,4,5,NA,5.11396201247793,21.1254388914906
2087-04-06 12:00:00,2087,4,6,NA,5.08525528050727,19.2231143273827
2087-04-07 12:00:00,2087,4,7,NA,10.2733304241863,14.9660557650712
2087-04-08 12:00:00,2087,4,8,NA,4.1320084413413,6.86497431352966
2087-04-09 12:00:00,2087,4,9,NA,1.01675550186919,13.8022438382476
2087-04-10 12:00:00,2087,4,10,NA,1.14145760852797,17.3523952660538
2087-04-11 12:00:00,2087,4,11,NA,1.71047727375795,17.1440842622736
2087-04-12 12:00:00,2087,4,12,NA,4.71133842397181,15.6038463241496
2087-04-13 12:00:00,2087,4,13,NA,1.07667687206802,18.9145113547718
2087-04-14 12:00:00,2087,4,14,NA,6.30378497650187,23.5467701336934
2087-04-15 12:00:00,2087,4,15,NA,6.24906914386763,24.1364868960144
2087-04-16 12:00:00,2087,4,16,NA,9.21572854865644,27.5386536270692
2087-04-17 12:00:00,2087,4,17,NA,9.9973466694678,29.7184536354718
2087-04-18 12:00:00,2087,4,18,NA,8.28896034772495,24.3868298538463
2087-04-19 12:00:00,2087,4,19,NA,11.4382231369207,26.8828790718782
2087-04-20 12:00:00,2087,4,20,NA,11.5875031267238,27.5863711844236
2087-04-21 12:00:00,2087,4,21,NA,16.2326737541879,24.97990062072
2087-04-22 12:00:00,2087,4,22,NA,12.0872633175505,25.8705015395368
2087-04-23 12:00:00,2087,4,23,NA,12.8721878201594,24.150047033702
2087-04-24 12:00:00,2087,4,24,NA,12.1030748913116,26.1376038852145
2087-04-25 12:00:00,2087,4,25,NA,10.4102246475898,25.7204581010051
2087-04-26 12:00:00,2087,4,26,NA,11.4309532940218,21.2607896316741
2087-04-27 12:00:00,2087,4,27,NA,13.6533634673088,26.7944589209328
2087-04-28 12:00:00,2087,4,28,NA,7.50511596817305,21.4265380813575
2087-04-29 12:00:00,2087,4,29,NA,8.69969059317387,24.6941203605936
2087-04-30 12:00:00,2087,4,30,NA,10.1316651132428,25.4418985666581
2087-05-01 12:00:00,2087,5,1,NA,9.36247409072694,24.3732442021032
2087-05-02 12:00:00,2087,5,2,NA,9.70347779039605,22.6034420418631
2087-05-03 12:00:00,2087,5,3,NA,8.78556643860713,24.2125845966501
2087-05-04 12:00:00,2087,5,4,NA,9.74425742395165,25.0525868684569
2087-05-05 12:00:00,2087,5,5,NA,10.2256085236161,26.3715496165927
2087-05-06 12:00:00,2087,5,6,NA,12.1642259737392,28.3138773446896
2087-05-07 12:00:00,2087,5,7,NA,12.5594012779712,28.2163113224978
2087-05-08 12:00:00,2087,5,8,NA,16.5816130363832,26.5246540051102
2087-05-09 12:00:00,2087,5,9,NA,13.5647616848327,30.0292058740517
2087-05-10 12:00:00,2087,5,10,NA,14.8771500902833,29.833126738817
2087-05-11 12:00:00,2087,5,11,NA,14.5299741731587,30.6657556271537
2087-05-12 12:00:00,2087,5,12,NA,14.7858882779344,30.5321772439042
2087-05-13 12:00:00,2087,5,13,NA,15.8862926762474,29.9758313642544
2087-05-14 12:00:00,2087,5,14,NA,16.965353025066,26.8219599267932
2087-05-15 12:00:00,2087,5,15,NA,17.9690066087759,24.6337543390871
2087-05-16 12:00:00,2087,5,16,NA,16.1944526354752,21.0997250394412
2087-05-17 12:00:00,2087,5,17,NA,13.3223737599721,26.6403242651032
2087-05-18 12:00:00,2087,5,18,NA,12.8346129379422,18.4300109773689
2087-05-19 12:00:00,2087,5,19,NA,11.7029706212919,23.2075031543348
2087-05-20 12:00:00,2087,5,20,NA,13.4669160931317,23.840412073565
2087-05-21 12:00:00,2087,5,21,NA,15.3855380445302,25.1875431716272
2087-05-22 12:00:00,2087,5,22,NA,14.9768504733085,29.6127579796478
2087-05-23 12:00:00,2087,5,23,NA,13.8792259338719,26.7050909005717
2087-05-24 12:00:00,2087,5,24,NA,14.1851263039317,22.4891734674509
2087-05-25 12:00:00,2087,5,25,NA,14.461090136511,24.6809275147073
2087-05-26 12:00:00,2087,5,26,NA,13.504529086814,19.2624636638576
2087-05-27 12:00:00,2087,5,27,NA,11.0145739680282,25.7962632445192
2087-05-28 12:00:00,2087,5,28,NA,10.3886250774556,23.7750111997752
2087-05-29 12:00:00,2087,5,29,NA,10.8500663247935,28.7054541292474
2087-05-30 12:00:00,2087,5,30,NA,14.7438645017485,31.3877941211778
2087-05-31 12:00:00,2087,5,31,NA,18.9531637776698,32.1899028439499
2087-06-01 12:00:00,2087,6,1,NA,19.1291870838141,33.1337626057454
2087-06-02 12:00:00,2087,6,2,NA,21.0562026231028,28.8156597501943
2087-06-03 12:00:00,2087,6,3,NA,17.9026502783944,28.563661717461
2087-06-04 12:00:00,2087,6,4,NA,19.4436990154072,28.5465412841914
2087-06-05 12:00:00,2087,6,5,NA,19.1340550274928,22.7535659460371
2087-06-06 12:00:00,2087,6,6,NA,17.4661650675044,28.6929044689685
2087-06-07 12:00:00,2087,6,7,NA,16.8317579997444,31.7949345240954
2087-06-08 12:00:00,2087,6,8,NA,12.4119478771534,31.4847607747966
2087-06-09 12:00:00,2087,6,9,NA,15.5952482387058,31.6288157857442
2087-06-10 12:00:00,2087,6,10,NA,19.2771752646214,29.2764918641984
2087-06-11 12:00:00,2087,6,11,NA,19.7154618747676,25.7332548224186
2087-06-12 12:00:00,2087,6,12,NA,21.5468010431388,24.6212988832152
2087-06-13 12:00:00,2087,6,13,NA,18.5900261170149,26.3812203204033
2087-06-14 12:00:00,2087,6,14,NA,19.0666000265062,28.3051003430176
2087-06-15 12:00:00,2087,6,15,NA,20.0256260028787,23.8953538969961
2087-06-16 12:00:00,2087,6,16,NA,19.6045598897613,27.6090692417607
2087-06-17 12:00:00,2087,6,17,NA,16.8353307823842,22.3655074140505
2087-06-18 12:00:00,2087,6,18,NA,17.4103508058798,26.5092941965878
2087-06-19 12:00:00,2087,6,19,NA,16.5229914411915,28.5362539346352
2087-06-20 12:00:00,2087,6,20,NA,15.9434059730362,25.1135862397768
2087-06-21 12:00:00,2087,6,21,NA,20.19257941865,29.8687448667583
2087-06-22 12:00:00,2087,6,22,NA,24.0230760857134,31.0390303498403
2087-06-23 12:00:00,2087,6,23,NA,26.0780134046578,28.3114855300059
2087-06-24 12:00:00,2087,6,24,NA,24.6917554258712,28.7345629685586
2087-06-25 12:00:00,2087,6,25,NA,21.1483839134955,34.5287988978199
2087-06-26 12:00:00,2087,6,26,NA,24.5726654978396,31.3474666918848
2087-06-27 12:00:00,2087,6,27,NA,26.5724637771861,30.6152713198735
2087-06-28 12:00:00,2087,6,28,NA,23.4490791011052,31.1268538023557
2087-06-29 12:00:00,2087,6,29,NA,21.1532142563579,24.164236543125
2087-06-30 12:00:00,2087,6,30,NA,19.7046519902469,27.9800107781431
2087-07-01 12:00:00,2087,7,1,NA,18.8419878434116,30.0530301689398
2087-07-02 12:00:00,2087,7,2,NA,24.3503796857601,31.5314619637909
2087-07-03 12:00:00,2087,7,3,NA,21.1161194557484,31.5622458861297
2087-07-04 12:00:00,2087,7,4,NA,20.6620548224713,33.090497070113
2087-07-05 12:00:00,2087,7,5,NA,22.734900467316,31.8418907689572
2087-07-06 12:00:00,2087,7,6,NA,23.5634575151203,31.0520073191196
2087-07-07 12:00:00,2087,7,7,NA,22.9296389868797,32.8349988953565
2087-07-08 12:00:00,2087,7,8,NA,22.4953496644537,33.8709220376306
2087-07-09 12:00:00,2087,7,9,NA,25.1086271198537,32.9521184683737
2087-07-10 12:00:00,2087,7,10,NA,23.6506990578603,31.1757019428181
2087-07-11 12:00:00,2087,7,11,NA,22.4278814377906,32.0473956273634
2087-07-12 12:00:00,2087,7,12,NA,25.8255851257605,33.6690764742805
2087-07-13 12:00:00,2087,7,13,NA,23.0872314033001,35.3074975247512
2087-07-14 12:00:00,2087,7,14,NA,25.7054404903019,33.937149511571
2087-07-15 12:00:00,2087,7,15,NA,26.6932352447822,34.8329835586076
2087-07-16 12:00:00,2087,7,16,NA,26.2311405794818,35.6968908653593
2087-07-17 12:00:00,2087,7,17,NA,26.0377572994604,35.2655682374021
2087-07-18 12:00:00,2087,7,18,NA,28.4684177820136,33.7718962435485
2087-07-19 12:00:00,2087,7,19,NA,25.8118992744095,30.3227094388314
2087-07-20 12:00:00,2087,7,20,NA,28.304443970853,30.2572837327863
2087-07-21 12:00:00,2087,7,21,NA,26.7162702782442,32.1597038124152
2087-07-22 12:00:00,2087,7,22,NA,24.9285158657532,33.9209988656342
2087-07-23 12:00:00,2087,7,23,NA,25.9028395949226,29.7184078277298
2087-07-24 12:00:00,2087,7,24,NA,24.0447891869186,32.1481565619891
2087-07-25 12:00:00,2087,7,25,NA,23.6640683584998,32.3702871997573
2087-07-26 12:00:00,2087,7,26,NA,25.2031200680589,31.0255346244412
2087-07-27 12:00:00,2087,7,27,NA,27.1677571525119,32.9105867756175
2087-07-28 12:00:00,2087,7,28,NA,26.1354059760968,33.802843513757
2087-07-29 12:00:00,2087,7,29,NA,21.089924900335,23.0951402527808
2087-07-30 12:00:00,2087,7,30,NA,20.8448258588262,28.488449971171
2087-07-31 12:00:00,2087,7,31,NA,23.1707855763814,32.1142070560175
2087-08-01 12:00:00,2087,8,1,NA,23.2553392908825,32.8646128566011
2087-08-02 12:00:00,2087,8,2,NA,22.0313800597087,32.1137034723151
2087-08-03 12:00:00,2087,8,3,NA,23.3381892044202,33.7443734639622
2087-08-04 12:00:00,2087,8,4,NA,25.5827887085204,31.9415218400453
2087-08-05 12:00:00,2087,8,5,NA,25.1128215376341,33.559461241779
2087-08-06 12:00:00,2087,8,6,NA,25.0748909761578,37.0862958268138
2087-08-07 12:00:00,2087,8,7,NA,25.432545212478,37.3979246954145
2087-08-08 12:00:00,2087,8,8,NA,24.6907699122184,36.0814456056843
2087-08-09 12:00:00,2087,8,9,NA,23.131147464976,30.8225789979751
2087-08-10 12:00:00,2087,8,10,NA,27.7522118265802,31.7597549054964
2087-08-11 12:00:00,2087,8,11,NA,26.6930836880564,30.5377471183347
2087-08-12 12:00:00,2087,8,12,NA,25.0409432003475,31.7705832860372
2087-08-13 12:00:00,2087,8,13,NA,23.4068991941116,28.4309026599074
2087-08-14 12:00:00,2087,8,14,NA,20.7336195051728,29.9406975796097
2087-08-15 12:00:00,2087,8,15,NA,21.3762129067091,31.8637773615645
2087-08-16 12:00:00,2087,8,16,NA,26.0421089070452,33.5333696781855
2087-08-17 12:00:00,2087,8,17,NA,25.8253513022156,33.8827116022876
2087-08-18 12:00:00,2087,8,18,NA,25.6621920608438,28.2773709302281
2087-08-19 12:00:00,2087,8,19,NA,23.2792058854437,25.2049004525798
2087-08-20 12:00:00,2087,8,20,NA,22.5679742005163,26.7824778979307
2087-08-21 12:00:00,2087,8,21,NA,22.9433843256763,32.4737570095185
2087-08-22 12:00:00,2087,8,22,NA,24.9155869246837,34.7523010850537
2087-08-23 12:00:00,2087,8,23,NA,24.3733909138312,34.9379381450662
2087-08-24 12:00:00,2087,8,24,NA,23.9478930272635,33.0977112367291
2087-08-25 12:00:00,2087,8,25,NA,24.3228750433488,31.0611706121957
2087-08-26 12:00:00,2087,8,26,NA,23.4106586262839,29.2818158855132
2087-08-27 12:00:00,2087,8,27,NA,19.652334907831,23.2304187633475
2087-08-28 12:00:00,2087,8,28,NA,18.7550876301912,27.0579058049055
2087-08-29 12:00:00,2087,8,29,NA,19.4164716020206,30.6793337502474
2087-08-30 12:00:00,2087,8,30,NA,20.8800607867737,30.7838493985988
2087-08-31 12:00:00,2087,8,31,NA,23.2368074651034,28.3107818411057
2087-09-01 12:00:00,2087,9,1,NA,21.7376087990226,30.2738026228742
2087-09-02 12:00:00,2087,9,2,NA,18.8542604071299,32.0886322832321
2087-09-03 12:00:00,2087,9,3,NA,22.6230229978491,33.9994886098984
2087-09-04 12:00:00,2087,9,4,NA,22.9009418915682,33.963741635554
2087-09-05 12:00:00,2087,9,5,NA,23.0868790591856,36.5068969394961
2087-09-06 12:00:00,2087,9,6,NA,23.8045770201401,35.2167243321096
2087-09-07 12:00:00,2087,9,7,NA,22.3254107791165,32.9081918221307
2087-09-08 12:00:00,2087,9,8,NA,20.1485387249841,33.9693418168604
2087-09-09 12:00:00,2087,9,9,NA,21.2825784570137,30.9932061847897
2087-09-10 12:00:00,2087,9,10,NA,20.01849831271,30.56179022858
2087-09-11 12:00:00,2087,9,11,NA,18.8741646521313,28.0156147096114
2087-09-12 12:00:00,2087,9,12,NA,20.0028030797675,26.8474549916219
2087-09-13 12:00:00,2087,9,13,NA,19.5215578871715,30.9325382691641
2087-09-14 12:00:00,2087,9,14,NA,19.0756730745022,30.6141914483128
2087-09-15 12:00:00,2087,9,15,NA,20.3704693339527,31.9317001865084
2087-09-16 12:00:00,2087,9,16,NA,20.4242998552275,30.6906225195896
2087-09-17 12:00:00,2087,9,17,NA,24.5703644330799,28.0452970233782
2087-09-18 12:00:00,2087,9,18,NA,19.8326009216287,22.7077327551469
2087-09-19 12:00:00,2087,9,19,NA,19.3880299494039,25.3176513493625
2087-09-20 12:00:00,2087,9,20,NA,20.5854578276732,28.5296384593202
2087-09-21 12:00:00,2087,9,21,NA,18.6481337026214,29.4940778242291
2087-09-22 12:00:00,2087,9,22,NA,19.9219879241458,29.4068616444846
2087-09-23 12:00:00,2087,9,23,NA,18.6075727660284,26.6792471828094
2087-09-24 12:00:00,2087,9,24,NA,16.5030920530018,26.912346532972
2087-09-25 12:00:00,2087,9,25,NA,17.7145793685042,27.8102194715693
2087-09-26 12:00:00,2087,9,26,NA,17.5570326304156,27.3263644980048
2087-09-27 12:00:00,2087,9,27,NA,16.3346500647069,27.8826457088621
2087-09-28 12:00:00,2087,9,28,NA,15.8643471378777,25.4506456473267
2087-09-29 12:00:00,2087,9,29,NA,17.0527366396721,27.1350427025053
2087-09-30 12:00:00,2087,9,30,NA,14.9797888334787,20.8517771481606
2087-10-01 12:00:00,2087,10,1,NA,13.1566200851575,15.7688607869765
2087-10-02 12:00:00,2087,10,2,NA,10.7183769237661,22.0754863599777
2087-10-03 12:00:00,2087,10,3,NA,15.1779978999307,24.9189123279008
2087-10-04 12:00:00,2087,10,4,NA,13.2548268959915,24.157625691547
2087-10-05 12:00:00,2087,10,5,NA,12.9085496102474,25.4241915803734
2087-10-06 12:00:00,2087,10,6,NA,15.6574486838575,27.3034874080149
2087-10-07 12:00:00,2087,10,7,NA,14.0528114952536,28.5898073721292
2087-10-08 12:00:00,2087,10,8,NA,13.2062717509889,20.854973765203
2087-10-09 12:00:00,2087,10,9,NA,8.42627708639957,17.9001262628228
2087-10-10 12:00:00,2087,10,10,NA,9.80940942119457,22.5826558080086
2087-10-11 12:00:00,2087,10,11,NA,9.92792490390931,23.3061962711839
2087-10-12 12:00:00,2087,10,12,NA,14.9415211158461,21.3705877326541
2087-10-13 12:00:00,2087,10,13,NA,13.0904503729975,22.6643497240428
2087-10-14 12:00:00,2087,10,14,NA,11.5897987931809,24.077052692288
2087-10-15 12:00:00,2087,10,15,NA,11.4641387498231,27.0606843018247
2087-10-16 12:00:00,2087,10,16,NA,13.6563281592108,28.5022218161976
2087-10-17 12:00:00,2087,10,17,NA,14.4865067367343,26.9392840004945
2087-10-18 12:00:00,2087,10,18,NA,12.9306271203783,25.347640463291
2087-10-19 12:00:00,2087,10,19,NA,17.2663854856909,24.4518350702166
2087-10-20 12:00:00,2087,10,20,NA,11.7173049293018,22.1299528124561
2087-10-21 12:00:00,2087,10,21,NA,7.93595732067185,17.718838019702
2087-10-22 12:00:00,2087,10,22,NA,5.33501482761107,14.17771038967
2087-10-23 12:00:00,2087,10,23,NA,3.2064037063743,21.6116836104981
2087-10-24 12:00:00,2087,10,24,NA,10.5847164536512,20.613144251221
2087-10-25 12:00:00,2087,10,25,NA,10.1643861408836,19.9897897235373
2087-10-26 12:00:00,2087,10,26,NA,9.3090814659764,23.749187704268
2087-10-27 12:00:00,2087,10,27,NA,7.9368440604295,12.8019074149583
2087-10-28 12:00:00,2087,10,28,NA,7.39378683285269,10.3623620115851
2087-10-29 12:00:00,2087,10,29,NA,6.31593229457312,9.4039340562087
2087-10-30 12:00:00,2087,10,30,NA,7.45354962929193,20.7216077526847
2087-10-31 12:00:00,2087,10,31,NA,9.54737566053589,21.0791397958508
2087-11-01 12:00:00,2087,11,1,NA,9.01021655152686,19.2604798154005
2087-11-02 12:00:00,2087,11,2,NA,8.36722812439087,19.6264109784751
2087-11-03 12:00:00,2087,11,3,NA,6.91717016026166,16.225513653873
2087-11-04 12:00:00,2087,11,4,NA,5.7824269622047,18.3323297798565
2087-11-05 12:00:00,2087,11,5,NA,9.66463429746963,21.7062670785845
2087-11-06 12:00:00,2087,11,6,NA,8.25900806213167,22.9926426833578
2087-11-07 12:00:00,2087,11,7,NA,10.2298457125382,19.1425605371638
2087-11-08 12:00:00,2087,11,8,NA,6.28991416922834,15.9428362997845
2087-11-09 12:00:00,2087,11,9,NA,4.15302629046404,19.0895796757312
2087-11-10 12:00:00,2087,11,10,NA,5.91925214575478,13.5751204370911
2087-11-11 12:00:00,2087,11,11,NA,4.75147150585767,14.3626648125781
2087-11-12 12:00:00,2087,11,12,NA,4.58703993088997,16.1378787379934
2087-11-13 12:00:00,2087,11,13,NA,3.01974929071961,17.9106881549298
2087-11-14 12:00:00,2087,11,14,NA,6.01726171821715,13.1897176066611
2087-11-15 12:00:00,2087,11,15,NA,5.6041259294562,16.567341709618
2087-11-16 12:00:00,2087,11,16,NA,6.73848148136321,19.1571363172181
2087-11-17 12:00:00,2087,11,17,NA,7.04119112622729,15.7366215222262
2087-11-18 12:00:00,2087,11,18,NA,4.08031747290348,13.602362838284
2087-11-19 12:00:00,2087,11,19,NA,1.92040392439758,18.0972835970076
2087-11-20 12:00:00,2087,11,20,NA,4.49400252406687,19.924482470389
2087-11-21 12:00:00,2087,11,21,NA,4.35563731919968,13.3482711710628
2087-11-22 12:00:00,2087,11,22,NA,2.1903059982288,17.7157169394295
2087-11-23 12:00:00,2087,11,23,NA,-0.697696690059687,14.5331117372576
2087-11-24 12:00:00,2087,11,24,NA,-2.63613603712908,12.548961687407
2087-11-25 12:00:00,2087,11,25,NA,-0.254951486239408,14.6359873779708
2087-11-26 12:00:00,2087,11,26,NA,1.29393069506856,14.3235362338129
2087-11-27 12:00:00,2087,11,27,NA,2.58516676575421,14.8442492301662
2087-11-28 12:00:00,2087,11,28,NA,8.2895410802918,10.1838745814742
2087-11-29 12:00:00,2087,11,29,NA,3.24968846884175,10.4221443572857
2087-11-30 12:00:00,2087,11,30,NA,1.80064070852783,14.7374602398026
2087-12-01 12:00:00,2087,12,1,NA,0.724060084243271,14.3352141476417
2087-12-02 12:00:00,2087,12,2,NA,1.87585472405358,6.28321267397104
2087-12-03 12:00:00,2087,12,3,NA,1.00693599630841,9.5050572045355
2087-12-04 12:00:00,2087,12,4,NA,0.405323479587213,12.3825878826586
2087-12-05 12:00:00,2087,12,5,NA,2.04383559624078,12.7590505386812
2087-12-06 12:00:00,2087,12,6,NA,1.5455574856974,7.17190145775747
2087-12-07 12:00:00,2087,12,7,NA,2.19254328219,10.4394285701803
2087-12-08 12:00:00,2087,12,8,NA,1.3746866139332,15.4027117471234
2087-12-09 12:00:00,2087,12,9,NA,2.99877981418744,14.9157846293377
2087-12-10 12:00:00,2087,12,10,NA,2.09169840580185,11.835716101741
2087-12-11 12:00:00,2087,12,11,NA,4.08256856133805,12.5138857660994
2087-12-12 12:00:00,2087,12,12,NA,2.20721273732501,15.7515730256974
2087-12-13 12:00:00,2087,12,13,NA,-1.19567262089701,11.2984724509387
2087-12-14 12:00:00,2087,12,14,NA,1.96458896037052,10.7288225199033
2087-12-15 12:00:00,2087,12,15,NA,0.467038625645971,7.59345142891251
2087-12-16 12:00:00,2087,12,16,NA,-1.4469752972151,9.70963559930357
2087-12-17 12:00:00,2087,12,17,NA,-0.365692782702027,4.57930495806298
2087-12-18 12:00:00,2087,12,18,NA,-2.19496945823802,6.90673585083304
2087-12-19 12:00:00,2087,12,19,NA,-5.40891264235945,0.616025281729587
2087-12-20 12:00:00,2087,12,20,NA,-2.98087561864065,4.97863897724717
2087-12-21 12:00:00,2087,12,21,NA,-0.915785009191699,7.43393820282636
2087-12-22 12:00:00,2087,12,22,NA,-2.65701938165914,5.84110182656795
2087-12-23 12:00:00,2087,12,23,NA,-5.7024639847172,8.63598848643789
2087-12-24 12:00:00,2087,12,24,NA,-3.75567073194595,6.38838881871356
2087-12-25 12:00:00,2087,12,25,NA,-3.8782845693191,4.09905645750489
2087-12-26 12:00:00,2087,12,26,NA,-2.60501048657046,9.77483628883235
2087-12-27 12:00:00,2087,12,27,NA,-0.965985216388285,12.6810639981457
2087-12-28 12:00:00,2087,12,28,NA,-1.48636498802066,7.81724608333953
2087-12-29 12:00:00,2087,12,29,NA,1.66177043290313,10.7724212714788
2087-12-30 12:00:00,2087,12,30,NA,4.49988176090588,9.55331465902907
2087-12-31 12:00:00,2087,12,31,NA,5.88142338147902,7.90884899482445
2088-01-01 12:00:00,2088,1,1,NA,1.14415198293581,6.75597509927442
2088-01-02 12:00:00,2088,1,2,NA,0.915147631234025,14.2024669234527
2088-01-03 12:00:00,2088,1,3,NA,3.6693105379344,14.4215664341836
2088-01-04 12:00:00,2088,1,4,NA,3.05939430699496,11.7529113704967
2088-01-05 12:00:00,2088,1,5,NA,1.84775620112714,12.0800374172581
2088-01-06 12:00:00,2088,1,6,NA,-0.0990883180645223,11.1315207855992
2088-01-07 12:00:00,2088,1,7,NA,1.75644054886903,7.59005267338243
2088-01-08 12:00:00,2088,1,8,NA,-1.79892830244507,5.18332489217478
2088-01-09 12:00:00,2088,1,9,NA,-2.54481738096719,4.8086831116328
2088-01-10 12:00:00,2088,1,10,NA,-1.73965910010521,5.41878771879298
2088-01-11 12:00:00,2088,1,11,NA,-1.31947938958904,12.3991567202964
2088-01-12 12:00:00,2088,1,12,NA,-2.64054566424756,6.61253468385915
2088-01-13 12:00:00,2088,1,13,NA,-5.6444123827876,-0.41092040878415
2088-01-14 12:00:00,2088,1,14,NA,-7.94115146117321,-0.876306069063837
2088-01-15 12:00:00,2088,1,15,NA,-7.72989328925471,-0.175306387285312
2088-01-16 12:00:00,2088,1,16,NA,-8.86508873923141,-1.14162207017408
2088-01-17 12:00:00,2088,1,17,NA,-9.3223734044049,3.79208255751727
2088-01-18 12:00:00,2088,1,18,NA,-6.67815195603118,4.88551293810034
2088-01-19 12:00:00,2088,1,19,NA,-5.76226919390814,7.30813410284698
2088-01-20 12:00:00,2088,1,20,NA,-3.06773525575877,7.15442159871957
2088-01-21 12:00:00,2088,1,21,NA,-1.96248198415857,3.07798614993017
2088-01-22 12:00:00,2088,1,22,NA,-3.58098528941239,5.5498499857242
2088-01-23 12:00:00,2088,1,23,NA,-4.09052880873887,8.39198830606868
2088-01-24 12:00:00,2088,1,24,NA,-3.38675884081536,6.23187455750536
2088-01-25 12:00:00,2088,1,25,NA,-1.97596118460818,5.25569649990554
2088-01-26 12:00:00,2088,1,26,NA,-2.62088409744104,3.57918038185799
2088-01-27 12:00:00,2088,1,27,NA,-0.303319789169346,4.96940636659848
2088-01-28 12:00:00,2088,1,28,NA,-0.415805761429705,3.60104670176385
2088-01-29 12:00:00,2088,1,29,NA,-0.974578510674357,7.10649684280216
2088-01-30 12:00:00,2088,1,30,NA,0.762875002683463,10.2855151419315
2088-01-31 12:00:00,2088,1,31,NA,-0.557362358105935,9.42931062059932
2088-02-01 12:00:00,2088,2,1,NA,-1.42549348162543,5.90015669599027
2088-02-02 12:00:00,2088,2,2,NA,-0.897796135317525,8.25993601913443
2088-02-03 12:00:00,2088,2,3,NA,-5.23345227640343,4.43218929321662
2088-02-04 12:00:00,2088,2,4,NA,-5.92778058424304,10.7894916866596
2088-02-05 12:00:00,2088,2,5,NA,-2.43068701529262,10.3039399654919
2088-02-06 12:00:00,2088,2,6,NA,-0.0811677447841026,10.8447094030544
2088-02-07 12:00:00,2088,2,7,NA,-1.70241500745704,11.1707150013106
2088-02-08 12:00:00,2088,2,8,NA,-4.69467833531739,6.05826755395227
2088-02-09 12:00:00,2088,2,9,NA,-5.63295404237763,8.76011565029311
2088-02-10 12:00:00,2088,2,10,NA,-3.05656921337218,10.8055646398616
2088-02-11 12:00:00,2088,2,11,NA,-3.43126728482714,9.66287923686764
2088-02-12 12:00:00,2088,2,12,NA,-5.73705519733946,7.93624244117877
2088-02-13 12:00:00,2088,2,13,NA,-0.115190079094599,8.22089865786193
2088-02-14 12:00:00,2088,2,14,NA,0.166189757477827,14.4658072795976
2088-02-15 12:00:00,2088,2,15,NA,0.53097046009228,10.4788556843214
2088-02-16 12:00:00,2088,2,16,NA,0.611325358964583,11.5286356634912
2088-02-17 12:00:00,2088,2,17,NA,1.90007809110436,13.8900937010824
2088-02-18 12:00:00,2088,2,18,NA,2.10103208035965,13.5247463404468
2088-02-19 12:00:00,2088,2,19,NA,1.53094166904287,7.04016435622428
2088-02-20 12:00:00,2088,2,20,NA,1.66503660409067,7.20064092684895
2088-02-21 12:00:00,2088,2,21,NA,-0.394393261893555,6.09730284899302
2088-02-22 12:00:00,2088,2,22,NA,-0.401616030214275,7.86687415492651
2088-02-23 12:00:00,2088,2,23,NA,-1.18343339811001,10.1635311002099
2088-02-24 12:00:00,2088,2,24,NA,-3.15506129908758,2.48562809383791
2088-02-25 12:00:00,2088,2,25,NA,-1.73843675549052,9.13869450190461
2088-02-26 12:00:00,2088,2,26,NA,-0.192322642867643,6.69970842023892
2088-02-27 12:00:00,2088,2,27,NA,-1.55994473119483,10.8252267684897
2088-02-28 12:00:00,2088,2,28,NA,1.47308878801635,14.5376696360069
2088-02-29 12:00:00,2088,2,29,NA,-2.63676321509129,8.52425249046152
2088-03-01 12:00:00,2088,3,1,NA,-1.79405898207456,2.36468790508934
2088-03-02 12:00:00,2088,3,2,NA,-0.697773309008237,6.75862773593342
2088-03-03 12:00:00,2088,3,3,NA,1.88026831489963,11.1246209870528
2088-03-04 12:00:00,2088,3,4,NA,4.85570702971434,15.9857681049686
2088-03-05 12:00:00,2088,3,5,NA,4.47177615642332,11.0732764239078
2088-03-06 12:00:00,2088,3,6,NA,0.207959458740529,10.8929587575331
2088-03-07 12:00:00,2088,3,7,NA,-0.686651459011985,15.3474493300716
2088-03-08 12:00:00,2088,3,8,NA,3.04568790220695,19.9921013313067
2088-03-09 12:00:00,2088,3,9,NA,7.98336509739029,18.9531355714915
2088-03-10 12:00:00,2088,3,10,NA,6.78619728117187,16.8910687612862
2088-03-11 12:00:00,2088,3,11,NA,3.2520260420626,16.1791048225464
2088-03-12 12:00:00,2088,3,12,NA,4.15452297506927,16.2153484506818
2088-03-13 12:00:00,2088,3,13,NA,5.29512753950006,13.2690903613222
2088-03-14 12:00:00,2088,3,14,NA,4.64328451486214,9.83378849074253
2088-03-15 12:00:00,2088,3,15,NA,3.95821696448645,17.6240301547277
2088-03-16 12:00:00,2088,3,16,NA,3.46007805700849,14.5435728611439
2088-03-17 12:00:00,2088,3,17,NA,3.03211469464506,11.7707508301545
2088-03-18 12:00:00,2088,3,18,NA,1.14499520759093,15.3413852594739
2088-03-19 12:00:00,2088,3,19,NA,-1.69229670015012,15.6258789962551
2088-03-20 12:00:00,2088,3,20,NA,1.43266873712078,20.0777099997245
2088-03-21 12:00:00,2088,3,21,NA,3.87840554843244,21.1545773566013
2088-03-22 12:00:00,2088,3,22,NA,2.39639375291715,17.047419075022
2088-03-23 12:00:00,2088,3,23,NA,0.395009053027282,15.2312860264452
2088-03-24 12:00:00,2088,3,24,NA,3.34223563002938,17.5807250259447
2088-03-25 12:00:00,2088,3,25,NA,3.95846205489446,19.2113730744261
2088-03-26 12:00:00,2088,3,26,NA,5.0728019235161,20.3659765647132
2088-03-27 12:00:00,2088,3,27,NA,1.75548354570975,19.756255138176
2088-03-28 12:00:00,2088,3,28,NA,3.01896037340648,19.4479455550149
2088-03-29 12:00:00,2088,3,29,NA,5.41877191309138,20.2550488865093
2088-03-30 12:00:00,2088,3,30,NA,9.69351852525267,22.5712609825919
2088-03-31 12:00:00,2088,3,31,NA,7.30880823313798,23.3763338255907
2088-04-01 12:00:00,2088,4,1,NA,7.19568836016494,27.2656000011358
2088-04-02 12:00:00,2088,4,2,NA,6.55746485392506,26.6780986414231
2088-04-03 12:00:00,2088,4,3,NA,6.43389252772276,24.2830822877472
2088-04-04 12:00:00,2088,4,4,NA,6.79473753929061,25.8181058756374
2088-04-05 12:00:00,2088,4,5,NA,8.49588617940039,26.3450759394249
2088-04-06 12:00:00,2088,4,6,NA,13.1464388813918,25.2263922435018
2088-04-07 12:00:00,2088,4,7,NA,10.0008556835963,26.9694324317458
2088-04-08 12:00:00,2088,4,8,NA,11.0379375991983,22.4401120900945
2088-04-09 12:00:00,2088,4,9,NA,10.6367469759679,24.4006677020161
2088-04-10 12:00:00,2088,4,10,NA,12.4291542837727,18.7169880811658
2088-04-11 12:00:00,2088,4,11,NA,7.63072965263718,19.5998436333031
2088-04-12 12:00:00,2088,4,12,NA,7.51220200342214,22.9606944856975
2088-04-13 12:00:00,2088,4,13,NA,11.294431297889,19.2051046570191
2088-04-14 12:00:00,2088,4,14,NA,9.6985880090432,21.6040147366393
2088-04-15 12:00:00,2088,4,15,NA,8.82865844536853,23.5547132556187
2088-04-16 12:00:00,2088,4,16,NA,5.78841544091427,21.7317631838561
2088-04-17 12:00:00,2088,4,17,NA,3.86316606523957,21.2731045425162
2088-04-18 12:00:00,2088,4,18,NA,6.09177032479957,22.2644367143448
2088-04-19 12:00:00,2088,4,19,NA,9.19591907136893,17.8027463149734
2088-04-20 12:00:00,2088,4,20,NA,10.096734451572,24.5326334738687
2088-04-21 12:00:00,2088,4,21,NA,15.2403804783614,24.856239112702
2088-04-22 12:00:00,2088,4,22,NA,14.2329194479309,17.20436970136
2088-04-23 12:00:00,2088,4,23,NA,12.96659506492,26.0153645585422
2088-04-24 12:00:00,2088,4,24,NA,12.5590478214811,29.7459118939402
2088-04-25 12:00:00,2088,4,25,NA,13.9197751309151,27.8183422145949
2088-04-26 12:00:00,2088,4,26,NA,16.7665152774305,28.0327964815967
2088-04-27 12:00:00,2088,4,27,NA,6.84624725782178,18.6214934904786
2088-04-28 12:00:00,2088,4,28,NA,9.69779803394508,16.3641178536089
2088-04-29 12:00:00,2088,4,29,NA,10.0275839028046,16.8496112371467
2088-04-30 12:00:00,2088,4,30,NA,6.63605797895442,13.5478764376053
2088-05-01 12:00:00,2088,5,1,NA,5.43288712609531,17.5425303047235
2088-05-02 12:00:00,2088,5,2,NA,6.05659466685833,15.5625503904237
2088-05-03 12:00:00,2088,5,3,NA,6.18621067123806,21.4738875339789
2088-05-04 12:00:00,2088,5,4,NA,8.63204486778614,25.5828199071648
2088-05-05 12:00:00,2088,5,5,NA,9.96273096775713,27.6286610930499
2088-05-06 12:00:00,2088,5,6,NA,14.0354120522481,28.9617501376399
2088-05-07 12:00:00,2088,5,7,NA,12.4459075900188,25.8819958830962
2088-05-08 12:00:00,2088,5,8,NA,13.8834971687637,26.8834188358285
2088-05-09 12:00:00,2088,5,9,NA,15.4555583466538,22.3044953270183
2088-05-10 12:00:00,2088,5,10,NA,13.962052951022,27.6609816109149
2088-05-11 12:00:00,2088,5,11,NA,12.9802087899476,26.7699775179803
2088-05-12 12:00:00,2088,5,12,NA,13.403489858139,25.8297958241926
2088-05-13 12:00:00,2088,5,13,NA,13.8236206036223,28.1039419701222
2088-05-14 12:00:00,2088,5,14,NA,13.6658507704286,23.8174283625768
2088-05-15 12:00:00,2088,5,15,NA,10.8202315917674,21.0400689699637
2088-05-16 12:00:00,2088,5,16,NA,11.8810935083568,20.0850939911488
2088-05-17 12:00:00,2088,5,17,NA,11.2290494310338,23.6553553970874
2088-05-18 12:00:00,2088,5,18,NA,9.60419905298468,24.7793606199862
2088-05-19 12:00:00,2088,5,19,NA,14.9016725700853,24.7560054884037
2088-05-20 12:00:00,2088,5,20,NA,14.7573128827097,20.6388135342605
2088-05-21 12:00:00,2088,5,21,NA,13.6628956413951,21.7063382727751
2088-05-22 12:00:00,2088,5,22,NA,12.7387585677132,21.5504628821113
2088-05-23 12:00:00,2088,5,23,NA,12.2501133156114,24.1017245775934
2088-05-24 12:00:00,2088,5,24,NA,9.5066881463038,28.3223215441808
2088-05-25 12:00:00,2088,5,25,NA,13.9017525584212,30.2889488117708
2088-05-26 12:00:00,2088,5,26,NA,16.5110993275679,28.9454213135632
2088-05-27 12:00:00,2088,5,27,NA,17.215776713329,31.0320703862375
2088-05-28 12:00:00,2088,5,28,NA,15.9669463360696,30.7218116057726
2088-05-29 12:00:00,2088,5,29,NA,15.6860961592699,31.7144953400941
2088-05-30 12:00:00,2088,5,30,NA,20.2342350078815,32.2825210183346
2088-05-31 12:00:00,2088,5,31,NA,20.3990289292624,23.3729042235967
2088-06-01 12:00:00,2088,6,1,NA,17.0919551311384,20.7930848752929
2088-06-02 12:00:00,2088,6,2,NA,15.0783465105249,25.241179519272
2088-06-03 12:00:00,2088,6,3,NA,15.5513317399025,28.2946953851534
2088-06-04 12:00:00,2088,6,4,NA,16.4726612494786,30.7417515449768
2088-06-05 12:00:00,2088,6,5,NA,18.5789510872701,32.5987429704007
2088-06-06 12:00:00,2088,6,6,NA,21.1758911701933,30.7036179195639
2088-06-07 12:00:00,2088,6,7,NA,20.0820140196264,31.9216976665953
2088-06-08 12:00:00,2088,6,8,NA,20.5500361078041,31.0072173488789
2088-06-09 12:00:00,2088,6,9,NA,15.0499414396554,30.1415308680043
2088-06-10 12:00:00,2088,6,10,NA,16.7795750554762,27.2004326934342
2088-06-11 12:00:00,2088,6,11,NA,17.2697692396398,28.017050135259
2088-06-12 12:00:00,2088,6,12,NA,18.6286545142646,29.9823850392602
2088-06-13 12:00:00,2088,6,13,NA,20.4439901889597,29.4617670735104
2088-06-14 12:00:00,2088,6,14,NA,21.7809439392462,24.7920743096021
2088-06-15 12:00:00,2088,6,15,NA,17.5255182003024,27.2764658957246
2088-06-16 12:00:00,2088,6,16,NA,19.7573852574245,28.0565402305452
2088-06-17 12:00:00,2088,6,17,NA,19.2607906641788,28.3289147134038
2088-06-18 12:00:00,2088,6,18,NA,18.1076114908376,30.6405542034577
2088-06-19 12:00:00,2088,6,19,NA,19.3528484277353,30.4753557139184
2088-06-20 12:00:00,2088,6,20,NA,20.9764312659884,28.2622015724782
2088-06-21 12:00:00,2088,6,21,NA,19.4538225698536,31.0730591765977
2088-06-22 12:00:00,2088,6,22,NA,19.505679434978,28.508547589408
2088-06-23 12:00:00,2088,6,23,NA,20.1809271162606,29.9404022612593
2088-06-24 12:00:00,2088,6,24,NA,20.7739560807557,32.8632461259319
2088-06-25 12:00:00,2088,6,25,NA,22.0159390607783,32.2973037479905
2088-06-26 12:00:00,2088,6,26,NA,22.3388754784492,31.2355990937431
2088-06-27 12:00:00,2088,6,27,NA,21.8543830443761,34.2994571702088
2088-06-28 12:00:00,2088,6,28,NA,22.7271214460961,24.3384653520492
2088-06-29 12:00:00,2088,6,29,NA,21.8031494040477,24.418763167763
2088-06-30 12:00:00,2088,6,30,NA,20.4354561004138,25.1269793264826
2088-07-01 12:00:00,2088,7,1,NA,20.1433799080305,30.6811103629277
2088-07-02 12:00:00,2088,7,2,NA,19.2366449395713,28.4330378913496
2088-07-03 12:00:00,2088,7,3,NA,20.7265175080384,28.4581431304171
2088-07-04 12:00:00,2088,7,4,NA,19.4619572107764,25.4088639177351
2088-07-05 12:00:00,2088,7,5,NA,19.295750941972,26.0666508094329
2088-07-06 12:00:00,2088,7,6,NA,21.082918634615,28.4944173162517
2088-07-07 12:00:00,2088,7,7,NA,20.0459196900749,27.9093890317459
2088-07-08 12:00:00,2088,7,8,NA,22.078006350125,32.0428557504988
2088-07-09 12:00:00,2088,7,9,NA,22.4657898760323,29.99079276099
2088-07-10 12:00:00,2088,7,10,NA,22.1318389649785,29.8626437932324
2088-07-11 12:00:00,2088,7,11,NA,21.8863151723352,29.5747026848452
2088-07-12 12:00:00,2088,7,12,NA,21.3972339428841,30.148773393392
2088-07-13 12:00:00,2088,7,13,NA,20.8197576968473,27.0667724731691
2088-07-14 12:00:00,2088,7,14,NA,20.9567244757751,26.7757690160251
2088-07-15 12:00:00,2088,7,15,NA,21.1581889509049,30.8220258624499
2088-07-16 12:00:00,2088,7,16,NA,21.5258746577156,32.6065648881862
2088-07-17 12:00:00,2088,7,17,NA,19.0315789580072,32.886902117434
2088-07-18 12:00:00,2088,7,18,NA,21.8155958523594,31.7589688975178
2088-07-19 12:00:00,2088,7,19,NA,19.8644717823736,26.4406447151837
2088-07-20 12:00:00,2088,7,20,NA,20.8001102750813,27.1426106096088
2088-07-21 12:00:00,2088,7,21,NA,20.2492776325142,31.9275660480253
2088-07-22 12:00:00,2088,7,22,NA,22.3245382115456,30.8779352037805
2088-07-23 12:00:00,2088,7,23,NA,21.8937127178313,32.0391945184162
2088-07-24 12:00:00,2088,7,24,NA,20.9293582586967,29.4296367566967
2088-07-25 12:00:00,2088,7,25,NA,21.8883955727079,30.2419243241027
2088-07-26 12:00:00,2088,7,26,NA,23.5420926660847,31.4055620077557
2088-07-27 12:00:00,2088,7,27,NA,21.7212459788872,29.3886835165474
2088-07-28 12:00:00,2088,7,28,NA,21.8974526066627,32.4738717896617
2088-07-29 12:00:00,2088,7,29,NA,23.3552180077916,35.1078703603484
2088-07-30 12:00:00,2088,7,30,NA,25.6963653039872,34.4355803858583
2088-07-31 12:00:00,2088,7,31,NA,26.594547215336,34.3253520435898
2088-08-01 12:00:00,2088,8,1,NA,25.3710499033768,34.4490804011153
2088-08-02 12:00:00,2088,8,2,NA,26.6729716582456,35.3464342848018
2088-08-03 12:00:00,2088,8,3,NA,27.029010026692,36.1012435530226
2088-08-04 12:00:00,2088,8,4,NA,27.03981858011,33.8834074780112
2088-08-05 12:00:00,2088,8,5,NA,21.9854430195148,29.1986735442872
2088-08-06 12:00:00,2088,8,6,NA,22.7791014547348,30.7997559145884
2088-08-07 12:00:00,2088,8,7,NA,24.0103123555079,29.8902918418804
2088-08-08 12:00:00,2088,8,8,NA,23.9208590577034,30.5410499661989
2088-08-09 12:00:00,2088,8,9,NA,22.7388415251924,30.4328681286734
2088-08-10 12:00:00,2088,8,10,NA,19.3374045407514,28.9538632506139
2088-08-11 12:00:00,2088,8,11,NA,14.0840347109467,29.477524035828
2088-08-12 12:00:00,2088,8,12,NA,14.6305572372324,30.0240465621137
2088-08-13 12:00:00,2088,8,13,NA,20.1267853225646,33.5862513467407
2088-08-14 12:00:00,2088,8,14,NA,26.0669619830845,29.9141997020252
2088-08-15 12:00:00,2088,8,15,NA,25.2508190478246,34.885282651199
2088-08-16 12:00:00,2088,8,16,NA,24.6017942458956,35.1598347626824
2088-08-17 12:00:00,2088,8,17,NA,25.8135514425525,35.4112180764383
2088-08-18 12:00:00,2088,8,18,NA,27.0729291678934,34.7699073082042
2088-08-19 12:00:00,2088,8,19,NA,26.5872456323815,36.4419163831881
2088-08-20 12:00:00,2088,8,20,NA,25.8201215709813,36.6507997112374
2088-08-21 12:00:00,2088,8,21,NA,25.6094209002787,34.2535598477307
2088-08-22 12:00:00,2088,8,22,NA,26.2197842190733,32.8460987299756
2088-08-23 12:00:00,2088,8,23,NA,23.8021097459707,29.8921406495127
2088-08-24 12:00:00,2088,8,24,NA,22.4952168333127,29.8189335946767
2088-08-25 12:00:00,2088,8,25,NA,21.2445906714243,28.9240765524112
2088-08-26 12:00:00,2088,8,26,NA,20.3535975749199,32.6880516093127
2088-08-27 12:00:00,2088,8,27,NA,21.2379815723898,31.7959517750291
2088-08-28 12:00:00,2088,8,28,NA,21.5974662651717,30.5784302660673
2088-08-29 12:00:00,2088,8,29,NA,22.0211235236105,32.1252891521727
2088-08-30 12:00:00,2088,8,30,NA,19.2375196810347,30.4106449692589
2088-08-31 12:00:00,2088,8,31,NA,17.5713140559963,26.5727557840385
2088-09-01 12:00:00,2088,9,1,NA,17.2207275033393,25.8529578995381
2088-09-02 12:00:00,2088,9,2,NA,18.0468658959302,26.2018041588685
2088-09-03 12:00:00,2088,9,3,NA,22.3630061129728,25.2381379464911
2088-09-04 12:00:00,2088,9,4,NA,21.6954322488051,26.9833551953269
2088-09-05 12:00:00,2088,9,5,NA,19.291482137973,29.2740628365026
2088-09-06 12:00:00,2088,9,6,NA,17.0091724887237,26.4144243398103
2088-09-07 12:00:00,2088,9,7,NA,16.6075455329994,29.0674434505501
2088-09-08 12:00:00,2088,9,8,NA,18.3667397861536,29.3953206991996
2088-09-09 12:00:00,2088,9,9,NA,20.0317829265629,29.6313511745518
2088-09-10 12:00:00,2088,9,10,NA,19.4011436585394,29.6943092777817
2088-09-11 12:00:00,2088,9,11,NA,19.951860280124,30.2096204325536
2088-09-12 12:00:00,2088,9,12,NA,17.6345483094112,27.2235997142327
2088-09-13 12:00:00,2088,9,13,NA,14.9501649159785,25.9384435223575
2088-09-14 12:00:00,2088,9,14,NA,16.4805702874289,26.4105501043216
2088-09-15 12:00:00,2088,9,15,NA,17.2577414771668,28.6783973192397
2088-09-16 12:00:00,2088,9,16,NA,18.7126288922563,27.3440037606177
2088-09-17 12:00:00,2088,9,17,NA,20.378875926194,33.846114740828
2088-09-18 12:00:00,2088,9,18,NA,20.1510445137794,31.19440214703
2088-09-19 12:00:00,2088,9,19,NA,20.7284574066559,31.2752802149527
2088-09-20 12:00:00,2088,9,20,NA,19.2047811445365,24.7999921883232
2088-09-21 12:00:00,2088,9,21,NA,17.888914551544,26.6390701301758
2088-09-22 12:00:00,2088,9,22,NA,16.5704560087649,28.2512211049578
2088-09-23 12:00:00,2088,9,23,NA,16.9001051421992,24.5676805116048
2088-09-24 12:00:00,2088,9,24,NA,19.966074530391,22.5821102618452
2088-09-25 12:00:00,2088,9,25,NA,16.3055906577404,27.6298122436032
2088-09-26 12:00:00,2088,9,26,NA,17.043742300717,26.6297211946062
2088-09-27 12:00:00,2088,9,27,NA,17.9061989377851,22.8127971467163
2088-09-28 12:00:00,2088,9,28,NA,16.5741170356759,26.0880348498103
2088-09-29 12:00:00,2088,9,29,NA,17.3228126956022,22.8137305323511
2088-09-30 12:00:00,2088,9,30,NA,14.7189018199466,18.086850360293
2088-10-01 12:00:00,2088,10,1,NA,13.7624216020944,22.5045124974448
2088-10-02 12:00:00,2088,10,2,NA,10.2892496403194,20.9754093325506
2088-10-03 12:00:00,2088,10,3,NA,8.67577265332078,18.6345563437732
2088-10-04 12:00:00,2088,10,4,NA,12.092414110597,23.289790709681
2088-10-05 12:00:00,2088,10,5,NA,11.9933951091472,21.0214634729245
2088-10-06 12:00:00,2088,10,6,NA,11.3837249953215,18.3587191043963
2088-10-07 12:00:00,2088,10,7,NA,13.5963761400652,23.2965750823829
2088-10-08 12:00:00,2088,10,8,NA,12.5966241571121,19.2829153237002
2088-10-09 12:00:00,2088,10,9,NA,12.0552951447185,24.1642600904447
2088-10-10 12:00:00,2088,10,10,NA,13.3551985083871,26.8796340180608
2088-10-11 12:00:00,2088,10,11,NA,14.7988923353967,28.9145298799789
2088-10-12 12:00:00,2088,10,12,NA,14.7620407028899,28.5227239970891
2088-10-13 12:00:00,2088,10,13,NA,14.9216299310443,26.5056334609126
2088-10-14 12:00:00,2088,10,14,NA,11.3549294255791,23.1087674851173
2088-10-15 12:00:00,2088,10,15,NA,11.1583404149312,23.767317340563
2088-10-16 12:00:00,2088,10,16,NA,11.9175024241591,25.6781857183583
2088-10-17 12:00:00,2088,10,17,NA,10.0595929270488,22.5752348971748
2088-10-18 12:00:00,2088,10,18,NA,13.4727810738174,23.7355699018564
2088-10-19 12:00:00,2088,10,19,NA,13.0005799391147,23.730153947533
2088-10-20 12:00:00,2088,10,20,NA,15.2277443090433,24.131222173882
2088-10-21 12:00:00,2088,10,21,NA,11.3701456678001,18.9368938591413
2088-10-22 12:00:00,2088,10,22,NA,9.6272352905547,17.9871897025283
2088-10-23 12:00:00,2088,10,23,NA,10.2787956952757,22.2793163471733
2088-10-24 12:00:00,2088,10,24,NA,8.53313739092217,20.9957671804302
2088-10-25 12:00:00,2088,10,25,NA,8.2421383124561,25.6512523545231
2088-10-26 12:00:00,2088,10,26,NA,9.0753686968178,23.6283303366123
2088-10-27 12:00:00,2088,10,27,NA,8.76080541936509,21.8734931182147
2088-10-28 12:00:00,2088,10,28,NA,7.6669989671825,22.2516229623811
2088-10-29 12:00:00,2088,10,29,NA,8.19509943284072,23.0409930898275
2088-10-30 12:00:00,2088,10,30,NA,7.95518441984071,18.0645240025108
2088-10-31 12:00:00,2088,10,31,NA,7.85899237588295,17.2415149073146
2088-11-01 12:00:00,2088,11,1,NA,7.95872650460501,18.247328640267
2088-11-02 12:00:00,2088,11,2,NA,9.79456661811874,17.9705920012637
2088-11-03 12:00:00,2088,11,3,NA,9.12051835995951,20.839090672287
2088-11-04 12:00:00,2088,11,4,NA,11.7796992226604,17.9830072623763
2088-11-05 12:00:00,2088,11,5,NA,5.4800358341924,17.7973722929674
2088-11-06 12:00:00,2088,11,6,NA,6.60533187785388,20.9919021045949
2088-11-07 12:00:00,2088,11,7,NA,6.06412723411456,20.4720696798672
2088-11-08 12:00:00,2088,11,8,NA,7.45087499380706,18.7159079978396
2088-11-09 12:00:00,2088,11,9,NA,7.59140358909469,17.952371004117
2088-11-10 12:00:00,2088,11,10,NA,1.57596223646156,18.1510534786642
2088-11-11 12:00:00,2088,11,11,NA,2.68283145848514,17.8679291830213
2088-11-12 12:00:00,2088,11,12,NA,7.17869459101726,15.4748655612022
2088-11-13 12:00:00,2088,11,13,NA,7.2063428649321,9.98871909752355
2088-11-14 12:00:00,2088,11,14,NA,4.98308301137017,7.33588982598603
2088-11-15 12:00:00,2088,11,15,NA,3.85295477071567,9.02783574587054
2088-11-16 12:00:00,2088,11,16,NA,1.81565071675897,10.4890368000624
2088-11-17 12:00:00,2088,11,17,NA,-0.277138190708633,11.601101361887
2088-11-18 12:00:00,2088,11,18,NA,2.1893946355346,12.519860670721
2088-11-19 12:00:00,2088,11,19,NA,7.12846086362473,16.4462332596249
2088-11-20 12:00:00,2088,11,20,NA,5.0184882231479,18.656358477447
2088-11-21 12:00:00,2088,11,21,NA,2.21402058380207,15.671549747869
2088-11-22 12:00:00,2088,11,22,NA,0.745418096767873,6.98083420874463
2088-11-23 12:00:00,2088,11,23,NA,-6.30325905170275,12.3589054196571
2088-11-24 12:00:00,2088,11,24,NA,0.958240584945258,18.3565903933511
2088-11-25 12:00:00,2088,11,25,NA,-1.33798598080087,13.2344621402323
2088-11-26 12:00:00,2088,11,26,NA,-2.80653170257851,13.5463140585819
2088-11-27 12:00:00,2088,11,27,NA,-3.32074267913712,10.0760477094282
2088-11-28 12:00:00,2088,11,28,NA,-1.54739757255185,12.840914993004
2088-11-29 12:00:00,2088,11,29,NA,-3.61194710154159,11.447410190877
2088-11-30 12:00:00,2088,11,30,NA,-1.33859247637769,12.722188391524
2088-12-01 12:00:00,2088,12,1,NA,-1.82727865643803,13.8092114293226
2088-12-02 12:00:00,2088,12,2,NA,-2.41853480082887,8.69428434470296
2088-12-03 12:00:00,2088,12,3,NA,3.2814918688289,8.33295778644086
2088-12-04 12:00:00,2088,12,4,NA,-0.722599009845546,10.3900209824436
2088-12-05 12:00:00,2088,12,5,NA,-1.20308926143077,7.12306659743456
2088-12-06 12:00:00,2088,12,6,NA,-2.97588305315677,1.57326352054996
2088-12-07 12:00:00,2088,12,7,NA,-1.76300720356619,9.52664254712082
2088-12-08 12:00:00,2088,12,8,NA,-0.299755655198831,11.0112289540553
2088-12-09 12:00:00,2088,12,9,NA,-0.036492791269918,12.9468898014476
2088-12-10 12:00:00,2088,12,10,NA,0.0536061061361712,11.8943355354068
2088-12-11 12:00:00,2088,12,11,NA,-1.46628039281808,10.6659339092506
2088-12-12 12:00:00,2088,12,12,NA,2.36218827100358,14.4287725482588
2088-12-13 12:00:00,2088,12,13,NA,2.61275438662613,12.1561513985299
2088-12-14 12:00:00,2088,12,14,NA,4.52074863598972,11.5953486656096
2088-12-15 12:00:00,2088,12,15,NA,4.03883024402561,15.2271723855389
2088-12-16 12:00:00,2088,12,16,NA,3.54957769678201,15.4665825119323
2088-12-17 12:00:00,2088,12,17,NA,4.48266516463102,15.8242782930534
2088-12-18 12:00:00,2088,12,18,NA,4.76342378676417,9.92296172895603
2088-12-19 12:00:00,2088,12,19,NA,7.41354021741876,14.8237334042864
2088-12-20 12:00:00,2088,12,20,NA,0.17369547075173,4.55057588255795
2088-12-21 12:00:00,2088,12,21,NA,-4.92019470030306,0.239343241888794
2088-12-22 12:00:00,2088,12,22,NA,-7.30613345835659,3.80668568717524
2088-12-23 12:00:00,2088,12,23,NA,-2.05248382980583,6.32267902189251
2088-12-24 12:00:00,2088,12,24,NA,-6.41863976930635,9.24448779333362
2088-12-25 12:00:00,2088,12,25,NA,-2.2288437292928,15.3835676883577
2088-12-26 12:00:00,2088,12,26,NA,1.55053653303228,13.6907063127387
2088-12-27 12:00:00,2088,12,27,NA,-0.808104601932335,9.90485732119512
2088-12-28 12:00:00,2088,12,28,NA,-1.7599470935821,8.45905124398239
2088-12-29 12:00:00,2088,12,29,NA,-0.744722145590158,11.9146990308891
2088-12-30 12:00:00,2088,12,30,NA,-3.95723284219176,2.07789228017418
2088-12-31 12:00:00,2088,12,31,NA,-2.63981532115108,1.34497119791153
2089-01-01 12:00:00,2089,1,1,NA,-4.59639381226249,6.32769246857355
2089-01-02 12:00:00,2089,1,2,NA,-5.537220433971,5.24466629697807
2089-01-03 12:00:00,2089,1,3,NA,-3.91076191986196,6.40724188664539
2089-01-04 12:00:00,2089,1,4,NA,-0.715857964392156,8.95449708238868
2089-01-05 12:00:00,2089,1,5,NA,-2.97157459477572,2.05030442956718
2089-01-06 12:00:00,2089,1,6,NA,0.599468136090425,6.7935700068809
2089-01-07 12:00:00,2089,1,7,NA,-0.145145760083166,1.05378999391539
2089-01-08 12:00:00,2089,1,8,NA,-3.09153898093121,2.07208553381806
2089-01-09 12:00:00,2089,1,9,NA,-2.96680406319231,0.0978434147661753
2089-01-10 12:00:00,2089,1,10,NA,-3.16338765701684,3.14305365676848
2089-01-11 12:00:00,2089,1,11,NA,-2.09923376118756,6.36426060603284
2089-01-12 12:00:00,2089,1,12,NA,-0.479411874646671,7.5629089473334
2089-01-13 12:00:00,2089,1,13,NA,-0.925725023296143,2.32006681272225
2089-01-14 12:00:00,2089,1,14,NA,0.730535932529532,10.6503811748603
2089-01-15 12:00:00,2089,1,15,NA,-1.49270266009523,10.773669413479
2089-01-16 12:00:00,2089,1,16,NA,2.31802460497449,14.100899241616
2089-01-17 12:00:00,2089,1,17,NA,-3.66202333240124,2.42460914663092
2089-01-18 12:00:00,2089,1,18,NA,-4.95821710617422,5.58377455414367
2089-01-19 12:00:00,2089,1,19,NA,-4.96544139038638,2.1987297404644
2089-01-20 12:00:00,2089,1,20,NA,-11.5216325539154,-7.45149153259307
2089-01-21 12:00:00,2089,1,21,NA,-10.7728465772474,1.39980541174363
2089-01-22 12:00:00,2089,1,22,NA,-6.52897331068091,7.89225122903906
2089-01-23 12:00:00,2089,1,23,NA,-8.13009669506142,4.20662343060557
2089-01-24 12:00:00,2089,1,24,NA,-7.29565567766422,3.7377776265668
2089-01-25 12:00:00,2089,1,25,NA,-5.38069799209977,6.97573848837345
2089-01-26 12:00:00,2089,1,26,NA,-4.681835336325,5.44155839752791
2089-01-27 12:00:00,2089,1,27,NA,-4.32032961803182,4.99955531972876
2089-01-28 12:00:00,2089,1,28,NA,-5.37329412428029,2.26850535655568
2089-01-29 12:00:00,2089,1,29,NA,-5.38195876605875,2.0457159907419
2089-01-30 12:00:00,2089,1,30,NA,-1.99465746606526,7.26114749004965
2089-01-31 12:00:00,2089,1,31,NA,-5.80603683636725,0.799045252888117
2089-02-01 12:00:00,2089,2,1,NA,-5.91373960953051,-0.329421876949783
2089-02-02 12:00:00,2089,2,2,NA,-11.1385174897508,-3.68682725108575
2089-02-03 12:00:00,2089,2,3,NA,-7.48397367904115,0.283324031079584
2089-02-04 12:00:00,2089,2,4,NA,-7.63113242511199,2.70496111727689
2089-02-05 12:00:00,2089,2,5,NA,-4.50984892730759,7.01806528032026
2089-02-06 12:00:00,2089,2,6,NA,-3.16440791661461,11.8232419383032
2089-02-07 12:00:00,2089,2,7,NA,-2.18897008378394,5.55556125525038
2089-02-08 12:00:00,2089,2,8,NA,-4.63617448585019,2.68583935640024
2089-02-09 12:00:00,2089,2,9,NA,0.117249899576433,10.5941020595844
2089-02-10 12:00:00,2089,2,10,NA,-2.07344108438216,9.72891317502276
2089-02-11 12:00:00,2089,2,11,NA,0.541209601527901,5.12172486337424
2089-02-12 12:00:00,2089,2,12,NA,-3.32727739462689,8.3028324155046
2089-02-13 12:00:00,2089,2,13,NA,-8.02303327928426,4.99113925412955
2089-02-14 12:00:00,2089,2,14,NA,-2.75695705114729,7.96441105028961
2089-02-15 12:00:00,2089,2,15,NA,-3.99265196481623,0.185669561664896
2089-02-16 12:00:00,2089,2,16,NA,-2.64639646788852,7.8801084304629
2089-02-17 12:00:00,2089,2,17,NA,0.274971829511583,14.5238095504513
2089-02-18 12:00:00,2089,2,18,NA,-3.00060878963249,11.3648610836478
2089-02-19 12:00:00,2089,2,19,NA,-0.808778488484499,10.1852390729
2089-02-20 12:00:00,2089,2,20,NA,-1.38113610649856,9.39365337159418
2089-02-21 12:00:00,2089,2,21,NA,-0.622793456843756,9.65225051795165
2089-02-22 12:00:00,2089,2,22,NA,-1.92870540066732,12.4444401960274
2089-02-23 12:00:00,2089,2,23,NA,3.83569723651378,10.3273933474004
2089-02-24 12:00:00,2089,2,24,NA,4.21054559586372,7.34066206178247
2089-02-25 12:00:00,2089,2,25,NA,-0.283457926321005,4.31107919664363
2089-02-26 12:00:00,2089,2,26,NA,-1.33574707591917,8.08782721556825
2089-02-27 12:00:00,2089,2,27,NA,-2.41985964935859,11.2730338541258
2089-02-28 12:00:00,2089,2,28,NA,-1.48931703657025,5.81442955432729
2089-03-01 12:00:00,2089,3,1,NA,-1.4047527783689,10.3936477353668
2089-03-02 12:00:00,2089,3,2,NA,-2.3909591645749,9.76540484064716
2089-03-03 12:00:00,2089,3,3,NA,-2.44856754467221,5.42863376006058
2089-03-04 12:00:00,2089,3,4,NA,-3.8647654192653,2.31446904887221
2089-03-05 12:00:00,2089,3,5,NA,0.742571647239127,5.35404429773007
2089-03-06 12:00:00,2089,3,6,NA,-2.87584641165394,11.1921329752181
2089-03-07 12:00:00,2089,3,7,NA,-3.24718978206499,12.9431814227139
2089-03-08 12:00:00,2089,3,8,NA,-2.37625347944262,14.7008082981011
2089-03-09 12:00:00,2089,3,9,NA,-3.19549645258227,14.5288693439199
2089-03-10 12:00:00,2089,3,10,NA,0.448004041455443,17.7913262644662
2089-03-11 12:00:00,2089,3,11,NA,1.11065651939188,15.6336510576253
2089-03-12 12:00:00,2089,3,12,NA,0.655279240505102,17.2695299861511
2089-03-13 12:00:00,2089,3,13,NA,5.9997498042807,17.7771880406758
2089-03-14 12:00:00,2089,3,14,NA,3.83454791560947,19.7696724649995
2089-03-15 12:00:00,2089,3,15,NA,6.62020262214424,20.6989918779774
2089-03-16 12:00:00,2089,3,16,NA,7.13593338276898,17.2296371322049
2089-03-17 12:00:00,2089,3,17,NA,3.46501873674175,16.6709145173036
2089-03-18 12:00:00,2089,3,18,NA,8.737037488361,14.7186249259677
2089-03-19 12:00:00,2089,3,19,NA,7.23899788210286,14.2062299724983
2089-03-20 12:00:00,2089,3,20,NA,3.50901226759018,17.2013897655153
2089-03-21 12:00:00,2089,3,21,NA,6.76459239697294,13.838951411652
2089-03-22 12:00:00,2089,3,22,NA,5.88178025206012,18.0669666275492
2089-03-23 12:00:00,2089,3,23,NA,0.24462098238924,16.5216159860133
2089-03-24 12:00:00,2089,3,24,NA,5.9134583448228,12.031881666175
2089-03-25 12:00:00,2089,3,25,NA,1.25089592578399,17.4412671305628
2089-03-26 12:00:00,2089,3,26,NA,1.46471140838086,20.3448387197302
2089-03-27 12:00:00,2089,3,27,NA,3.8193508534566,14.9978461282871
2089-03-28 12:00:00,2089,3,28,NA,6.38779582009396,10.2387905952395
2089-03-29 12:00:00,2089,3,29,NA,8.16806105618851,18.9406267011162
2089-03-30 12:00:00,2089,3,30,NA,5.60233878759911,13.3712250558591
2089-03-31 12:00:00,2089,3,31,NA,4.73843684774885,16.7958483618194
2089-04-01 12:00:00,2089,4,1,NA,1.41052266905099,9.87713169710522
2089-04-02 12:00:00,2089,4,2,NA,3.08729713802001,14.0786366397466
2089-04-03 12:00:00,2089,4,3,NA,0.38427765145816,13.0119869300561
2089-04-04 12:00:00,2089,4,4,NA,3.15204215213687,12.5116074042213
2089-04-05 12:00:00,2089,4,5,NA,2.21530264770285,20.4568103042709
2089-04-06 12:00:00,2089,4,6,NA,3.67075452444701,19.1043615129626
2089-04-07 12:00:00,2089,4,7,NA,4.96012737406082,16.1372883354723
2089-04-08 12:00:00,2089,4,8,NA,3.44017297450261,10.1064927941664
2089-04-09 12:00:00,2089,4,9,NA,4.04979333908688,20.8230501481311
2089-04-10 12:00:00,2089,4,10,NA,5.62025089671266,19.3738082656188
2089-04-11 12:00:00,2089,4,11,NA,5.50145027504349,21.6474525191136
2089-04-12 12:00:00,2089,4,12,NA,9.35477026446641,17.2534022245316
2089-04-13 12:00:00,2089,4,13,NA,7.36777934812212,19.630647872174
2089-04-14 12:00:00,2089,4,14,NA,5.62438763698655,18.5437447116392
2089-04-15 12:00:00,2089,4,15,NA,4.56372508143855,23.3829256629834
2089-04-16 12:00:00,2089,4,16,NA,7.5562259784603,23.22886663818
2089-04-17 12:00:00,2089,4,17,NA,9.13043616974423,16.6996499035685
2089-04-18 12:00:00,2089,4,18,NA,7.52208746115853,20.4414445358112
2089-04-19 12:00:00,2089,4,19,NA,6.06191676473359,19.8154741336397
2089-04-20 12:00:00,2089,4,20,NA,9.72998143021166,19.6254437113816
2089-04-21 12:00:00,2089,4,21,NA,8.10801664128311,23.8118523124096
2089-04-22 12:00:00,2089,4,22,NA,8.06911317199552,18.8838629903177
2089-04-23 12:00:00,2089,4,23,NA,8.87179157982214,13.5615896295687
2089-04-24 12:00:00,2089,4,24,NA,7.43375908448082,20.7107853444729
2089-04-25 12:00:00,2089,4,25,NA,5.35841635433899,18.2402229462761
2089-04-26 12:00:00,2089,4,26,NA,8.02930770409168,25.3950458743702
2089-04-27 12:00:00,2089,4,27,NA,12.3807610142057,26.2793280978855
2089-04-28 12:00:00,2089,4,28,NA,13.478025955305,26.3973830299577
2089-04-29 12:00:00,2089,4,29,NA,13.1911707477787,18.2706944074238
2089-04-30 12:00:00,2089,4,30,NA,13.2676706659832,22.5876963628041
2089-05-01 12:00:00,2089,5,1,NA,13.858152583665,23.6753115831283
2089-05-02 12:00:00,2089,5,2,NA,12.1473989202272,26.8154443513176
2089-05-03 12:00:00,2089,5,3,NA,16.2507515064506,23.6157549567004
2089-05-04 12:00:00,2089,5,4,NA,9.77607972977821,21.0708747719564
2089-05-05 12:00:00,2089,5,5,NA,9.94088222155657,16.7416348598755
2089-05-06 12:00:00,2089,5,6,NA,10.4948231773471,23.6894409840757
2089-05-07 12:00:00,2089,5,7,NA,10.9771467667233,21.0205097843953
2089-05-08 12:00:00,2089,5,8,NA,12.6582611776311,21.2739615911705
2089-05-09 12:00:00,2089,5,9,NA,11.161724051626,27.7757387012359
2089-05-10 12:00:00,2089,5,10,NA,10.236602006924,25.3258124652392
2089-05-11 12:00:00,2089,5,11,NA,9.45659868543233,24.5125735590628
2089-05-12 12:00:00,2089,5,12,NA,10.7457963039886,25.8828716609376
2089-05-13 12:00:00,2089,5,13,NA,14.6151935711615,20.4912030453181
2089-05-14 12:00:00,2089,5,14,NA,11.0749931816287,24.6598681181059
2089-05-15 12:00:00,2089,5,15,NA,11.1469374052204,26.3408205712411
2089-05-16 12:00:00,2089,5,16,NA,11.4210216191698,26.4335247931457
2089-05-17 12:00:00,2089,5,17,NA,11.5636287896389,22.3471698109486
2089-05-18 12:00:00,2089,5,18,NA,12.5819612187176,24.8097978104576
2089-05-19 12:00:00,2089,5,19,NA,14.538837213565,23.2400888553928
2089-05-20 12:00:00,2089,5,20,NA,12.7014068177637,26.1116052228375
2089-05-21 12:00:00,2089,5,21,NA,14.955810038585,25.7221301410587
2089-05-22 12:00:00,2089,5,22,NA,14.4955315053278,31.4917617829058
2089-05-23 12:00:00,2089,5,23,NA,14.8297455564018,29.8531923118654
2089-05-24 12:00:00,2089,5,24,NA,19.4973203726631,30.2808613939728
2089-05-25 12:00:00,2089,5,25,NA,17.5763631093324,30.6683943956757
2089-05-26 12:00:00,2089,5,26,NA,16.5094324369555,28.2511443164973
2089-05-27 12:00:00,2089,5,27,NA,16.4859002004498,29.7272596319706
2089-05-28 12:00:00,2089,5,28,NA,16.4341768745343,27.2679460490319
2089-05-29 12:00:00,2089,5,29,NA,13.4176906250083,25.8439965910619
2089-05-30 12:00:00,2089,5,30,NA,10.9926475048303,26.5233597723342
2089-05-31 12:00:00,2089,5,31,NA,14.4389185813343,31.9565043956902
2089-06-01 12:00:00,2089,6,1,NA,14.9399491054593,31.0858901984359
2089-06-02 12:00:00,2089,6,2,NA,18.8451492171655,24.2583938614724
2089-06-03 12:00:00,2089,6,3,NA,18.0036532739269,23.1298368669137
2089-06-04 12:00:00,2089,6,4,NA,16.4725206179842,24.5580867143673
2089-06-05 12:00:00,2089,6,5,NA,16.4847875900617,26.1246207126863
2089-06-06 12:00:00,2089,6,6,NA,20.0131320615565,24.7106230492652
2089-06-07 12:00:00,2089,6,7,NA,19.9609418091014,27.7936989021158
2089-06-08 12:00:00,2089,6,8,NA,23.180961099916,25.6449588255915
2089-06-09 12:00:00,2089,6,9,NA,24.1999322064725,26.0956389919702
2089-06-10 12:00:00,2089,6,10,NA,21.5689314552522,27.3730176369959
2089-06-11 12:00:00,2089,6,11,NA,20.7343203656977,26.940360404354
2089-06-12 12:00:00,2089,6,12,NA,19.8966904254622,30.5901594723028
2089-06-13 12:00:00,2089,6,13,NA,19.8336291561999,31.297337833499
2089-06-14 12:00:00,2089,6,14,NA,21.6962459673618,29.5977787419745
2089-06-15 12:00:00,2089,6,15,NA,20.1897542748991,32.4768655438923
2089-06-16 12:00:00,2089,6,16,NA,20.8238554553194,32.3043166681257
2089-06-17 12:00:00,2089,6,17,NA,19.0123565491772,31.4578058204852
2089-06-18 12:00:00,2089,6,18,NA,21.0056627326644,28.0419827570934
2089-06-19 12:00:00,2089,6,19,NA,18.2472390294951,30.4095505486161
2089-06-20 12:00:00,2089,6,20,NA,24.0957314998525,26.9806494829285
2089-06-21 12:00:00,2089,6,21,NA,23.1858153066181,27.6696888727537
2089-06-22 12:00:00,2089,6,22,NA,22.8445790363717,26.9584535697499
2089-06-23 12:00:00,2089,6,23,NA,22.5518671261359,31.4857495556349
2089-06-24 12:00:00,2089,6,24,NA,21.5936135651743,32.957399218817
2089-06-25 12:00:00,2089,6,25,NA,20.0415501452102,26.2010347522033
2089-06-26 12:00:00,2089,6,26,NA,21.4401518037541,27.4666240413233
2089-06-27 12:00:00,2089,6,27,NA,21.4931828120192,27.9275145214185
2089-06-28 12:00:00,2089,6,28,NA,19.492778079448,24.617474800012
2089-06-29 12:00:00,2089,6,29,NA,18.1731352665266,25.8509099677771
2089-06-30 12:00:00,2089,6,30,NA,17.954738030236,26.3985800738625
2089-07-01 12:00:00,2089,7,1,NA,21.5937833727353,29.7655015356669
2089-07-02 12:00:00,2089,7,2,NA,23.1845673439325,31.9186603951467
2089-07-03 12:00:00,2089,7,3,NA,23.5765716275048,29.4901387466516
2089-07-04 12:00:00,2089,7,4,NA,25.595588746853,29.9034375390007
2089-07-05 12:00:00,2089,7,5,NA,25.6958870395216,31.9785938748674
2089-07-06 12:00:00,2089,7,6,NA,25.337538418761,33.7725402141777
2089-07-07 12:00:00,2089,7,7,NA,25.7868772839796,34.0225327539478
2089-07-08 12:00:00,2089,7,8,NA,24.9930960616199,35.5695152446189
2089-07-09 12:00:00,2089,7,9,NA,25.3653605587104,31.9967118262831
2089-07-10 12:00:00,2089,7,10,NA,24.5539298723247,32.1200062594009
2089-07-11 12:00:00,2089,7,11,NA,26.7316968113099,30.8921512829146
2089-07-12 12:00:00,2089,7,12,NA,24.4506907082686,32.5468264503296
2089-07-13 12:00:00,2089,7,13,NA,24.6148410834258,33.5332604518533
2089-07-14 12:00:00,2089,7,14,NA,25.8224694074195,33.2128613987942
2089-07-15 12:00:00,2089,7,15,NA,25.1118439596682,33.8637114255222
2089-07-16 12:00:00,2089,7,16,NA,24.3215684549681,34.9030000543766
2089-07-17 12:00:00,2089,7,17,NA,25.2926714667923,32.8587478538685
2089-07-18 12:00:00,2089,7,18,NA,26.2072581616227,33.1172727926111
2089-07-19 12:00:00,2089,7,19,NA,26.1258710520335,33.8574966744122
2089-07-20 12:00:00,2089,7,20,NA,24.3415473531296,31.3950580792111
2089-07-21 12:00:00,2089,7,21,NA,28.0177324679217,32.2067177339031
2089-07-22 12:00:00,2089,7,22,NA,26.0522796702978,34.9694316604604
2089-07-23 12:00:00,2089,7,23,NA,27.071845421186,31.5302743135442
2089-07-24 12:00:00,2089,7,24,NA,25.4558188193453,32.6399603455811
2089-07-25 12:00:00,2089,7,25,NA,25.7128318213803,34.0663605727751
2089-07-26 12:00:00,2089,7,26,NA,26.8606647111971,35.4315630961727
2089-07-27 12:00:00,2089,7,27,NA,26.6529571695466,34.3926682208563
2089-07-28 12:00:00,2089,7,28,NA,25.2450557606724,33.9620414056562
2089-07-29 12:00:00,2089,7,29,NA,23.0999782438536,30.9376654823305
2089-07-30 12:00:00,2089,7,30,NA,23.7016035415699,30.2292094583493
2089-07-31 12:00:00,2089,7,31,NA,24.2368847285779,27.600164111998
2089-08-01 12:00:00,2089,8,1,NA,25.4014513408792,29.9678029329764
2089-08-02 12:00:00,2089,8,2,NA,25.2289777578655,33.5033994600167
2089-08-03 12:00:00,2089,8,3,NA,24.9201428320364,33.2175417307834
2089-08-04 12:00:00,2089,8,4,NA,23.9124582790076,31.2953418865953
2089-08-05 12:00:00,2089,8,5,NA,24.8494338523085,29.774343524336
2089-08-06 12:00:00,2089,8,6,NA,26.3673092524294,31.065863686765
2089-08-07 12:00:00,2089,8,7,NA,22.4942197327608,26.1756211950333
2089-08-08 12:00:00,2089,8,8,NA,21.7385330760797,28.4692821975055
2089-08-09 12:00:00,2089,8,9,NA,23.826299841778,33.3484449436078
2089-08-10 12:00:00,2089,8,10,NA,24.4115672927463,34.7397119323821
2089-08-11 12:00:00,2089,8,11,NA,27.2028394033502,28.3815207009823
2089-08-12 12:00:00,2089,8,12,NA,26.3285230747749,31.142173371508
2089-08-13 12:00:00,2089,8,13,NA,25.6655229635942,29.5164486840557
2089-08-14 12:00:00,2089,8,14,NA,24.1292813313175,31.5976975608803
2089-08-15 12:00:00,2089,8,15,NA,23.989988301572,33.4915482254189
2089-08-16 12:00:00,2089,8,16,NA,24.4720589121461,31.2103544809931
2089-08-17 12:00:00,2089,8,17,NA,24.2835902278998,34.4591383192432
2089-08-18 12:00:00,2089,8,18,NA,27.1264541337918,28.1956795907518
2089-08-19 12:00:00,2089,8,19,NA,27.2671838865251,29.0842516733089
2089-08-20 12:00:00,2089,8,20,NA,26.2487916141625,28.9221819909077
2089-08-21 12:00:00,2089,8,21,NA,24.391429397222,32.2026386141775
2089-08-22 12:00:00,2089,8,22,NA,25.0709975819668,34.0399553012696
2089-08-23 12:00:00,2089,8,23,NA,25.1840807732103,31.6391255949518
2089-08-24 12:00:00,2089,8,24,NA,28.546064413246,31.2151284421005
2089-08-25 12:00:00,2089,8,25,NA,25.9918041361623,30.2063078335768
2089-08-26 12:00:00,2089,8,26,NA,24.5913673993582,32.6485705395944
2089-08-27 12:00:00,2089,8,27,NA,23.1413534429466,29.1320428942155
2089-08-28 12:00:00,2089,8,28,NA,24.9327674450316,32.6377862053107
2089-08-29 12:00:00,2089,8,29,NA,25.1499860537694,34.091259320369
2089-08-30 12:00:00,2089,8,30,NA,26.3148622521686,32.5827729202274
2089-08-31 12:00:00,2089,8,31,NA,23.0015176475386,28.8726749067679
2089-09-01 12:00:00,2089,9,1,NA,21.2718138661965,29.8143894352358
2089-09-02 12:00:00,2089,9,2,NA,20.7004233230014,31.552884582376
2089-09-03 12:00:00,2089,9,3,NA,24.9383347505831,30.6863229792665
2089-09-04 12:00:00,2089,9,4,NA,21.998073797648,30.4245819849379
2089-09-05 12:00:00,2089,9,5,NA,22.04115191804,32.1443283676062
2089-09-06 12:00:00,2089,9,6,NA,16.5878382273211,30.0106216354227
2089-09-07 12:00:00,2089,9,7,NA,17.7997196463951,29.1022996130954
2089-09-08 12:00:00,2089,9,8,NA,19.8293421278964,31.0484836963551
2089-09-09 12:00:00,2089,9,9,NA,20.0730382236473,30.6158422387527
2089-09-10 12:00:00,2089,9,10,NA,20.6219720862893,32.5288071071485
2089-09-11 12:00:00,2089,9,11,NA,18.9228386981848,30.7020382163547
2089-09-12 12:00:00,2089,9,12,NA,18.693750324913,32.1189601036642
2089-09-13 12:00:00,2089,9,13,NA,18.8302833491124,30.7989909846448
2089-09-14 12:00:00,2089,9,14,NA,19.8447906244715,27.3761758424901
2089-09-15 12:00:00,2089,9,15,NA,19.7565035893883,27.4497643692137
2089-09-16 12:00:00,2089,9,16,NA,19.5548463824553,29.1756148692416
2089-09-17 12:00:00,2089,9,17,NA,19.5768544261125,27.8553674419135
2089-09-18 12:00:00,2089,9,18,NA,19.8548281738522,29.772822337483
2089-09-19 12:00:00,2089,9,19,NA,18.2772403500259,27.8973317771115
2089-09-20 12:00:00,2089,9,20,NA,20.4863134738221,24.4304750022118
2089-09-21 12:00:00,2089,9,21,NA,16.7863781264265,27.7794649981412
2089-09-22 12:00:00,2089,9,22,NA,16.5551438991069,28.6634625539833
2089-09-23 12:00:00,2089,9,23,NA,17.6194271904149,28.7722262444635
2089-09-24 12:00:00,2089,9,24,NA,16.0023820465719,24.6294953798697
2089-09-25 12:00:00,2089,9,25,NA,14.927236609271,24.5096776521546
2089-09-26 12:00:00,2089,9,26,NA,15.5781323635238,27.3158209352544
2089-09-27 12:00:00,2089,9,27,NA,14.9965471177371,24.6173156045234
2089-09-28 12:00:00,2089,9,28,NA,15.6041630286995,27.1133026438325
2089-09-29 12:00:00,2089,9,29,NA,16.4879274514593,25.3062475854028
2089-09-30 12:00:00,2089,9,30,NA,15.2990723616802,26.8603032142359
2089-10-01 12:00:00,2089,10,1,NA,17.0439764038554,27.8910120722532
2089-10-02 12:00:00,2089,10,2,NA,17.3868043316558,29.9501781120905
2089-10-03 12:00:00,2089,10,3,NA,19.0113213598998,26.6927113833395
2089-10-04 12:00:00,2089,10,4,NA,14.8797901047912,23.3897867678352
2089-10-05 12:00:00,2089,10,5,NA,17.6751694436879,26.2378478361624
2089-10-06 12:00:00,2089,10,6,NA,16.9270734355514,25.9329570771888
2089-10-07 12:00:00,2089,10,7,NA,14.0322100848179,25.1373180473388
2089-10-08 12:00:00,2089,10,8,NA,10.4813422016433,24.4405200050838
2089-10-09 12:00:00,2089,10,9,NA,9.981633602152,23.1482760682155
2089-10-10 12:00:00,2089,10,10,NA,7.09025295216868,18.1708877296766
2089-10-11 12:00:00,2089,10,11,NA,8.16987876414472,16.484322588355
2089-10-12 12:00:00,2089,10,12,NA,8.38333304416013,21.5539398337487
2089-10-13 12:00:00,2089,10,13,NA,11.0595295095788,22.9049859881764
2089-10-14 12:00:00,2089,10,14,NA,10.5304428029597,25.02438097061
2089-10-15 12:00:00,2089,10,15,NA,8.56374884409562,23.0081842516979
2089-10-16 12:00:00,2089,10,16,NA,7.16435307870988,22.6317998652117
2089-10-17 12:00:00,2089,10,17,NA,7.41787512114943,17.6380351677162
2089-10-18 12:00:00,2089,10,18,NA,6.46585294350336,18.4195305194282
2089-10-19 12:00:00,2089,10,19,NA,9.94863274962127,16.5590445426548
2089-10-20 12:00:00,2089,10,20,NA,11.0755039716744,20.2601590164386
2089-10-21 12:00:00,2089,10,21,NA,9.30445529998958,25.2550782773274
2089-10-22 12:00:00,2089,10,22,NA,9.37781379302651,24.8379610388272
2089-10-23 12:00:00,2089,10,23,NA,11.4403446181061,24.1919404339083
2089-10-24 12:00:00,2089,10,24,NA,10.0579618963781,23.1706495952277
2089-10-25 12:00:00,2089,10,25,NA,10.8378220018604,21.6148682467578
2089-10-26 12:00:00,2089,10,26,NA,9.10877683052003,23.2244143751023
2089-10-27 12:00:00,2089,10,27,NA,9.91036435611249,22.1568794241906
2089-10-28 12:00:00,2089,10,28,NA,9.38146939550711,21.3819900474047
2089-10-29 12:00:00,2089,10,29,NA,11.4382933514866,23.9417909877034
2089-10-30 12:00:00,2089,10,30,NA,11.2418695795164,21.4340325109589
2089-10-31 12:00:00,2089,10,31,NA,9.97925925071591,22.6079161669763
2089-11-01 12:00:00,2089,11,1,NA,8.26533734844789,20.3743022941741
2089-11-02 12:00:00,2089,11,2,NA,10.1765092336304,17.5757503226128
2089-11-03 12:00:00,2089,11,3,NA,8.28150937402679,19.9149742129828
2089-11-04 12:00:00,2089,11,4,NA,9.37829890413816,21.5392723407433
2089-11-05 12:00:00,2089,11,5,NA,8.51554707372529,20.4962153410824
2089-11-06 12:00:00,2089,11,6,NA,6.09502251309647,15.1651554799093
2089-11-07 12:00:00,2089,11,7,NA,8.49383739337792,13.6786039831931
2089-11-08 12:00:00,2089,11,8,NA,5.1094126436183,7.17730313680509
2089-11-09 12:00:00,2089,11,9,NA,2.23234607675008,10.3473152735973
2089-11-10 12:00:00,2089,11,10,NA,0.561728491040027,13.6205960556615
2089-11-11 12:00:00,2089,11,11,NA,1.68591376783616,15.1585962022799
2089-11-12 12:00:00,2089,11,12,NA,3.77235563456393,13.4362541299519
2089-11-13 12:00:00,2089,11,13,NA,2.67800212920579,13.042539145395
2089-11-14 12:00:00,2089,11,14,NA,1.23576488638212,12.7866036934855
2089-11-15 12:00:00,2089,11,15,NA,2.28098235602082,17.4738714564716
2089-11-16 12:00:00,2089,11,16,NA,3.5163086406245,18.0120897985546
2089-11-17 12:00:00,2089,11,17,NA,5.99068242312442,17.6061217720045
2089-11-18 12:00:00,2089,11,18,NA,6.15962208570894,12.3166692433833
2089-11-19 12:00:00,2089,11,19,NA,4.28821907985311,15.336669151975
2089-11-20 12:00:00,2089,11,20,NA,1.88050243249298,15.4081407440447
2089-11-21 12:00:00,2089,11,21,NA,1.60567555306479,15.9467774909767
2089-11-22 12:00:00,2089,11,22,NA,2.38962579947814,18.6415944216249
2089-11-23 12:00:00,2089,11,23,NA,5.69822093923747,20.5891598034477
2089-11-24 12:00:00,2089,11,24,NA,2.83239231378543,18.3622995094618
2089-11-25 12:00:00,2089,11,25,NA,2.21313124630665,12.2039683254184
2089-11-26 12:00:00,2089,11,26,NA,3.50408662129987,8.6645170704951
2089-11-27 12:00:00,2089,11,27,NA,-0.530160058945311,4.75002863597261
2089-11-28 12:00:00,2089,11,28,NA,-1.69429079790966,8.89375174289952
2089-11-29 12:00:00,2089,11,29,NA,0.93341540999939,12.4558175717759
2089-11-30 12:00:00,2089,11,30,NA,2.04249358106061,17.3455756014756
2089-12-01 12:00:00,2089,12,1,NA,0.634856394940467,16.9662127334252
2089-12-02 12:00:00,2089,12,2,NA,4.49875239665625,16.2712948054969
2089-12-03 12:00:00,2089,12,3,NA,5.33884989759579,15.0271707495816
2089-12-04 12:00:00,2089,12,4,NA,4.92974209540509,16.5739210877275
2089-12-05 12:00:00,2089,12,5,NA,2.01697856854172,13.3054685850954
2089-12-06 12:00:00,2089,12,6,NA,2.35728413123288,11.5696798258742
2089-12-07 12:00:00,2089,12,7,NA,4.03280620958243,11.159219012849
2089-12-08 12:00:00,2089,12,8,NA,2.32029357290005,11.7800273111179
2089-12-09 12:00:00,2089,12,9,NA,0.0610684971854827,9.52080223540337
2089-12-10 12:00:00,2089,12,10,NA,0.620458448921734,9.82703001585861
2089-12-11 12:00:00,2089,12,11,NA,-1.20798269895377,7.89618583204071
2089-12-12 12:00:00,2089,12,12,NA,1.21875442396673,8.62894761083435
2089-12-13 12:00:00,2089,12,13,NA,-0.567464906737882,10.7103176660414
2089-12-14 12:00:00,2089,12,14,NA,-0.827163629283911,6.5848275077908
2089-12-15 12:00:00,2089,12,15,NA,-0.250017463190838,11.6441411845313
2089-12-16 12:00:00,2089,12,16,NA,0.692094979948679,14.3391441944827
2089-12-17 12:00:00,2089,12,17,NA,1.31545503703377,13.2096136847559
2089-12-18 12:00:00,2089,12,18,NA,0.50308903966422,13.1824837074362
2089-12-19 12:00:00,2089,12,19,NA,3.69099083972534,12.4007369042021
2089-12-20 12:00:00,2089,12,20,NA,1.68648769883228,13.1067496145328
2089-12-21 12:00:00,2089,12,21,NA,0.976511360197214,14.7694779379183
2089-12-22 12:00:00,2089,12,22,NA,2.89775927716999,10.6937450639448
2089-12-23 12:00:00,2089,12,23,NA,3.64256290947931,13.6061400541054
2089-12-24 12:00:00,2089,12,24,NA,7.94070736514272,16.0886807668246
2089-12-25 12:00:00,2089,12,25,NA,7.61208495802312,15.0222781448907
2089-12-26 12:00:00,2089,12,26,NA,8.25651612390485,15.3318912002548
2089-12-27 12:00:00,2089,12,27,NA,8.34227308656175,11.8648586446628
2089-12-28 12:00:00,2089,12,28,NA,3.29882193250268,9.78023064485556
2089-12-29 12:00:00,2089,12,29,NA,-1.662964017392,7.63446685554865
2089-12-30 12:00:00,2089,12,30,NA,-6.28739607352276,3.4361174834521
2089-12-31 12:00:00,2089,12,31,NA,-6.95851783811453,6.24319421374713
2090-01-01 12:00:00,2090,1,1,NA,-8.33457339317572,-2.19634035907352
2090-01-02 12:00:00,2090,1,2,NA,-9.15134480778208,-0.905911400278547
2090-01-03 12:00:00,2090,1,3,NA,-9.41534133680723,5.14233151138329
2090-01-04 12:00:00,2090,1,4,NA,-5.74696897955936,7.81226563550608
2090-01-05 12:00:00,2090,1,5,NA,-1.60739237532531,11.949604720511
2090-01-06 12:00:00,2090,1,6,NA,-2.16598074685935,2.47922234289231
2090-01-07 12:00:00,2090,1,7,NA,-8.5670159525155,-2.40794277085028
2090-01-08 12:00:00,2090,1,8,NA,-6.98519403834271,0.153937560478703
2090-01-09 12:00:00,2090,1,9,NA,-10.2945274193702,-5.2604571565915
2090-01-10 12:00:00,2090,1,10,NA,-8.61090208639182,0.479782107104385
2090-01-11 12:00:00,2090,1,11,NA,-7.49705296794856,5.26533533127491
2090-01-12 12:00:00,2090,1,12,NA,-4.37120649212347,5.32569393405313
2090-01-13 12:00:00,2090,1,13,NA,-6.2733212362691,2.33422086677375
2090-01-14 12:00:00,2090,1,14,NA,-4.98245530148282,2.54818220571044
2090-01-15 12:00:00,2090,1,15,NA,-6.54648573815407,1.67092087464026
2090-01-16 12:00:00,2090,1,16,NA,-3.92533323747845,3.51173175461714
2090-01-17 12:00:00,2090,1,17,NA,-3.75857053730672,4.17890507306826
2090-01-18 12:00:00,2090,1,18,NA,-3.97954913232777,8.39545317054468
2090-01-19 12:00:00,2090,1,19,NA,-4.1151384545368,0.585290859500705
2090-01-20 12:00:00,2090,1,20,NA,-2.41666117821994,2.6238069558688
2090-01-21 12:00:00,2090,1,21,NA,-5.08774225569249,0.941279253417045
2090-01-22 12:00:00,2090,1,22,NA,-5.60318445564064,4.85560864109791
2090-01-23 12:00:00,2090,1,23,NA,-4.08247788164575,0.671956626251767
2090-01-24 12:00:00,2090,1,24,NA,-9.82519627804704,-2.62564952444221
2090-01-25 12:00:00,2090,1,25,NA,-10.9177794186294,-2.57439419681242
2090-01-26 12:00:00,2090,1,26,NA,-6.5188373283031,-1.4529083226088
2090-01-27 12:00:00,2090,1,27,NA,-7.22911917547983,1.01631423202371
2090-01-28 12:00:00,2090,1,28,NA,-5.06109929810406,5.99260298168641
2090-01-29 12:00:00,2090,1,29,NA,-6.92172496443785,2.62659940712498
2090-01-30 12:00:00,2090,1,30,NA,-5.69418723023971,5.86947766389181
2090-01-31 12:00:00,2090,1,31,NA,-4.49413986601469,4.96286559311179
2090-02-01 12:00:00,2090,2,1,NA,-2.17698405752115,8.63311999860763
2090-02-02 12:00:00,2090,2,2,NA,1.3900270434483,11.8293627867639
2090-02-03 12:00:00,2090,2,3,NA,0.208137362432044,6.45061236281339
2090-02-04 12:00:00,2090,2,4,NA,-2.59374855488211,1.88615377647355
2090-02-05 12:00:00,2090,2,5,NA,-12.8280797510596,-5.52103378450122
2090-02-06 12:00:00,2090,2,6,NA,-12.0288368929915,3.55985226653075
2090-02-07 12:00:00,2090,2,7,NA,-8.4087136494037,3.07422523657708
2090-02-08 12:00:00,2090,2,8,NA,-8.20855713950173,7.10669072841289
2090-02-09 12:00:00,2090,2,9,NA,-6.25679343662079,8.74259805993626
2090-02-10 12:00:00,2090,2,10,NA,-1.46717009957383,8.91277985799971
2090-02-11 12:00:00,2090,2,11,NA,0.990524749408932,4.27137775820101
2090-02-12 12:00:00,2090,2,12,NA,-1.84843391246958,3.20194900779364
2090-02-13 12:00:00,2090,2,13,NA,-3.85829128011054,8.5460141807693
2090-02-14 12:00:00,2090,2,14,NA,-3.67493015994078,9.04169487360358
2090-02-15 12:00:00,2090,2,15,NA,-4.7068716354552,10.0792668907605
2090-02-16 12:00:00,2090,2,16,NA,-0.169010148634478,14.5984753696305
2090-02-17 12:00:00,2090,2,17,NA,2.18908331413385,9.5098500976713
2090-02-18 12:00:00,2090,2,18,NA,-0.45730595929821,13.4952531762303
2090-02-19 12:00:00,2090,2,19,NA,-2.65757762438308,11.5691989783456
2090-02-20 12:00:00,2090,2,20,NA,-0.283430398395133,11.0635340999247
2090-02-21 12:00:00,2090,2,21,NA,0.910900852785378,11.6669541997608
2090-02-22 12:00:00,2090,2,22,NA,0.265777207213815,9.290458204427
2090-02-23 12:00:00,2090,2,23,NA,5.44949011122574,9.17647494319904
2090-02-24 12:00:00,2090,2,24,NA,1.48637819352532,11.7614221683207
2090-02-25 12:00:00,2090,2,25,NA,1.84805960140146,15.5213572399197
2090-02-26 12:00:00,2090,2,26,NA,3.41432554706161,17.60229313995
2090-02-27 12:00:00,2090,2,27,NA,1.91939280140085,15.3825995748588
2090-02-28 12:00:00,2090,2,28,NA,3.9662134546715,12.7530811402629
2090-03-01 12:00:00,2090,3,1,NA,4.26260348602131,14.2114199218327
2090-03-02 12:00:00,2090,3,2,NA,1.63037460383042,6.24184725432136
2090-03-03 12:00:00,2090,3,3,NA,3.33104511489968,7.4387985652979
2090-03-04 12:00:00,2090,3,4,NA,2.13666338381212,13.0124692571251
2090-03-05 12:00:00,2090,3,5,NA,-0.864086833547524,9.23959797871208
2090-03-06 12:00:00,2090,3,6,NA,-3.66832933126099,7.01496333428601
2090-03-07 12:00:00,2090,3,7,NA,-2.13419482827821,8.05486241296445
2090-03-08 12:00:00,2090,3,8,NA,0.820290380499034,7.9436914582816
2090-03-09 12:00:00,2090,3,9,NA,-0.336727379954236,10.8417678948762
2090-03-10 12:00:00,2090,3,10,NA,3.15825312367951,11.6248621517337
2090-03-11 12:00:00,2090,3,11,NA,1.20417818159911,10.9169123496891
2090-03-12 12:00:00,2090,3,12,NA,2.3739350245682,11.447253630025
2090-03-13 12:00:00,2090,3,13,NA,1.70408106708541,7.98130328193966
2090-03-14 12:00:00,2090,3,14,NA,2.08586812843739,9.71422932639724
2090-03-15 12:00:00,2090,3,15,NA,1.57977488972697,15.4027132589345
2090-03-16 12:00:00,2090,3,16,NA,3.32379691718667,18.2693410243625
2090-03-17 12:00:00,2090,3,17,NA,3.75757223057273,19.8498263382147
2090-03-18 12:00:00,2090,3,18,NA,4.27284217813225,19.2756169444304
2090-03-19 12:00:00,2090,3,19,NA,5.56648357640135,14.8409897155976
2090-03-20 12:00:00,2090,3,20,NA,3.17494738549053,11.6107755612
2090-03-21 12:00:00,2090,3,21,NA,2.63056465138718,11.5391909348015
2090-03-22 12:00:00,2090,3,22,NA,2.76006622496686,16.8388554808001
2090-03-23 12:00:00,2090,3,23,NA,1.30636173546556,14.9962455097443
2090-03-24 12:00:00,2090,3,24,NA,0.835273726421271,17.1561417286272
2090-03-25 12:00:00,2090,3,25,NA,-1.16387239816862,18.6184520146282
2090-03-26 12:00:00,2090,3,26,NA,3.7527564855611,14.9204095356499
2090-03-27 12:00:00,2090,3,27,NA,2.69275957658248,18.4391677112728
2090-03-28 12:00:00,2090,3,28,NA,10.4788922187578,20.5476200039416
2090-03-29 12:00:00,2090,3,29,NA,6.58466928730621,12.5017817727294
2090-03-30 12:00:00,2090,3,30,NA,6.25556834155341,13.9287578973712
2090-03-31 12:00:00,2090,3,31,NA,4.0327981807751,20.6695184999258
2090-04-01 12:00:00,2090,4,1,NA,5.41349388725132,19.4922831430845
2090-04-02 12:00:00,2090,4,2,NA,5.53684796698139,19.6443757389877
2090-04-03 12:00:00,2090,4,3,NA,6.09969969477513,19.6885619613001
2090-04-04 12:00:00,2090,4,4,NA,5.71767543892257,14.8236214506112
2090-04-05 12:00:00,2090,4,5,NA,8.2048117736025,17.1570421920253
2090-04-06 12:00:00,2090,4,6,NA,2.68183613402754,22.2872063412606
2090-04-07 12:00:00,2090,4,7,NA,3.51862739426207,18.4102455152332
2090-04-08 12:00:00,2090,4,8,NA,4.94659587718363,20.7862111620423
2090-04-09 12:00:00,2090,4,9,NA,4.37482156216576,21.102716849875
2090-04-10 12:00:00,2090,4,10,NA,10.2409820682664,24.0459210062891
2090-04-11 12:00:00,2090,4,11,NA,13.6852608074409,24.5000106257631
2090-04-12 12:00:00,2090,4,12,NA,12.2815549653992,21.3875009770878
2090-04-13 12:00:00,2090,4,13,NA,11.6926088146197,22.1054445750108
2090-04-14 12:00:00,2090,4,14,NA,9.72647691728663,23.1077170485272
2090-04-15 12:00:00,2090,4,15,NA,10.3774116433962,21.2466919213264
2090-04-16 12:00:00,2090,4,16,NA,13.4042073009958,17.8835310748536
2090-04-17 12:00:00,2090,4,17,NA,7.90941670653487,10.113301930525
2090-04-18 12:00:00,2090,4,18,NA,9.98384910578343,16.2147772389735
2090-04-19 12:00:00,2090,4,19,NA,7.63806806316993,22.6488381745462
2090-04-20 12:00:00,2090,4,20,NA,6.84988261350636,24.3095360487045
2090-04-21 12:00:00,2090,4,21,NA,6.97271537093203,24.8601331230788
2090-04-22 12:00:00,2090,4,22,NA,11.2817999693548,25.8503262445488
2090-04-23 12:00:00,2090,4,23,NA,7.32780353689044,22.2009155009723
2090-04-24 12:00:00,2090,4,24,NA,7.10073786836653,23.6574878516669
2090-04-25 12:00:00,2090,4,25,NA,6.8050053863188,21.7478027681537
2090-04-26 12:00:00,2090,4,26,NA,9.06885187062631,24.0791490521592
2090-04-27 12:00:00,2090,4,27,NA,9.85696240795654,25.9200645903286
2090-04-28 12:00:00,2090,4,28,NA,11.7084970309541,28.8953611034131
2090-04-29 12:00:00,2090,4,29,NA,17.375396446209,25.5555158640781
2090-04-30 12:00:00,2090,4,30,NA,11.9331783182002,26.7570197788975
2090-05-01 12:00:00,2090,5,1,NA,9.58300276048965,18.3056993843896
2090-05-02 12:00:00,2090,5,2,NA,10.0753993250072,20.8315267663357
2090-05-03 12:00:00,2090,5,3,NA,9.90911268902905,21.6583132931096
2090-05-04 12:00:00,2090,5,4,NA,11.5078034488119,20.1901329172703
2090-05-05 12:00:00,2090,5,5,NA,9.84978194241934,23.5486360713497
2090-05-06 12:00:00,2090,5,6,NA,11.7241419284906,25.160230221568
2090-05-07 12:00:00,2090,5,7,NA,7.70848142012653,22.7010798380277
2090-05-08 12:00:00,2090,5,8,NA,10.2596396452792,26.091954430989
2090-05-09 12:00:00,2090,5,9,NA,13.2212734541078,27.1349441408427
2090-05-10 12:00:00,2090,5,10,NA,14.4897975475586,25.322343499966
2090-05-11 12:00:00,2090,5,11,NA,16.3861716695463,29.0445109753914
2090-05-12 12:00:00,2090,5,12,NA,14.4133808063419,28.6937021728418
2090-05-13 12:00:00,2090,5,13,NA,19.114494649469,29.8818007984226
2090-05-14 12:00:00,2090,5,14,NA,14.3219050301717,31.0531526642009
2090-05-15 12:00:00,2090,5,15,NA,15.949317630122,29.7390863581547
2090-05-16 12:00:00,2090,5,16,NA,16.5004452317955,29.5954913905809
2090-05-17 12:00:00,2090,5,17,NA,15.9460142928491,30.114332266424
2090-05-18 12:00:00,2090,5,18,NA,20.5289195681967,29.3213501460692
2090-05-19 12:00:00,2090,5,19,NA,21.342976922404,28.7974967258477
2090-05-20 12:00:00,2090,5,20,NA,21.475256557953,23.8095823453981
2090-05-21 12:00:00,2090,5,21,NA,17.8189502261267,19.3938458400788
2090-05-22 12:00:00,2090,5,22,NA,15.6952299168661,21.0715167382063
2090-05-23 12:00:00,2090,5,23,NA,14.9458959316866,21.8716135145155
2090-05-24 12:00:00,2090,5,24,NA,14.4120057884373,28.0070188978114
2090-05-25 12:00:00,2090,5,25,NA,15.2464674996453,29.949404889275
2090-05-26 12:00:00,2090,5,26,NA,15.9910061859697,35.8224885131335
2090-05-27 12:00:00,2090,5,27,NA,19.4263783798932,30.1936845288469
2090-05-28 12:00:00,2090,5,28,NA,18.4124788881763,31.8226772932501
2090-05-29 12:00:00,2090,5,29,NA,18.520750531297,30.2624624108388
2090-05-30 12:00:00,2090,5,30,NA,16.9747443365424,26.8893675118732
2090-05-31 12:00:00,2090,5,31,NA,18.4200332137268,25.9488898734311
2090-06-01 12:00:00,2090,6,1,NA,19.5617804214477,26.2265281517589
2090-06-02 12:00:00,2090,6,2,NA,23.157746912822,26.0530940672042
2090-06-03 12:00:00,2090,6,3,NA,18.9023684200918,30.9156309135354
2090-06-04 12:00:00,2090,6,4,NA,18.3745910374905,32.1154156704816
2090-06-05 12:00:00,2090,6,5,NA,17.7904450289353,32.2983683465976
2090-06-06 12:00:00,2090,6,6,NA,19.3376814291261,31.4013184744544
2090-06-07 12:00:00,2090,6,7,NA,17.3128923870543,32.2760689114054
2090-06-08 12:00:00,2090,6,8,NA,18.8167490588886,29.9055496024878
2090-06-09 12:00:00,2090,6,9,NA,18.7014434827198,29.9901014300753
2090-06-10 12:00:00,2090,6,10,NA,20.8031141771461,23.8141364639131
2090-06-11 12:00:00,2090,6,11,NA,19.0701279581769,29.817408853796
2090-06-12 12:00:00,2090,6,12,NA,23.8938248908277,25.7895316763253
2090-06-13 12:00:00,2090,6,13,NA,20.6729476188562,28.6078957647982
2090-06-14 12:00:00,2090,6,14,NA,21.1396164505445,29.1835957314682
2090-06-15 12:00:00,2090,6,15,NA,20.5900918261772,31.8351775836334
2090-06-16 12:00:00,2090,6,16,NA,19.1635669566892,32.1496184665477
2090-06-17 12:00:00,2090,6,17,NA,20.5646983571508,28.6502226003569
2090-06-18 12:00:00,2090,6,18,NA,21.6044519749164,29.4436156663273
2090-06-19 12:00:00,2090,6,19,NA,20.0913686799574,32.8247844148565
2090-06-20 12:00:00,2090,6,20,NA,21.5796103973835,34.5823597024684
2090-06-21 12:00:00,2090,6,21,NA,23.1209539778262,32.4668746529346
2090-06-22 12:00:00,2090,6,22,NA,21.2312641180201,30.7051769744192
2090-06-23 12:00:00,2090,6,23,NA,20.0157912787071,27.9507394246491
2090-06-24 12:00:00,2090,6,24,NA,19.819036856025,32.9357913852686
2090-06-25 12:00:00,2090,6,25,NA,20.9440893691535,32.8432442951149
2090-06-26 12:00:00,2090,6,26,NA,21.1799832987023,35.7719944148066
2090-06-27 12:00:00,2090,6,27,NA,26.6624434188084,31.4858873742471
2090-06-28 12:00:00,2090,6,28,NA,23.282000387092,33.4448333958391
2090-06-29 12:00:00,2090,6,29,NA,23.7034470846823,31.0380016220581
2090-06-30 12:00:00,2090,6,30,NA,22.3769297343923,31.6759182191635
2090-07-01 12:00:00,2090,7,1,NA,21.6661395917925,32.2901247157222
2090-07-02 12:00:00,2090,7,2,NA,24.6333894450663,34.0243209643294
2090-07-03 12:00:00,2090,7,3,NA,24.507350483363,34.1386915332398
2090-07-04 12:00:00,2090,7,4,NA,25.2259692653882,33.8024890981188
2090-07-05 12:00:00,2090,7,5,NA,25.8959611779844,32.7999340663424
2090-07-06 12:00:00,2090,7,6,NA,25.3483698178844,32.0184340633976
2090-07-07 12:00:00,2090,7,7,NA,25.2983288761232,32.2751466661222
2090-07-08 12:00:00,2090,7,8,NA,22.9054237292404,32.2468214091832
2090-07-09 12:00:00,2090,7,9,NA,22.8086424566333,27.6429063976633
2090-07-10 12:00:00,2090,7,10,NA,21.647502806077,26.8510249805604
2090-07-11 12:00:00,2090,7,11,NA,22.4648801757599,32.3088610181064
2090-07-12 12:00:00,2090,7,12,NA,22.162409954701,31.5727653656025
2090-07-13 12:00:00,2090,7,13,NA,23.9201155290945,31.2550821208176
2090-07-14 12:00:00,2090,7,14,NA,21.2374326542404,23.327140702669
2090-07-15 12:00:00,2090,7,15,NA,20.6763516519755,24.0463377837049
2090-07-16 12:00:00,2090,7,16,NA,21.2888947732607,27.3747049928024
2090-07-17 12:00:00,2090,7,17,NA,22.6179975303161,30.1840739173924
2090-07-18 12:00:00,2090,7,18,NA,24.2074812584181,28.7624272764947
2090-07-19 12:00:00,2090,7,19,NA,22.431548562621,24.2996659341144
2090-07-20 12:00:00,2090,7,20,NA,21.3535351893635,28.9329410724755
2090-07-21 12:00:00,2090,7,21,NA,22.7744169354941,27.6221084509702
2090-07-22 12:00:00,2090,7,22,NA,21.4461351926912,28.2347125446621
2090-07-23 12:00:00,2090,7,23,NA,21.6579992697222,34.3349437255194
2090-07-24 12:00:00,2090,7,24,NA,24.254552851243,31.1734005411948
2090-07-25 12:00:00,2090,7,25,NA,21.9381533989439,31.8976692157609
2090-07-26 12:00:00,2090,7,26,NA,19.0140848793608,26.740246222825
2090-07-27 12:00:00,2090,7,27,NA,21.0721481115595,28.8992892880432
2090-07-28 12:00:00,2090,7,28,NA,22.6284077339301,33.509375423616
2090-07-29 12:00:00,2090,7,29,NA,25.44993122325,31.6969459995718
2090-07-30 12:00:00,2090,7,30,NA,26.5484532399226,30.0980216764834
2090-07-31 12:00:00,2090,7,31,NA,28.7029395023283,32.6257710719463
2090-08-01 12:00:00,2090,8,1,NA,25.9375219680284,33.7584959360807
2090-08-02 12:00:00,2090,8,2,NA,26.2693609084263,36.8326242433362
2090-08-03 12:00:00,2090,8,3,NA,29.4747930085603,33.3243160177261
2090-08-04 12:00:00,2090,8,4,NA,28.6772323038617,35.1322771256031
2090-08-05 12:00:00,2090,8,5,NA,25.6623552190126,33.593871803541
2090-08-06 12:00:00,2090,8,6,NA,25.3746237750164,34.6089194391592
2090-08-07 12:00:00,2090,8,7,NA,25.9792651936745,33.6620280207329
2090-08-08 12:00:00,2090,8,8,NA,26.353099992078,34.3604136888393
2090-08-09 12:00:00,2090,8,9,NA,23.5557144957178,28.3651351217786
2090-08-10 12:00:00,2090,8,10,NA,21.8489111206684,26.0767771867855
2090-08-11 12:00:00,2090,8,11,NA,22.3529434604652,32.2567320722904
2090-08-12 12:00:00,2090,8,12,NA,24.5923675304871,34.218523765641
2090-08-13 12:00:00,2090,8,13,NA,24.4260576138815,33.064623547953
2090-08-14 12:00:00,2090,8,14,NA,25.4968449577708,32.3915784088499
2090-08-15 12:00:00,2090,8,15,NA,25.183056283979,32.87708288746
2090-08-16 12:00:00,2090,8,16,NA,24.8933442566821,33.5304495992407
2090-08-17 12:00:00,2090,8,17,NA,25.1985434256133,33.7408437173067
2090-08-18 12:00:00,2090,8,18,NA,24.2261554167991,32.8766010806307
2090-08-19 12:00:00,2090,8,19,NA,24.6245605019904,32.820670990841
2090-08-20 12:00:00,2090,8,20,NA,22.7258746609986,34.0724638124764
2090-08-21 12:00:00,2090,8,21,NA,22.3012181284572,34.4824541805017
2090-08-22 12:00:00,2090,8,22,NA,22.7154175668818,35.1924590860752
2090-08-23 12:00:00,2090,8,23,NA,23.4828527127762,34.0479601083566
2090-08-24 12:00:00,2090,8,24,NA,24.5530767900084,35.1148123450956
2090-08-25 12:00:00,2090,8,25,NA,24.4124954853836,34.0268332786431
2090-08-26 12:00:00,2090,8,26,NA,24.4096947183701,34.8972591732255
2090-08-27 12:00:00,2090,8,27,NA,24.5382501750381,33.1747524731008
2090-08-28 12:00:00,2090,8,28,NA,22.818338841123,33.2319638172509
2090-08-29 12:00:00,2090,8,29,NA,27.4730551606745,31.5971310846514
2090-08-30 12:00:00,2090,8,30,NA,25.3323272027597,29.1834204020149
2090-08-31 12:00:00,2090,8,31,NA,23.1863803088513,29.9185048704113
2090-09-01 12:00:00,2090,9,1,NA,21.1202970529128,28.3869225123532
2090-09-02 12:00:00,2090,9,2,NA,23.3934011302641,26.3779783970508
2090-09-03 12:00:00,2090,9,3,NA,17.9565501492413,27.2479424695694
2090-09-04 12:00:00,2090,9,4,NA,18.3387267763961,27.9194786554746
2090-09-05 12:00:00,2090,9,5,NA,18.5344938527358,29.0916132198677
2090-09-06 12:00:00,2090,9,6,NA,22.2001589191096,29.5003660595039
2090-09-07 12:00:00,2090,9,7,NA,20.6185999273166,30.4558549744258
2090-09-08 12:00:00,2090,9,8,NA,21.6445242105157,32.947104177216
2090-09-09 12:00:00,2090,9,9,NA,21.1811505386406,32.4816408566361
2090-09-10 12:00:00,2090,9,10,NA,21.7497855526238,31.7397354796483
2090-09-11 12:00:00,2090,9,11,NA,20.4062053791695,23.9833047953918
2090-09-12 12:00:00,2090,9,12,NA,21.6450633709581,23.4065479016164
2090-09-13 12:00:00,2090,9,13,NA,17.9717231001376,22.3973062507481
2090-09-14 12:00:00,2090,9,14,NA,17.6626027522821,29.1717423674151
2090-09-15 12:00:00,2090,9,15,NA,17.1643310224462,31.5556780632705
2090-09-16 12:00:00,2090,9,16,NA,18.9410493495505,28.234180742703
2090-09-17 12:00:00,2090,9,17,NA,19.1690626229955,28.4604549433237
2090-09-18 12:00:00,2090,9,18,NA,18.9778929559339,29.3447624014213
2090-09-19 12:00:00,2090,9,19,NA,17.9787758028423,29.0216024551678
2090-09-20 12:00:00,2090,9,20,NA,17.6841179723439,29.1817653853379
2090-09-21 12:00:00,2090,9,21,NA,22.7183350689648,26.5676808465114
2090-09-22 12:00:00,2090,9,22,NA,18.1681868323705,23.9206784226537
2090-09-23 12:00:00,2090,9,23,NA,17.445925087969,24.6079498099269
2090-09-24 12:00:00,2090,9,24,NA,16.7994021088017,28.9048091198576
2090-09-25 12:00:00,2090,9,25,NA,16.8736193185566,27.4099727686598
2090-09-26 12:00:00,2090,9,26,NA,15.7545732206471,24.2996712178811
2090-09-27 12:00:00,2090,9,27,NA,15.9792156812786,25.5673496426983
2090-09-28 12:00:00,2090,9,28,NA,14.5091188153471,26.0703496679028
2090-09-29 12:00:00,2090,9,29,NA,15.6862500953862,24.5045702293297
2090-09-30 12:00:00,2090,9,30,NA,19.2438648845794,27.668115663693
2090-10-01 12:00:00,2090,10,1,NA,21.4784265359038,23.2913170801878
2090-10-02 12:00:00,2090,10,2,NA,16.7544148397843,27.6572136353398
2090-10-03 12:00:00,2090,10,3,NA,17.1199128734998,30.3879709968926
2090-10-04 12:00:00,2090,10,4,NA,17.423501428626,27.712103564288
2090-10-05 12:00:00,2090,10,5,NA,16.8792919499111,27.8819739799986
2090-10-06 12:00:00,2090,10,6,NA,15.1643422818034,27.2183509716339
2090-10-07 12:00:00,2090,10,7,NA,13.0607363672875,27.0271513662288
2090-10-08 12:00:00,2090,10,8,NA,11.6780649651241,25.0522937884597
2090-10-09 12:00:00,2090,10,9,NA,12.5749188370693,24.1589223669376
2090-10-10 12:00:00,2090,10,10,NA,14.250901501949,23.5337600067045
2090-10-11 12:00:00,2090,10,11,NA,15.0298377678622,25.7594117762805
2090-10-12 12:00:00,2090,10,12,NA,13.4141958157911,25.1049594234795
2090-10-13 12:00:00,2090,10,13,NA,13.4588648372635,24.1884388456818
2090-10-14 12:00:00,2090,10,14,NA,14.7864932870819,20.2701851835569
2090-10-15 12:00:00,2090,10,15,NA,8.28149804978409,16.3667271755997
2090-10-16 12:00:00,2090,10,16,NA,7.33403793360575,21.3612485342923
2090-10-17 12:00:00,2090,10,17,NA,12.8584122444534,25.4103241358105
2090-10-18 12:00:00,2090,10,18,NA,13.0023046530785,24.7470500227878
2090-10-19 12:00:00,2090,10,19,NA,11.9469853888381,21.5428947392476
2090-10-20 12:00:00,2090,10,20,NA,12.0694312739241,24.4199947683303
2090-10-21 12:00:00,2090,10,21,NA,11.3975772959493,22.9620859103777
2090-10-22 12:00:00,2090,10,22,NA,8.96147767379902,20.2582369339122
2090-10-23 12:00:00,2090,10,23,NA,5.07069537573773,19.6076912526133
2090-10-24 12:00:00,2090,10,24,NA,7.30732735251039,19.4737920370428
2090-10-25 12:00:00,2090,10,25,NA,8.91459027351103,19.1899596910386
2090-10-26 12:00:00,2090,10,26,NA,9.07291964354822,19.4466252433389
2090-10-27 12:00:00,2090,10,27,NA,7.1609789195997,14.6337832569397
2090-10-28 12:00:00,2090,10,28,NA,6.68399888749205,17.4610451323894
2090-10-29 12:00:00,2090,10,29,NA,7.3144874466351,20.5825455700279
2090-10-30 12:00:00,2090,10,30,NA,6.05608213116272,20.6764391349689
2090-10-31 12:00:00,2090,10,31,NA,7.67667761196921,20.4313583077786
2090-11-01 12:00:00,2090,11,1,NA,9.06063470236738,17.410872263957
2090-11-02 12:00:00,2090,11,2,NA,8.5144963747288,18.1256896814493
2090-11-03 12:00:00,2090,11,3,NA,10.2822545296036,20.2104923794603
2090-11-04 12:00:00,2090,11,4,NA,11.8714981838817,23.0709795467253
2090-11-05 12:00:00,2090,11,5,NA,11.7061881855971,22.0707252017864
2090-11-06 12:00:00,2090,11,6,NA,11.3275109649472,23.5348260476157
2090-11-07 12:00:00,2090,11,7,NA,14.6871438845358,24.1131052415257
2090-11-08 12:00:00,2090,11,8,NA,5.40928968722425,10.5538947662335
2090-11-09 12:00:00,2090,11,9,NA,5.5836700555484,10.6739307527853
2090-11-10 12:00:00,2090,11,10,NA,4.78161501958703,13.2456443467269
2090-11-11 12:00:00,2090,11,11,NA,3.00408216508557,16.4616113291525
2090-11-12 12:00:00,2090,11,12,NA,6.5417921897015,22.1682966586934
2090-11-13 12:00:00,2090,11,13,NA,5.98714416535478,15.3113277046854
2090-11-14 12:00:00,2090,11,14,NA,3.31534634807816,16.3209903687228
2090-11-15 12:00:00,2090,11,15,NA,0.612185076332263,17.1687730985549
2090-11-16 12:00:00,2090,11,16,NA,4.73056153774681,9.09218607311227
2090-11-17 12:00:00,2090,11,17,NA,4.48230000986927,10.679244741542
2090-11-18 12:00:00,2090,11,18,NA,6.33546510740945,10.2426019753241
2090-11-19 12:00:00,2090,11,19,NA,0.980319724083347,4.04195033100537
2090-11-20 12:00:00,2090,11,20,NA,2.2246019696771,11.009629291985
2090-11-21 12:00:00,2090,11,21,NA,-2.14972428185987,13.0598099801323
2090-11-22 12:00:00,2090,11,22,NA,3.12699483339476,9.34654640604717
2090-11-23 12:00:00,2090,11,23,NA,3.33348276086172,13.662504198959
2090-11-24 12:00:00,2090,11,24,NA,2.83718563093796,7.92744632817487
2090-11-25 12:00:00,2090,11,25,NA,0.198397986694369,9.9109333049634
2090-11-26 12:00:00,2090,11,26,NA,-0.339405357541214,12.8382830702759
2090-11-27 12:00:00,2090,11,27,NA,0.595583221880518,10.7144235981915
2090-11-28 12:00:00,2090,11,28,NA,1.98374099616457,11.3123854980792
2090-11-29 12:00:00,2090,11,29,NA,3.26954136455704,10.3141561272584
2090-11-30 12:00:00,2090,11,30,NA,-2.38485082541562,8.70931923724405
2090-12-01 12:00:00,2090,12,1,NA,-0.722311916678744,12.6274620277278
2090-12-02 12:00:00,2090,12,2,NA,0.601415796234067,11.4678341450244
2090-12-03 12:00:00,2090,12,3,NA,-0.0364216500691672,12.0945220062606
2090-12-04 12:00:00,2090,12,4,NA,-0.524157699386337,11.6547230617842
2090-12-05 12:00:00,2090,12,5,NA,-1.38550434580974,12.6583116959297
2090-12-06 12:00:00,2090,12,6,NA,1.89397263111265,14.1684373697198
2090-12-07 12:00:00,2090,12,7,NA,3.46967596919743,12.3038647243829
2090-12-08 12:00:00,2090,12,8,NA,3.67382238527218,11.6214127512184
2090-12-09 12:00:00,2090,12,9,NA,2.17754848104135,8.96431521773984
2090-12-10 12:00:00,2090,12,10,NA,0.415751688524717,9.22041279695583
2090-12-11 12:00:00,2090,12,11,NA,1.02237543760963,8.23862267867755
2090-12-12 12:00:00,2090,12,12,NA,-0.381299456635995,6.9977937630509
2090-12-13 12:00:00,2090,12,13,NA,-1.96816708738499,7.59929627214938
2090-12-14 12:00:00,2090,12,14,NA,-2.20844009925979,8.67754590162683
2090-12-15 12:00:00,2090,12,15,NA,-0.510630770001512,4.60743935228967
2090-12-16 12:00:00,2090,12,16,NA,0.0976777910287865,9.58308283786405
2090-12-17 12:00:00,2090,12,17,NA,0.632050799008263,14.7850222766378
2090-12-18 12:00:00,2090,12,18,NA,-3.92167855791458,4.164506153961
2090-12-19 12:00:00,2090,12,19,NA,-7.73213878943737,5.51359657413361
2090-12-20 12:00:00,2090,12,20,NA,-4.21294838174021,7.54531688786268
2090-12-21 12:00:00,2090,12,21,NA,-2.20108789349108,7.78159004327714
2090-12-22 12:00:00,2090,12,22,NA,0.72137322046839,11.8804365387471
2090-12-23 12:00:00,2090,12,23,NA,-2.15932970936061,11.6052657658482
2090-12-24 12:00:00,2090,12,24,NA,-1.77282027393256,15.7969787923942
2090-12-25 12:00:00,2090,12,25,NA,0.48196219429042,12.5258559898995
2090-12-26 12:00:00,2090,12,26,NA,6.0133382560746,14.1613116577564
2090-12-27 12:00:00,2090,12,27,NA,3.49650960979154,11.8226654686569
2090-12-28 12:00:00,2090,12,28,NA,4.51872491142871,17.4711653699835
2090-12-29 12:00:00,2090,12,29,NA,3.50047748061134,13.910872676832
2090-12-30 12:00:00,2090,12,30,NA,4.2442211802475,10.946397986051
2090-12-31 12:00:00,2090,12,31,NA,1.83588812530272,9.93274516965459
2091-01-01 12:00:00,2091,1,1,NA,-0.134307640588557,7.15678401148109
2091-01-02 12:00:00,2091,1,2,NA,-4.98515029573871,0.10399386154528
2091-01-03 12:00:00,2091,1,3,NA,-6.59949800291526,2.10875397780388
2091-01-04 12:00:00,2091,1,4,NA,-3.42176785042468,3.77879048537162
2091-01-05 12:00:00,2091,1,5,NA,-4.92639677836273,6.84361699494924
2091-01-06 12:00:00,2091,1,6,NA,-4.31740194010819,5.9965867529544
2091-01-07 12:00:00,2091,1,7,NA,-2.38491806585074,8.16031755553766
2091-01-08 12:00:00,2091,1,8,NA,-2.30698556932204,8.14312284465852
2091-01-09 12:00:00,2091,1,9,NA,-1.45248633791031,7.84891434463813
2091-01-10 12:00:00,2091,1,10,NA,-1.46050144746017,8.59968158275809
2091-01-11 12:00:00,2091,1,11,NA,-0.139622043460949,7.90108359346122
2091-01-12 12:00:00,2091,1,12,NA,-0.325686017412871,5.16271837878401
2091-01-13 12:00:00,2091,1,13,NA,-1.62673006884514,6.28046074890068
2091-01-14 12:00:00,2091,1,14,NA,-3.3122824807553,5.84848328080684
2091-01-15 12:00:00,2091,1,15,NA,-2.01228668928001,3.34027332945333
2091-01-16 12:00:00,2091,1,16,NA,-2.07613652679792,-0.193931920052331
2091-01-17 12:00:00,2091,1,17,NA,-4.75220370216389,1.88686480991449
2091-01-18 12:00:00,2091,1,18,NA,-5.87183114592149,4.27509244057939
2091-01-19 12:00:00,2091,1,19,NA,-11.5899812339669,-2.98243913092402
2091-01-20 12:00:00,2091,1,20,NA,-6.84569275205632,4.47016124695452
2091-01-21 12:00:00,2091,1,21,NA,-4.46587232168026,7.38929794302968
2091-01-22 12:00:00,2091,1,22,NA,0.267910934165091,7.46565155800712
2091-01-23 12:00:00,2091,1,23,NA,-3.91703014369673,3.286449941113
2091-01-24 12:00:00,2091,1,24,NA,-4.55678667148882,9.79786400268893
2091-01-25 12:00:00,2091,1,25,NA,-4.15549241044302,5.97994695627705
2091-01-26 12:00:00,2091,1,26,NA,1.38312887837441,9.60604803266468
2091-01-27 12:00:00,2091,1,27,NA,-0.135171180685436,12.4067684994951
2091-01-28 12:00:00,2091,1,28,NA,0.730828350692434,9.60190981575112
2091-01-29 12:00:00,2091,1,29,NA,-0.685200527306348,8.57908634632593
2091-01-30 12:00:00,2091,1,30,NA,-1.99109569696321,7.28311689535589
2091-01-31 12:00:00,2091,1,31,NA,-2.21125590990331,6.56364899303318
2091-02-01 12:00:00,2091,2,1,NA,-5.43968639867584,2.30148458437997
2091-02-02 12:00:00,2091,2,2,NA,-3.66362241413729,8.36278032284471
2091-02-03 12:00:00,2091,2,3,NA,-4.24139122069111,4.93474432690053
2091-02-04 12:00:00,2091,2,4,NA,-0.727879336622663,10.8000348710052
2091-02-05 12:00:00,2091,2,5,NA,5.45250493173132,14.3392123863481
2091-02-06 12:00:00,2091,2,6,NA,3.72002673237854,14.476080079354
2091-02-07 12:00:00,2091,2,7,NA,5.49394389444392,14.6731810832089
2091-02-08 12:00:00,2091,2,8,NA,5.03281901139775,11.6356102993606
2091-02-09 12:00:00,2091,2,9,NA,3.11464467407668,14.5093264698763
2091-02-10 12:00:00,2091,2,10,NA,2.14511002569466,11.8339728592525
2091-02-11 12:00:00,2091,2,11,NA,5.88832773253363,10.0805263000743
2091-02-12 12:00:00,2091,2,12,NA,-3.73680031245765,-1.35402605460684
2091-02-13 12:00:00,2091,2,13,NA,-3.09655972097426,4.52505349395211
2091-02-14 12:00:00,2091,2,14,NA,-4.3163325441585,7.92770791386581
2091-02-15 12:00:00,2091,2,15,NA,-1.62503054598615,2.53371634117775
2091-02-16 12:00:00,2091,2,16,NA,-1.38496790667178,5.76156305756025
2091-02-17 12:00:00,2091,2,17,NA,-0.826954696877392,9.19731530305883
2091-02-18 12:00:00,2091,2,18,NA,-4.32877745106055,11.147422791288
2091-02-19 12:00:00,2091,2,19,NA,8.44706614952836,12.636963050309
2091-02-20 12:00:00,2091,2,20,NA,1.96124026188672,7.71148720330185
2091-02-21 12:00:00,2091,2,21,NA,0.683051598855579,7.57508266196214
2091-02-22 12:00:00,2091,2,22,NA,-0.0603627103443083,9.37768357735514
2091-02-23 12:00:00,2091,2,23,NA,-0.604284876802316,9.21954384782812
2091-02-24 12:00:00,2091,2,24,NA,-1.35947919930448,13.2814025874811
2091-02-25 12:00:00,2091,2,25,NA,5.0305497951631,14.1882819496151
2091-02-26 12:00:00,2091,2,26,NA,5.16413052473895,8.31047236565019
2091-02-27 12:00:00,2091,2,27,NA,1.60373613091765,12.2895217711717
2091-02-28 12:00:00,2091,2,28,NA,-0.00294454487803542,13.4602622285799
2091-03-01 12:00:00,2091,3,1,NA,-1.13248055950874,7.9399840445254
2091-03-02 12:00:00,2091,3,2,NA,-7.89294313244444,12.7621338655841
2091-03-03 12:00:00,2091,3,3,NA,0.157027554966993,18.5750366427432
2091-03-04 12:00:00,2091,3,4,NA,2.52961589540017,17.8756802921699
2091-03-05 12:00:00,2091,3,5,NA,8.23894994058501,16.1944980282256
2091-03-06 12:00:00,2091,3,6,NA,4.47590289756908,11.1733003459598
2091-03-07 12:00:00,2091,3,7,NA,2.7493627479766,8.86778606932883
2091-03-08 12:00:00,2091,3,8,NA,3.55569355249015,15.7192409571928
2091-03-09 12:00:00,2091,3,9,NA,4.7518654915762,17.2450927757364
2091-03-10 12:00:00,2091,3,10,NA,8.54527808594794,18.8319964079927
2091-03-11 12:00:00,2091,3,11,NA,8.33577332146721,16.6306854620417
2091-03-12 12:00:00,2091,3,12,NA,4.59667264135609,15.5542606952203
2091-03-13 12:00:00,2091,3,13,NA,4.11262562980184,15.7876808663887
2091-03-14 12:00:00,2091,3,14,NA,10.4403254979507,16.7175477128049
2091-03-15 12:00:00,2091,3,15,NA,5.81004459557337,18.8291023468947
2091-03-16 12:00:00,2091,3,16,NA,4.77489199464527,17.9389969795377
2091-03-17 12:00:00,2091,3,17,NA,10.7267009774429,14.5776957525884
2091-03-18 12:00:00,2091,3,18,NA,6.11711663931091,14.2918648896358
2091-03-19 12:00:00,2091,3,19,NA,8.60390960354552,17.5677735991767
2091-03-20 12:00:00,2091,3,20,NA,5.13829346133191,17.6256245315289
2091-03-21 12:00:00,2091,3,21,NA,6.07790434810903,14.0334524357496
2091-03-22 12:00:00,2091,3,22,NA,5.78010184644714,12.8036984389053
2091-03-23 12:00:00,2091,3,23,NA,3.38661544559463,16.2917768351661
2091-03-24 12:00:00,2091,3,24,NA,4.34269422111042,13.3135019082762
2091-03-25 12:00:00,2091,3,25,NA,4.84952458192267,18.9161405466104
2091-03-26 12:00:00,2091,3,26,NA,6.98117464321424,18.2708264287488
2091-03-27 12:00:00,2091,3,27,NA,6.03335755725776,18.3884950646795
2091-03-28 12:00:00,2091,3,28,NA,8.26446207747236,18.7134760011402
2091-03-29 12:00:00,2091,3,29,NA,11.3316858102673,19.2872338979079
2091-03-30 12:00:00,2091,3,30,NA,7.52362714262379,15.7184626799837
2091-03-31 12:00:00,2091,3,31,NA,5.45462013607411,9.86630872990432
2091-04-01 12:00:00,2091,4,1,NA,6.13830868332022,12.8357061317109
2091-04-02 12:00:00,2091,4,2,NA,5.25756726100885,13.534620732563
2091-04-03 12:00:00,2091,4,3,NA,1.62860110933775,19.5475701382086
2091-04-04 12:00:00,2091,4,4,NA,8.04693914526547,23.0586240500659
2091-04-05 12:00:00,2091,4,5,NA,3.84692484447708,18.6253477071576
2091-04-06 12:00:00,2091,4,6,NA,4.28803793908027,12.2126758405966
2091-04-07 12:00:00,2091,4,7,NA,3.46033636391348,12.6448380869394
2091-04-08 12:00:00,2091,4,8,NA,5.3373482584613,18.0977991815605
2091-04-09 12:00:00,2091,4,9,NA,7.72524215329722,24.214487541664
2091-04-10 12:00:00,2091,4,10,NA,6.55646628785834,15.0974782861654
2091-04-11 12:00:00,2091,4,11,NA,-0.864757307044345,17.9544432745005
2091-04-12 12:00:00,2091,4,12,NA,4.48225315651338,18.6201122033888
2091-04-13 12:00:00,2091,4,13,NA,6.21083927482323,21.8834799345429
2091-04-14 12:00:00,2091,4,14,NA,9.0595745213614,18.9334702103283
2091-04-15 12:00:00,2091,4,15,NA,10.9922074461351,22.9155104128913
2091-04-16 12:00:00,2091,4,16,NA,10.4605290835108,26.7754314600144
2091-04-17 12:00:00,2091,4,17,NA,10.6609964791697,26.3336371388894
2091-04-18 12:00:00,2091,4,18,NA,11.6548047554615,25.4083621243677
2091-04-19 12:00:00,2091,4,19,NA,11.3575828068084,22.2612272835801
2091-04-20 12:00:00,2091,4,20,NA,9.66927052713801,16.5725605576609
2091-04-21 12:00:00,2091,4,21,NA,9.92401625421792,16.5903360738817
2091-04-22 12:00:00,2091,4,22,NA,8.47016419117393,25.0919631223971
2091-04-23 12:00:00,2091,4,23,NA,12.1103514630693,27.8680490808779
2091-04-24 12:00:00,2091,4,24,NA,10.4278426895454,24.9665738859818
2091-04-25 12:00:00,2091,4,25,NA,13.5415618431404,28.7852402381069
2091-04-26 12:00:00,2091,4,26,NA,13.9514678651063,27.3404023449233
2091-04-27 12:00:00,2091,4,27,NA,14.2497852413281,28.6887000865268
2091-04-28 12:00:00,2091,4,28,NA,13.3295819362658,27.515467885033
2091-04-29 12:00:00,2091,4,29,NA,11.2331820429946,21.1236319277212
2091-04-30 12:00:00,2091,4,30,NA,9.43886866301172,20.9754469030206
2091-05-01 12:00:00,2091,5,1,NA,9.98950510274275,25.4387298141312
2091-05-02 12:00:00,2091,5,2,NA,11.9182735342078,24.5379112895779
2091-05-03 12:00:00,2091,5,3,NA,14.2561381151924,18.1914942101673
2091-05-04 12:00:00,2091,5,4,NA,13.2708661744908,22.9438259535841
2091-05-05 12:00:00,2091,5,5,NA,11.8086564883638,25.5862064564227
2091-05-06 12:00:00,2091,5,6,NA,12.9323324849158,25.9783011729916
2091-05-07 12:00:00,2091,5,7,NA,12.1171684684728,25.1170901355376
2091-05-08 12:00:00,2091,5,8,NA,11.9950468477428,18.3536312938656
2091-05-09 12:00:00,2091,5,9,NA,10.4866505780286,19.2983548924267
2091-05-10 12:00:00,2091,5,10,NA,10.4686152095112,20.6857716599258
2091-05-11 12:00:00,2091,5,11,NA,11.6936230298936,20.1987044856113
2091-05-12 12:00:00,2091,5,12,NA,16.1911555492015,22.8293797719495
2091-05-13 12:00:00,2091,5,13,NA,16.1181255184841,19.8113634773644
2091-05-14 12:00:00,2091,5,14,NA,16.4140988585801,24.0734242085661
2091-05-15 12:00:00,2091,5,15,NA,17.3981683530521,19.9488767761596
2091-05-16 12:00:00,2091,5,16,NA,15.5305206544176,18.586795260007
2091-05-17 12:00:00,2091,5,17,NA,13.0225207534221,20.6353185836786
2091-05-18 12:00:00,2091,5,18,NA,11.6118633419308,24.6117850089956
2091-05-19 12:00:00,2091,5,19,NA,14.5349309895177,30.8446523364235
2091-05-20 12:00:00,2091,5,20,NA,15.6034857480101,21.2109451451481
2091-05-21 12:00:00,2091,5,21,NA,15.0660868735257,24.1675054866973
2091-05-22 12:00:00,2091,5,22,NA,13.0233280103801,27.8107138109063
2091-05-23 12:00:00,2091,5,23,NA,13.4453361725774,28.240703205323
2091-05-24 12:00:00,2091,5,24,NA,12.4106124366007,25.5158368990569
2091-05-25 12:00:00,2091,5,25,NA,11.2333442322193,24.9328579205979
2091-05-26 12:00:00,2091,5,26,NA,12.6297952287104,27.0246947489532
2091-05-27 12:00:00,2091,5,27,NA,14.593282870785,26.6180715752841
2091-05-28 12:00:00,2091,5,28,NA,13.8277443589563,27.2799428290594
2091-05-29 12:00:00,2091,5,29,NA,16.5702964739334,22.4433342308618
2091-05-30 12:00:00,2091,5,30,NA,17.8079208018244,20.3586292249319
2091-05-31 12:00:00,2091,5,31,NA,20.6234941890104,22.1983898029625
2091-06-01 12:00:00,2091,6,1,NA,14.6746686633712,18.3679066222514
2091-06-02 12:00:00,2091,6,2,NA,14.4479997795736,25.2850484951487
2091-06-03 12:00:00,2091,6,3,NA,15.7192630192762,26.7944613277426
2091-06-04 12:00:00,2091,6,4,NA,17.9044393576199,23.9092084541172
2091-06-05 12:00:00,2091,6,5,NA,18.707060562925,24.1453069521319
2091-06-06 12:00:00,2091,6,6,NA,19.8381984425504,22.8522768345958
2091-06-07 12:00:00,2091,6,7,NA,18.3131535411924,26.7681212561596
2091-06-08 12:00:00,2091,6,8,NA,17.8972930461841,29.5383686140948
2091-06-09 12:00:00,2091,6,9,NA,25.1414358409419,30.3967100915077
2091-06-10 12:00:00,2091,6,10,NA,21.8167222105471,31.9193924175676
2091-06-11 12:00:00,2091,6,11,NA,19.7379973206001,31.8272873657763
2091-06-12 12:00:00,2091,6,12,NA,21.1002614915041,29.1857857347102
2091-06-13 12:00:00,2091,6,13,NA,23.0659824741381,24.4653324512163
2091-06-14 12:00:00,2091,6,14,NA,20.8610608384599,25.8424206173457
2091-06-15 12:00:00,2091,6,15,NA,20.7305546840308,26.1437993283377
2091-06-16 12:00:00,2091,6,16,NA,20.5886333045207,28.6741994009039
2091-06-17 12:00:00,2091,6,17,NA,21.0185416164854,28.2715610099338
2091-06-18 12:00:00,2091,6,18,NA,18.197939172533,28.618796810491
2091-06-19 12:00:00,2091,6,19,NA,21.5679631294694,28.6042831538985
2091-06-20 12:00:00,2091,6,20,NA,22.2696584306741,26.6255587756925
2091-06-21 12:00:00,2091,6,21,NA,24.151973135735,28.3174909237192
2091-06-22 12:00:00,2091,6,22,NA,23.1924745608667,33.2527652608071
2091-06-23 12:00:00,2091,6,23,NA,22.0619419196622,32.4267065482869
2091-06-24 12:00:00,2091,6,24,NA,22.3373666122086,31.3015868057852
2091-06-25 12:00:00,2091,6,25,NA,22.1504527723,30.7867379308129
2091-06-26 12:00:00,2091,6,26,NA,21.5719708425808,27.1197359852091
2091-06-27 12:00:00,2091,6,27,NA,20.8683846340238,31.2892422719818
2091-06-28 12:00:00,2091,6,28,NA,21.3980919062984,30.4430601344884
2091-06-29 12:00:00,2091,6,29,NA,20.179367142469,32.1226549184489
2091-06-30 12:00:00,2091,6,30,NA,21.4443030225642,33.1096419954087
2091-07-01 12:00:00,2091,7,1,NA,23.9431632556144,33.4170761120134
2091-07-02 12:00:00,2091,7,2,NA,24.6522501319982,30.4767190238297
2091-07-03 12:00:00,2091,7,3,NA,25.6557588321885,32.181039390837
2091-07-04 12:00:00,2091,7,4,NA,25.5258310977543,34.0484465614385
2091-07-05 12:00:00,2091,7,5,NA,23.9556620934352,32.6027729819054
2091-07-06 12:00:00,2091,7,6,NA,22.9511094633121,30.8829525315791
2091-07-07 12:00:00,2091,7,7,NA,19.9992389135235,25.5034956009166
2091-07-08 12:00:00,2091,7,8,NA,21.6436414880502,31.3074783995952
2091-07-09 12:00:00,2091,7,9,NA,22.1137331032143,29.7022631101422
2091-07-10 12:00:00,2091,7,10,NA,25.1077481452724,32.0744151989869
2091-07-11 12:00:00,2091,7,11,NA,27.0605439976292,29.3769793818981
2091-07-12 12:00:00,2091,7,12,NA,25.3326830086942,29.3135829892287
2091-07-13 12:00:00,2091,7,13,NA,24.6301862440292,30.5719932635391
2091-07-14 12:00:00,2091,7,14,NA,24.2480629721739,31.3360293120881
2091-07-15 12:00:00,2091,7,15,NA,24.0587816485864,32.7982749018859
2091-07-16 12:00:00,2091,7,16,NA,22.3118280567825,30.5474835267507
2091-07-17 12:00:00,2091,7,17,NA,22.8019348823233,31.2386406809618
2091-07-18 12:00:00,2091,7,18,NA,23.5469909972599,33.2145307698903
2091-07-19 12:00:00,2091,7,19,NA,24.6049173324035,35.0510437627847
2091-07-20 12:00:00,2091,7,20,NA,27.421548726558,33.0686622113947
2091-07-21 12:00:00,2091,7,21,NA,24.7983197548742,30.6653982603052
2091-07-22 12:00:00,2091,7,22,NA,23.7087632305687,29.0122416921037
2091-07-23 12:00:00,2091,7,23,NA,22.9834836609655,32.2112945989072
2091-07-24 12:00:00,2091,7,24,NA,22.2559503221126,32.4563648432016
2091-07-25 12:00:00,2091,7,25,NA,16.9274997865769,28.5105313638825
2091-07-26 12:00:00,2091,7,26,NA,18.2650064315133,29.6058181679058
2091-07-27 12:00:00,2091,7,27,NA,22.037038640253,29.7115351142977
2091-07-28 12:00:00,2091,7,28,NA,20.3508945525674,30.146692211196
2091-07-29 12:00:00,2091,7,29,NA,22.9386157252758,29.0059097550624
2091-07-30 12:00:00,2091,7,30,NA,22.2742997236914,31.1362064629365
2091-07-31 12:00:00,2091,7,31,NA,22.7465313059169,34.4539377140695
2091-08-01 12:00:00,2091,8,1,NA,25.0112105255489,34.6787502981793
2091-08-02 12:00:00,2091,8,2,NA,26.6834328989457,35.0756040012493
2091-08-03 12:00:00,2091,8,3,NA,26.7414980256701,35.9184116133638
2091-08-04 12:00:00,2091,8,4,NA,26.7243298610794,34.4043984518477
2091-08-05 12:00:00,2091,8,5,NA,26.7875060732848,32.7680522122087
2091-08-06 12:00:00,2091,8,6,NA,26.7642639935215,33.8815701831972
2091-08-07 12:00:00,2091,8,7,NA,25.3113126507162,33.9672677711483
2091-08-08 12:00:00,2091,8,8,NA,25.0181701920841,33.904698679885
2091-08-09 12:00:00,2091,8,9,NA,20.6762612477863,30.8717815578358
2091-08-10 12:00:00,2091,8,10,NA,20.9148234173896,30.0751004307833
2091-08-11 12:00:00,2091,8,11,NA,22.0973310009459,32.6618782321808
2091-08-12 12:00:00,2091,8,12,NA,23.6795200556921,36.161372642966
2091-08-13 12:00:00,2091,8,13,NA,24.0559464158746,33.5749136232366
2091-08-14 12:00:00,2091,8,14,NA,24.4228245497414,30.8901098641395
2091-08-15 12:00:00,2091,8,15,NA,23.7893397107785,34.3526030456884
2091-08-16 12:00:00,2091,8,16,NA,24.2216295548851,36.6666573155904
2091-08-17 12:00:00,2091,8,17,NA,26.1806439691616,35.7760684550989
2091-08-18 12:00:00,2091,8,18,NA,25.5279766756158,34.6304041323873
2091-08-19 12:00:00,2091,8,19,NA,24.1228148828048,32.55580821464
2091-08-20 12:00:00,2091,8,20,NA,23.5108770834112,33.2295413618184
2091-08-21 12:00:00,2091,8,21,NA,21.1996981745215,30.9088664911521
2091-08-22 12:00:00,2091,8,22,NA,21.7969830203381,32.1502979391427
2091-08-23 12:00:00,2091,8,23,NA,21.7271295365553,34.5896240446808
2091-08-24 12:00:00,2091,8,24,NA,23.720552109579,34.3158296807913
2091-08-25 12:00:00,2091,8,25,NA,23.8253205895567,36.7507585665203
2091-08-26 12:00:00,2091,8,26,NA,22.8051652752441,32.3428700492807
2091-08-27 12:00:00,2091,8,27,NA,23.6493686611816,34.1815714600773
2091-08-28 12:00:00,2091,8,28,NA,23.0670987937193,32.4151701612668
2091-08-29 12:00:00,2091,8,29,NA,24.2643103189729,35.6948726889959
2091-08-30 12:00:00,2091,8,30,NA,24.510751798842,34.1250895921016
2091-08-31 12:00:00,2091,8,31,NA,26.9570355933355,32.8281928525649
2091-09-01 12:00:00,2091,9,1,NA,26.5598970434865,29.816355425947
2091-09-02 12:00:00,2091,9,2,NA,21.4960999984363,31.7996603624933
2091-09-03 12:00:00,2091,9,3,NA,23.0313195718851,29.8650628751266
2091-09-04 12:00:00,2091,9,4,NA,20.8945264043427,30.4769674472262
2091-09-05 12:00:00,2091,9,5,NA,20.2841716781884,32.5398393775057
2091-09-06 12:00:00,2091,9,6,NA,21.5423693380763,31.9488049813265
2091-09-07 12:00:00,2091,9,7,NA,20.5718260975288,29.9269746289547
2091-09-08 12:00:00,2091,9,8,NA,19.7435980714728,24.0743023358332
2091-09-09 12:00:00,2091,9,9,NA,17.0003087924156,24.2608797679706
2091-09-10 12:00:00,2091,9,10,NA,16.7471673411749,29.9011989456269
2091-09-11 12:00:00,2091,9,11,NA,14.735437323786,27.2056997514617
2091-09-12 12:00:00,2091,9,12,NA,14.7508806071237,27.930210587721
2091-09-13 12:00:00,2091,9,13,NA,16.2051021977331,29.6261729297899
2091-09-14 12:00:00,2091,9,14,NA,16.8027435109708,29.2718249343022
2091-09-15 12:00:00,2091,9,15,NA,18.0584220423524,32.4373551803655
2091-09-16 12:00:00,2091,9,16,NA,19.2308025041797,29.9253821197977
2091-09-17 12:00:00,2091,9,17,NA,22.768936767412,25.5403408038438
2091-09-18 12:00:00,2091,9,18,NA,17.2475467284496,31.6210506923585
2091-09-19 12:00:00,2091,9,19,NA,18.174098349533,30.6643641371786
2091-09-20 12:00:00,2091,9,20,NA,17.3638612761764,30.774089282054
2091-09-21 12:00:00,2091,9,21,NA,18.8197614921559,32.6075044565751
2091-09-22 12:00:00,2091,9,22,NA,19.8395518550612,33.6465235107895
2091-09-23 12:00:00,2091,9,23,NA,20.97559859296,32.4135124956269
2091-09-24 12:00:00,2091,9,24,NA,21.1343415899649,32.5453219719575
2091-09-25 12:00:00,2091,9,25,NA,18.8430143716124,30.6222138897822
2091-09-26 12:00:00,2091,9,26,NA,18.5028465781105,29.5413125668036
2091-09-27 12:00:00,2091,9,27,NA,15.4182582921408,29.1790369261353
2091-09-28 12:00:00,2091,9,28,NA,16.0734797286955,27.693457484484
2091-09-29 12:00:00,2091,9,29,NA,16.7803034057489,27.7794881311748
2091-09-30 12:00:00,2091,9,30,NA,15.790626720997,27.2869601234198
2091-10-01 12:00:00,2091,10,1,NA,14.5694275595298,25.9848487105277
2091-10-02 12:00:00,2091,10,2,NA,9.34056898061686,25.4199024281182
2091-10-03 12:00:00,2091,10,3,NA,10.447494955838,23.3788407464429
2091-10-04 12:00:00,2091,10,4,NA,11.1097830421837,23.8830294289977
2091-10-05 12:00:00,2091,10,5,NA,12.5195380053685,16.3162442326962
2091-10-06 12:00:00,2091,10,6,NA,12.3959598344589,20.988762376503
2091-10-07 12:00:00,2091,10,7,NA,11.5388817302164,23.2766936723495
2091-10-08 12:00:00,2091,10,8,NA,15.0933287522139,26.3855914016459
2091-10-09 12:00:00,2091,10,9,NA,14.2282769124424,28.1874547158829
2091-10-10 12:00:00,2091,10,10,NA,13.7824369474105,26.2778194241297
2091-10-11 12:00:00,2091,10,11,NA,16.5462107605682,29.4241222106668
2091-10-12 12:00:00,2091,10,12,NA,14.8191938903605,27.1745289757954
2091-10-13 12:00:00,2091,10,13,NA,11.8860973078081,23.9383052799298
2091-10-14 12:00:00,2091,10,14,NA,10.265326047369,21.8418508826257
2091-10-15 12:00:00,2091,10,15,NA,9.29378896060596,23.0532091786968
2091-10-16 12:00:00,2091,10,16,NA,8.12820003499726,24.2641047171417
2091-10-17 12:00:00,2091,10,17,NA,11.754246749958,25.7114496912209
2091-10-18 12:00:00,2091,10,18,NA,12.6551924966466,26.0233179867844
2091-10-19 12:00:00,2091,10,19,NA,11.0586541827357,25.4064675028939
2091-10-20 12:00:00,2091,10,20,NA,12.0434001249282,24.5306540240352
2091-10-21 12:00:00,2091,10,21,NA,12.3653522967806,23.0515119890118
2091-10-22 12:00:00,2091,10,22,NA,10.5322477581817,23.3054941449957
2091-10-23 12:00:00,2091,10,23,NA,11.0851968433394,25.1219791859196
2091-10-24 12:00:00,2091,10,24,NA,9.45696483742876,20.5865432419568
2091-10-25 12:00:00,2091,10,25,NA,9.83034669589254,19.3750062577751
2091-10-26 12:00:00,2091,10,26,NA,9.69740082410582,25.1813787894042
2091-10-27 12:00:00,2091,10,27,NA,10.1621764436972,23.4374607443623
2091-10-28 12:00:00,2091,10,28,NA,10.5138431968174,23.1894559285003
2091-10-29 12:00:00,2091,10,29,NA,8.63469074242766,20.6961220447209
2091-10-30 12:00:00,2091,10,30,NA,10.3936584076173,18.2572360901959
2091-10-31 12:00:00,2091,10,31,NA,8.43235056906132,21.6029573586499
2091-11-01 12:00:00,2091,11,1,NA,13.9238687246541,15.6389808585322
2091-11-02 12:00:00,2091,11,2,NA,11.3443746726476,16.980707941676
2091-11-03 12:00:00,2091,11,3,NA,7.01657056215457,23.590094938854
2091-11-04 12:00:00,2091,11,4,NA,7.38093348886696,21.9560056284089
2091-11-05 12:00:00,2091,11,5,NA,8.80805886417572,22.3361946838567
2091-11-06 12:00:00,2091,11,6,NA,12.640007102157,22.3439313802339
2091-11-07 12:00:00,2091,11,7,NA,12.9098486665905,22.5357858722585
2091-11-08 12:00:00,2091,11,8,NA,11.769406356617,19.1772331855559
2091-11-09 12:00:00,2091,11,9,NA,8.76764022347959,19.0086092870161
2091-11-10 12:00:00,2091,11,10,NA,5.13180175961738,11.2888489172917
2091-11-11 12:00:00,2091,11,11,NA,6.75181653069857,10.8541963561694
2091-11-12 12:00:00,2091,11,12,NA,7.63851939846446,11.2016189923683
2091-11-13 12:00:00,2091,11,13,NA,5.32393408491823,12.2146067958196
2091-11-14 12:00:00,2091,11,14,NA,0.29095476974655,11.6303325153561
2091-11-15 12:00:00,2091,11,15,NA,0.793473632949982,8.9997681051558
2091-11-16 12:00:00,2091,11,16,NA,-0.614224134413608,11.4719433530195
2091-11-17 12:00:00,2091,11,17,NA,1.31460532737831,12.5630591958138
2091-11-18 12:00:00,2091,11,18,NA,5.0203075090791,16.4557351746961
2091-11-19 12:00:00,2091,11,19,NA,5.68761342843256,22.3745239427754
2091-11-20 12:00:00,2091,11,20,NA,5.62137254577747,20.8070356793758
2091-11-21 12:00:00,2091,11,21,NA,6.00744440304374,20.432122538487
2091-11-22 12:00:00,2091,11,22,NA,5.93700488028314,20.9963621727017
2091-11-23 12:00:00,2091,11,23,NA,1.65662701236196,12.8329809084589
2091-11-24 12:00:00,2091,11,24,NA,1.20249511047805,16.6870075075717
2091-11-25 12:00:00,2091,11,25,NA,1.55864862250881,16.3125706836313
2091-11-26 12:00:00,2091,11,26,NA,2.05233920336531,10.3658011716125
2091-11-27 12:00:00,2091,11,27,NA,1.18187050848084,8.10511904312542
2091-11-28 12:00:00,2091,11,28,NA,-0.436753714798156,14.5305127463961
2091-11-29 12:00:00,2091,11,29,NA,2.80878211805126,13.7990383436005
2091-11-30 12:00:00,2091,11,30,NA,-1.25932141757227,6.04562457854333
2091-12-01 12:00:00,2091,12,1,NA,-1.78207528769896,13.1849351621665
2091-12-02 12:00:00,2091,12,2,NA,0.110293644721898,12.2277816095491
2091-12-03 12:00:00,2091,12,3,NA,0.594347060327938,14.1387073487003
2091-12-04 12:00:00,2091,12,4,NA,1.71233952706926,13.1081570996741
2091-12-05 12:00:00,2091,12,5,NA,0.757833757879081,14.9142130367894
2091-12-06 12:00:00,2091,12,6,NA,3.45652051372985,17.4519827396001
2091-12-07 12:00:00,2091,12,7,NA,4.04807976143437,8.37040065876915
2091-12-08 12:00:00,2091,12,8,NA,3.32039388472221,13.0927481467752
2091-12-09 12:00:00,2091,12,9,NA,0.397898961049589,12.5288426173794
2091-12-10 12:00:00,2091,12,10,NA,3.1466089355359,14.865326638806
2091-12-11 12:00:00,2091,12,11,NA,2.12659869560258,15.7736479101366
2091-12-12 12:00:00,2091,12,12,NA,0.10969165100718,11.6094502834292
2091-12-13 12:00:00,2091,12,13,NA,1.605251982379,7.68769518799374
2091-12-14 12:00:00,2091,12,14,NA,1.47655438891258,6.54560739401861
2091-12-15 12:00:00,2091,12,15,NA,-2.43323224266679,3.63633107173902
2091-12-16 12:00:00,2091,12,16,NA,-1.50609073570783,5.98471622686907
2091-12-17 12:00:00,2091,12,17,NA,2.37278785289225,10.1611801969688
2091-12-18 12:00:00,2091,12,18,NA,0.170871271739982,7.65162364149846
2091-12-19 12:00:00,2091,12,19,NA,-0.667870703609609,9.44157542004698
2091-12-20 12:00:00,2091,12,20,NA,-1.19343150283774,12.424808003727
2091-12-21 12:00:00,2091,12,21,NA,-1.37629506869112,12.5637622654778
2091-12-22 12:00:00,2091,12,22,NA,-1.4584487503311,11.7893198026067
2091-12-23 12:00:00,2091,12,23,NA,-1.50322920920782,10.5406645864013
2091-12-24 12:00:00,2091,12,24,NA,1.39672031844022,13.2908789661623
2091-12-25 12:00:00,2091,12,25,NA,-0.539012411088116,4.51442048703507
2091-12-26 12:00:00,2091,12,26,NA,-1.42498366799639,5.28834557736075
2091-12-27 12:00:00,2091,12,27,NA,-4.32569870785609,4.8746543992358
2091-12-28 12:00:00,2091,12,28,NA,-2.51480621724591,7.5506461029122
2091-12-29 12:00:00,2091,12,29,NA,-1.37315200248178,8.73629412117482
2091-12-30 12:00:00,2091,12,30,NA,-2.22612265847719,7.59756436862857
2091-12-31 12:00:00,2091,12,31,NA,-1.01604751343001,10.8259744931508
2092-01-01 12:00:00,2092,1,1,NA,-1.42343370949807,9.18464136118428
2092-01-02 12:00:00,2092,1,2,NA,-2.97270489953383,7.83525660876732
2092-01-03 12:00:00,2092,1,3,NA,-4.55164209602436,7.56055189043644
2092-01-04 12:00:00,2092,1,4,NA,-3.89726253540347,7.36113906591488
2092-01-05 12:00:00,2092,1,5,NA,-5.97153393151372,1.10236539836723
2092-01-06 12:00:00,2092,1,6,NA,-2.43116256441395,2.38893652557144
2092-01-07 12:00:00,2092,1,7,NA,-1.27907153306151,6.81583275110706
2092-01-08 12:00:00,2092,1,8,NA,0.56013846874081,4.81484592500483
2092-01-09 12:00:00,2092,1,9,NA,-2.97385233729627,3.0538482732428
2092-01-10 12:00:00,2092,1,10,NA,-1.67390179921734,2.36333924375112
2092-01-11 12:00:00,2092,1,11,NA,-3.89695012030977,2.26212306135546
2092-01-12 12:00:00,2092,1,12,NA,-2.09427490712597,6.68285372176256
2092-01-13 12:00:00,2092,1,13,NA,-2.09071024344035,9.79797637987036
2092-01-14 12:00:00,2092,1,14,NA,-1.60354884457653,8.51984488927638
2092-01-15 12:00:00,2092,1,15,NA,2.36850270962267,8.90624100140097
2092-01-16 12:00:00,2092,1,16,NA,-4.58535909530579,4.66379952900916
2092-01-17 12:00:00,2092,1,17,NA,-4.7700416513589,2.43841223110817
2092-01-18 12:00:00,2092,1,18,NA,-6.23900793371839,1.80331288826168
2092-01-19 12:00:00,2092,1,19,NA,-6.22601391446092,1.82924137865598
2092-01-20 12:00:00,2092,1,20,NA,-5.62091438067969,6.32061109093833
2092-01-21 12:00:00,2092,1,21,NA,-6.73432710720875,3.4777686628187
2092-01-22 12:00:00,2092,1,22,NA,-4.68721458711412,0.911514674999923
2092-01-23 12:00:00,2092,1,23,NA,-3.69929018949386,8.24037744380453
2092-01-24 12:00:00,2092,1,24,NA,-2.48993628416771,8.31935668977629
2092-01-25 12:00:00,2092,1,25,NA,-3.73010637529309,1.56932419713613
2092-01-26 12:00:00,2092,1,26,NA,-3.72579687679008,3.35089539436197
2092-01-27 12:00:00,2092,1,27,NA,-3.38643726860569,6.76048631789518
2092-01-28 12:00:00,2092,1,28,NA,-0.981632276712609,11.3550878489544
2092-01-29 12:00:00,2092,1,29,NA,6.40041739718946,10.4595669627761
2092-01-30 12:00:00,2092,1,30,NA,-2.60167760596198,3.74338229687701
2092-01-31 12:00:00,2092,1,31,NA,-8.72084340024593,-2.22962320788131
2092-02-01 12:00:00,2092,2,1,NA,-9.8079122603423,-0.656239616915741
2092-02-02 12:00:00,2092,2,2,NA,-7.12186201021641,7.33348192219127
2092-02-03 12:00:00,2092,2,3,NA,-1.6600259814459,9.57678125812749
2092-02-04 12:00:00,2092,2,4,NA,-1.51109078391442,11.9916459328664
2092-02-05 12:00:00,2092,2,5,NA,0.311527783252514,4.48021351483511
2092-02-06 12:00:00,2092,2,6,NA,-0.225464029271925,5.39556172995188
2092-02-07 12:00:00,2092,2,7,NA,-1.40876585594645,9.03056988736919
2092-02-08 12:00:00,2092,2,8,NA,0.155862110397472,10.5560340255781
2092-02-09 12:00:00,2092,2,9,NA,4.28485927236853,15.7677981583493
2092-02-10 12:00:00,2092,2,10,NA,2.68640200594965,16.6389611414782
2092-02-11 12:00:00,2092,2,11,NA,3.74085677597749,14.2167009853673
2092-02-12 12:00:00,2092,2,12,NA,2.46914075846732,12.8052343008562
2092-02-13 12:00:00,2092,2,13,NA,0.0125346397027366,11.8148888991077
2092-02-14 12:00:00,2092,2,14,NA,-2.65975673576428,8.15581966539802
2092-02-15 12:00:00,2092,2,15,NA,-1.70493999095599,5.60210597560236
2092-02-16 12:00:00,2092,2,16,NA,-2.17103392997333,13.3051663123753
2092-02-17 12:00:00,2092,2,17,NA,-0.103824773933868,13.4834942289144
2092-02-18 12:00:00,2092,2,18,NA,1.72747301480593,13.9420658763413
2092-02-19 12:00:00,2092,2,19,NA,2.90625843417554,14.1430656737489
2092-02-20 12:00:00,2092,2,20,NA,7.92304758141046,15.0867246346184
2092-02-21 12:00:00,2092,2,21,NA,2.34000313324369,4.95548172846242
2092-02-22 12:00:00,2092,2,22,NA,-1.16720347629835,6.04669018373039
2092-02-23 12:00:00,2092,2,23,NA,-1.98289909185709,9.55030814494442
2092-02-24 12:00:00,2092,2,24,NA,1.14959964194903,5.32041068210617
2092-02-25 12:00:00,2092,2,25,NA,0.37909665968686,8.7432952399361
2092-02-26 12:00:00,2092,2,26,NA,-0.870307363149473,9.30385046003572
2092-02-27 12:00:00,2092,2,27,NA,0.01933943485278,9.68498100447283
2092-02-28 12:00:00,2092,2,28,NA,0.381410649304322,10.8302630732599
2092-02-29 12:00:00,2092,2,29,NA,-0.479864175661547,13.3690155031577
2092-03-01 12:00:00,2092,3,1,NA,4.17414480966888,14.5102383520578
2092-03-02 12:00:00,2092,3,2,NA,2.89054189998291,15.7974187559024
2092-03-03 12:00:00,2092,3,3,NA,3.56103342514798,16.8609548606026
2092-03-04 12:00:00,2092,3,4,NA,7.85733282896451,15.8200568722588
2092-03-05 12:00:00,2092,3,5,NA,7.99944638558333,16.6818743863466
2092-03-06 12:00:00,2092,3,6,NA,3.71535679929536,12.7615320518114
2092-03-07 12:00:00,2092,3,7,NA,0.771324705318145,15.4040328769895
2092-03-08 12:00:00,2092,3,8,NA,-0.0279921157476561,16.0798042426362
2092-03-09 12:00:00,2092,3,9,NA,1.79292511710796,16.5049266063608
2092-03-10 12:00:00,2092,3,10,NA,2.3351107206733,10.8215819600682
2092-03-11 12:00:00,2092,3,11,NA,2.10461953139524,12.5809491946512
2092-03-12 12:00:00,2092,3,12,NA,2.88586459889374,10.4627706047692
2092-03-13 12:00:00,2092,3,13,NA,2.27958229721858,15.7475940447464
2092-03-14 12:00:00,2092,3,14,NA,1.77764422523063,16.9574602084103
2092-03-15 12:00:00,2092,3,15,NA,4.02095521244063,10.6224554799251
2092-03-16 12:00:00,2092,3,16,NA,1.26673047168594,8.53639125766323
2092-03-17 12:00:00,2092,3,17,NA,2.63572887050615,15.8077008139789
2092-03-18 12:00:00,2092,3,18,NA,1.31534876357111,10.4171698719199
2092-03-19 12:00:00,2092,3,19,NA,0.102717987354351,18.2695623720793
2092-03-20 12:00:00,2092,3,20,NA,2.77315864109242,14.448343271382
2092-03-21 12:00:00,2092,3,21,NA,3.3982324164366,17.6367218123519
2092-03-22 12:00:00,2092,3,22,NA,5.51672369681886,21.1465537907114
2092-03-23 12:00:00,2092,3,23,NA,4.74890682114685,22.0593380704696
2092-03-24 12:00:00,2092,3,24,NA,5.22206469153551,21.0372020177501
2092-03-25 12:00:00,2092,3,25,NA,8.72602387616923,21.1203796246258
2092-03-26 12:00:00,2092,3,26,NA,8.221854719529,19.3983329816997
2092-03-27 12:00:00,2092,3,27,NA,7.63894661810313,19.4604463159036
2092-03-28 12:00:00,2092,3,28,NA,5.50617538103037,17.953902333663
2092-03-29 12:00:00,2092,3,29,NA,7.52529007417681,16.2639262096862
2092-03-30 12:00:00,2092,3,30,NA,7.44670670071462,17.0414705161164
2092-03-31 12:00:00,2092,3,31,NA,6.12810295463863,15.6864372837071
2092-04-01 12:00:00,2092,4,1,NA,7.53150138590418,19.022326026291
2092-04-02 12:00:00,2092,4,2,NA,9.68596206909838,20.5958746580931
2092-04-03 12:00:00,2092,4,3,NA,13.5565093689145,15.6560833541662
2092-04-04 12:00:00,2092,4,4,NA,11.0778110231675,18.282940297542
2092-04-05 12:00:00,2092,4,5,NA,4.58739969721317,17.0643664235048
2092-04-06 12:00:00,2092,4,6,NA,5.24081506576428,22.1794560160283
2092-04-07 12:00:00,2092,4,7,NA,6.01190974977851,24.4453706328809
2092-04-08 12:00:00,2092,4,8,NA,8.69784715096603,18.6375026151458
2092-04-09 12:00:00,2092,4,9,NA,7.38484734861723,20.7660874798578
2092-04-10 12:00:00,2092,4,10,NA,4.00017461235791,20.8941420569805
2092-04-11 12:00:00,2092,4,11,NA,3.46766806712559,12.2148949336577
2092-04-12 12:00:00,2092,4,12,NA,3.39113923938181,15.4364106497964
2092-04-13 12:00:00,2092,4,13,NA,0.931331832842709,17.7746337031726
2092-04-14 12:00:00,2092,4,14,NA,2.82623867925827,22.1085577611893
2092-04-15 12:00:00,2092,4,15,NA,6.91690326975033,23.8108707143729
2092-04-16 12:00:00,2092,4,16,NA,7.71963392453335,23.3412671935659
2092-04-17 12:00:00,2092,4,17,NA,9.72935232621029,26.6233197708328
2092-04-18 12:00:00,2092,4,18,NA,16.2402398269694,24.1646520745845
2092-04-19 12:00:00,2092,4,19,NA,5.1059104956963,15.7879604863335
2092-04-20 12:00:00,2092,4,20,NA,3.33356140175275,19.0341673605088
2092-04-21 12:00:00,2092,4,21,NA,8.78519005237268,27.6043906339175
2092-04-22 12:00:00,2092,4,22,NA,17.0241684519066,29.9160452568989
2092-04-23 12:00:00,2092,4,23,NA,18.1728237909524,23.7397406558004
2092-04-24 12:00:00,2092,4,24,NA,7.48169332011071,22.4919905016436
2092-04-25 12:00:00,2092,4,25,NA,12.4442737853828,25.0232512459477
2092-04-26 12:00:00,2092,4,26,NA,14.7261923024615,19.0317615369488
2092-04-27 12:00:00,2092,4,27,NA,11.6841089444421,24.6878881329531
2092-04-28 12:00:00,2092,4,28,NA,8.11576205165488,21.8373275769284
2092-04-29 12:00:00,2092,4,29,NA,6.32326903665771,22.1784864981484
2092-04-30 12:00:00,2092,4,30,NA,7.14817219998457,23.3179655255925
2092-05-01 12:00:00,2092,5,1,NA,5.38258739644483,23.8708564440124
2092-05-02 12:00:00,2092,5,2,NA,11.7559965681139,28.5138202113984
2092-05-03 12:00:00,2092,5,3,NA,12.3367199104148,24.9230895548832
2092-05-04 12:00:00,2092,5,4,NA,9.38941244341366,27.0002902130495
2092-05-05 12:00:00,2092,5,5,NA,12.053018859475,18.3134420173626
2092-05-06 12:00:00,2092,5,6,NA,9.94472926655109,24.9681760220147
2092-05-07 12:00:00,2092,5,7,NA,9.14684121188185,23.4438356403251
2092-05-08 12:00:00,2092,5,8,NA,8.78639451779298,24.4504953183979
2092-05-09 12:00:00,2092,5,9,NA,8.70254135758334,21.3054297687271
2092-05-10 12:00:00,2092,5,10,NA,9.79226254814598,22.5107939878487
2092-05-11 12:00:00,2092,5,11,NA,8.94666173708146,19.6064098204791
2092-05-12 12:00:00,2092,5,12,NA,10.5929476535149,24.8732690200147
2092-05-13 12:00:00,2092,5,13,NA,11.8714804600824,26.4170525730767
2092-05-14 12:00:00,2092,5,14,NA,13.1585802234389,26.5946685165163
2092-05-15 12:00:00,2092,5,15,NA,12.7809378428195,28.1678108292964
2092-05-16 12:00:00,2092,5,16,NA,13.3334623816316,27.7283619018744
2092-05-17 12:00:00,2092,5,17,NA,14.8514730951019,27.4932544662571
2092-05-18 12:00:00,2092,5,18,NA,15.7110495027074,28.9524089342282
2092-05-19 12:00:00,2092,5,19,NA,14.8945409766641,27.3677068463636
2092-05-20 12:00:00,2092,5,20,NA,16.6834241410013,27.5159700934087
2092-05-21 12:00:00,2092,5,21,NA,18.1813511408069,26.8740650607192
2092-05-22 12:00:00,2092,5,22,NA,16.4667830803338,28.5850683905096
2092-05-23 12:00:00,2092,5,23,NA,16.400385459849,31.2604331422527
2092-05-24 12:00:00,2092,5,24,NA,16.3094929076503,30.9962308288904
2092-05-25 12:00:00,2092,5,25,NA,16.2213682418121,30.5191734040434
2092-05-26 12:00:00,2092,5,26,NA,21.0428271888259,27.9876979365613
2092-05-27 12:00:00,2092,5,27,NA,18.9791145391949,23.487029602915
2092-05-28 12:00:00,2092,5,28,NA,19.2485633942702,25.5089865521577
2092-05-29 12:00:00,2092,5,29,NA,21.6249153465096,27.0112339847894
2092-05-30 12:00:00,2092,5,30,NA,23.022993417176,29.876234907725
2092-05-31 12:00:00,2092,5,31,NA,17.8930794946168,29.3976120276596
2092-06-01 12:00:00,2092,6,1,NA,15.4983033337155,30.1850412549556
2092-06-02 12:00:00,2092,6,2,NA,17.6162005426506,30.3595641879015
2092-06-03 12:00:00,2092,6,3,NA,20.6227272675816,31.1471639257164
2092-06-04 12:00:00,2092,6,4,NA,23.6696951278617,28.7469657420354
2092-06-05 12:00:00,2092,6,5,NA,21.2427338076632,29.4144519705948
2092-06-06 12:00:00,2092,6,6,NA,23.0583447098026,30.1032045503797
2092-06-07 12:00:00,2092,6,7,NA,23.0889122789269,29.316978194272
2092-06-08 12:00:00,2092,6,8,NA,20.9402596348358,30.5996265843194
2092-06-09 12:00:00,2092,6,9,NA,18.8746643971616,30.9639544423378
2092-06-10 12:00:00,2092,6,10,NA,18.4427201607866,29.805315417133
2092-06-11 12:00:00,2092,6,11,NA,21.3608743258495,28.813948012422
2092-06-12 12:00:00,2092,6,12,NA,19.452671020443,31.5445418636268
2092-06-13 12:00:00,2092,6,13,NA,21.478815558551,30.2586203313828
2092-06-14 12:00:00,2092,6,14,NA,20.563687119909,31.6203930009046
2092-06-15 12:00:00,2092,6,15,NA,24.1693508638097,29.2490994515654
2092-06-16 12:00:00,2092,6,16,NA,24.9457563484984,27.7823293756119
2092-06-17 12:00:00,2092,6,17,NA,25.0399302654939,29.7374212532027
2092-06-18 12:00:00,2092,6,18,NA,23.7679441795331,31.6007012725475
2092-06-19 12:00:00,2092,6,19,NA,22.9757028027222,31.8241391586442
2092-06-20 12:00:00,2092,6,20,NA,24.6018796668408,31.646739507418
2092-06-21 12:00:00,2092,6,21,NA,22.9527095859063,32.4804363352768
2092-06-22 12:00:00,2092,6,22,NA,22.2169959950808,31.9940648275883
2092-06-23 12:00:00,2092,6,23,NA,20.6109676165499,29.2585918682819
2092-06-24 12:00:00,2092,6,24,NA,19.8255430528058,30.612232613886
2092-06-25 12:00:00,2092,6,25,NA,20.1502353303574,30.1286308081953
2092-06-26 12:00:00,2092,6,26,NA,19.9871512463471,29.9195189949623
2092-06-27 12:00:00,2092,6,27,NA,22.1194958463169,25.1526752590279
2092-06-28 12:00:00,2092,6,28,NA,17.3712271274262,31.2348127801594
2092-06-29 12:00:00,2092,6,29,NA,19.0007469234589,33.3121170213244
2092-06-30 12:00:00,2092,6,30,NA,20.542342544696,29.9664284350573
2092-07-01 12:00:00,2092,7,1,NA,21.3143170779118,30.671217008698
2092-07-02 12:00:00,2092,7,2,NA,23.3204552008653,27.3013551813998
2092-07-03 12:00:00,2092,7,3,NA,24.4879059812127,31.301714156462
2092-07-04 12:00:00,2092,7,4,NA,23.6325071197532,30.5364800081113
2092-07-05 12:00:00,2092,7,5,NA,23.2554609960607,27.3969158303608
2092-07-06 12:00:00,2092,7,6,NA,21.0682491946579,25.5266780870162
2092-07-07 12:00:00,2092,7,7,NA,20.2368326784359,26.813005611246
2092-07-08 12:00:00,2092,7,8,NA,19.3569705885261,23.9119166066026
2092-07-09 12:00:00,2092,7,9,NA,19.3408409812548,28.0923804317628
2092-07-10 12:00:00,2092,7,10,NA,19.8920386154874,29.8314559572569
2092-07-11 12:00:00,2092,7,11,NA,21.1771364288809,29.6782814666206
2092-07-12 12:00:00,2092,7,12,NA,24.0912024439062,30.3857785843235
2092-07-13 12:00:00,2092,7,13,NA,25.337900931187,30.7180583411082
2092-07-14 12:00:00,2092,7,14,NA,23.7485743005986,32.0131037521749
2092-07-15 12:00:00,2092,7,15,NA,26.5114367378252,33.588245226486
2092-07-16 12:00:00,2092,7,16,NA,26.1157172213642,34.8710386345629
2092-07-17 12:00:00,2092,7,17,NA,25.6287618016409,33.2736646286971
2092-07-18 12:00:00,2092,7,18,NA,25.31343568241,33.4347652431503
2092-07-19 12:00:00,2092,7,19,NA,24.2144611668845,34.7909888086912
2092-07-20 12:00:00,2092,7,20,NA,25.9239911518083,34.0039113235868
2092-07-21 12:00:00,2092,7,21,NA,26.950770027883,34.6509801730182
2092-07-22 12:00:00,2092,7,22,NA,26.5912045142468,33.2612687597601
2092-07-23 12:00:00,2092,7,23,NA,29.0240916918609,34.777397871081
2092-07-24 12:00:00,2092,7,24,NA,27.1386317263152,36.8264769554613
2092-07-25 12:00:00,2092,7,25,NA,28.3342852234302,36.3314762615199
2092-07-26 12:00:00,2092,7,26,NA,29.1078820928647,34.4113605543997
2092-07-27 12:00:00,2092,7,27,NA,26.295012020142,30.6479268341262
2092-07-28 12:00:00,2092,7,28,NA,25.5981735502274,33.7379218640528
2092-07-29 12:00:00,2092,7,29,NA,26.4578749915374,33.1071732477863
2092-07-30 12:00:00,2092,7,30,NA,27.1801596962115,33.2673833625439
2092-07-31 12:00:00,2092,7,31,NA,26.1583624880224,31.6823777458269
2092-08-01 12:00:00,2092,8,1,NA,24.949049791478,30.7509169452583
2092-08-02 12:00:00,2092,8,2,NA,25.3912697497737,32.2276255378933
2092-08-03 12:00:00,2092,8,3,NA,27.3246937196118,36.7415290504001
2092-08-04 12:00:00,2092,8,4,NA,26.4702273586855,36.5651363464958
2092-08-05 12:00:00,2092,8,5,NA,26.0914810816362,34.7300222947778
2092-08-06 12:00:00,2092,8,6,NA,26.1200727788956,30.294479486627
2092-08-07 12:00:00,2092,8,7,NA,25.4774126935692,32.9235635005732
2092-08-08 12:00:00,2092,8,8,NA,26.6657612988456,33.4978765817404
2092-08-09 12:00:00,2092,8,9,NA,24.689968421488,35.8630937097121
2092-08-10 12:00:00,2092,8,10,NA,27.8181998729934,37.4235314720721
2092-08-11 12:00:00,2092,8,11,NA,25.9230105763064,36.1396989579206
2092-08-12 12:00:00,2092,8,12,NA,25.6707070457235,35.3051706490978
2092-08-13 12:00:00,2092,8,13,NA,27.2159577147531,36.3464508678722
2092-08-14 12:00:00,2092,8,14,NA,27.1177412311218,33.8496036324132
2092-08-15 12:00:00,2092,8,15,NA,26.5250753804911,37.915751073957
2092-08-16 12:00:00,2092,8,16,NA,25.7092201434768,36.0271718662914
2092-08-17 12:00:00,2092,8,17,NA,25.3165220632508,36.212267816418
2092-08-18 12:00:00,2092,8,18,NA,25.6207203970094,33.6843007176349
2092-08-19 12:00:00,2092,8,19,NA,21.5380332542139,27.19486361507
2092-08-20 12:00:00,2092,8,20,NA,23.9781890288851,26.3824815160401
2092-08-21 12:00:00,2092,8,21,NA,21.5036864627656,25.71819016018
2092-08-22 12:00:00,2092,8,22,NA,20.5733615838673,26.2301919447234
2092-08-23 12:00:00,2092,8,23,NA,21.973078221586,30.6235238854176
2092-08-24 12:00:00,2092,8,24,NA,23.8112647880327,33.791697461604
2092-08-25 12:00:00,2092,8,25,NA,23.5977167853565,34.166452645406
2092-08-26 12:00:00,2092,8,26,NA,26.0239360484688,34.2110241380335
2092-08-27 12:00:00,2092,8,27,NA,27.6677338334017,35.3517578309138
2092-08-28 12:00:00,2092,8,28,NA,28.1987665730361,32.5326884858199
2092-08-29 12:00:00,2092,8,29,NA,27.2095368072266,31.1156439409481
2092-08-30 12:00:00,2092,8,30,NA,25.3682737913621,32.5925607041269
2092-08-31 12:00:00,2092,8,31,NA,23.929434915742,33.4671396897787
2092-09-01 12:00:00,2092,9,1,NA,24.671362812271,34.5021126265525
2092-09-02 12:00:00,2092,9,2,NA,24.6253095537644,32.3627804613674
2092-09-03 12:00:00,2092,9,3,NA,21.7917643842918,31.3788549086861
2092-09-04 12:00:00,2092,9,4,NA,24.1790902610578,31.0237421729122
2092-09-05 12:00:00,2092,9,5,NA,24.4002103930394,27.7642691199264
2092-09-06 12:00:00,2092,9,6,NA,20.9455132121753,32.2719844545596
2092-09-07 12:00:00,2092,9,7,NA,21.0028747666627,34.809846422391
2092-09-08 12:00:00,2092,9,8,NA,20.0481814597886,31.7474519986246
2092-09-09 12:00:00,2092,9,9,NA,24.1847923674795,25.572929127613
2092-09-10 12:00:00,2092,9,10,NA,22.5252631629216,28.0695131775132
2092-09-11 12:00:00,2092,9,11,NA,20.5290272173703,29.2951276211938
2092-09-12 12:00:00,2092,9,12,NA,19.9060052308176,27.9156207740709
2092-09-13 12:00:00,2092,9,13,NA,20.1940992736646,28.8359566347313
2092-09-14 12:00:00,2092,9,14,NA,22.4762373283776,27.8615134487457
2092-09-15 12:00:00,2092,9,15,NA,21.7401749448823,30.4375662455037
2092-09-16 12:00:00,2092,9,16,NA,21.3849284162925,26.6722212856214
2092-09-17 12:00:00,2092,9,17,NA,21.2046935038287,24.6816078807933
2092-09-18 12:00:00,2092,9,18,NA,17.7757057709392,24.9763532003621
2092-09-19 12:00:00,2092,9,19,NA,17.8930267582519,23.6428601696374
2092-09-20 12:00:00,2092,9,20,NA,18.786679120724,24.1777616971357
2092-09-21 12:00:00,2092,9,21,NA,21.3409213032411,27.3292391930426
2092-09-22 12:00:00,2092,9,22,NA,17.6435265047667,28.5835284623039
2092-09-23 12:00:00,2092,9,23,NA,15.3566694472477,28.7763383266071
2092-09-24 12:00:00,2092,9,24,NA,15.9016000698241,29.8145354783185
2092-09-25 12:00:00,2092,9,25,NA,18.4794435390361,26.6481708395134
2092-09-26 12:00:00,2092,9,26,NA,18.8871078717263,26.7788528718007
2092-09-27 12:00:00,2092,9,27,NA,16.3835525256188,26.3174484409711
2092-09-28 12:00:00,2092,9,28,NA,16.2181162385007,24.5913014182873
2092-09-29 12:00:00,2092,9,29,NA,15.167036862142,21.4217999584363
2092-09-30 12:00:00,2092,9,30,NA,16.4228793763894,20.3670409047791
2092-10-01 12:00:00,2092,10,1,NA,12.9584593806671,19.4640802041067
2092-10-02 12:00:00,2092,10,2,NA,9.68987094149627,23.3151323788767
2092-10-03 12:00:00,2092,10,3,NA,12.4428462861417,21.3877595395906
2092-10-04 12:00:00,2092,10,4,NA,12.7274295842583,18.3937462127929
2092-10-05 12:00:00,2092,10,5,NA,11.5777171141201,23.4423144533393
2092-10-06 12:00:00,2092,10,6,NA,10.1742717967334,24.8077737898223
2092-10-07 12:00:00,2092,10,7,NA,9.76677735834647,24.7296416858257
2092-10-08 12:00:00,2092,10,8,NA,11.3663088179225,23.9949657341828
2092-10-09 12:00:00,2092,10,9,NA,15.2753662485472,28.0051013637817
2092-10-10 12:00:00,2092,10,10,NA,15.0392248441703,27.6678817604307
2092-10-11 12:00:00,2092,10,11,NA,14.3150247176461,27.2705701801588
2092-10-12 12:00:00,2092,10,12,NA,14.0963863562084,26.9681146567688
2092-10-13 12:00:00,2092,10,13,NA,16.5118764915377,25.1324764589437
2092-10-14 12:00:00,2092,10,14,NA,15.4091416983325,25.9294509265807
2092-10-15 12:00:00,2092,10,15,NA,13.2404269993734,24.5475686042303
2092-10-16 12:00:00,2092,10,16,NA,10.7228758106189,22.589554492311
2092-10-17 12:00:00,2092,10,17,NA,10.4859456253179,23.2406263211273
2092-10-18 12:00:00,2092,10,18,NA,9.93334202296908,21.0540928654632
2092-10-19 12:00:00,2092,10,19,NA,9.66936912989023,20.3555288221214
2092-10-20 12:00:00,2092,10,20,NA,10.3637694820359,23.3685709422393
2092-10-21 12:00:00,2092,10,21,NA,9.82453726239658,25.3048291080216
2092-10-22 12:00:00,2092,10,22,NA,9.95055191572988,26.4049923328707
2092-10-23 12:00:00,2092,10,23,NA,11.3272247997354,25.864220676611
2092-10-24 12:00:00,2092,10,24,NA,12.0893277667057,26.0485055701462
2092-10-25 12:00:00,2092,10,25,NA,11.4314696052198,23.4135357528596
2092-10-26 12:00:00,2092,10,26,NA,11.8051966081806,22.8485267741244
2092-10-27 12:00:00,2092,10,27,NA,12.1866733587785,21.8005250126143
2092-10-28 12:00:00,2092,10,28,NA,14.9822296261653,20.720677158739
2092-10-29 12:00:00,2092,10,29,NA,14.0357907545168,15.6881694735061
2092-10-30 12:00:00,2092,10,30,NA,9.56451250269917,11.4860342290395
2092-10-31 12:00:00,2092,10,31,NA,7.22211467021547,16.2931422215882
2092-11-01 12:00:00,2092,11,1,NA,5.43890454862736,14.9835641105099
2092-11-02 12:00:00,2092,11,2,NA,3.20501669085196,13.5695537070412
2092-11-03 12:00:00,2092,11,3,NA,3.47590620568367,15.8902126358432
2092-11-04 12:00:00,2092,11,4,NA,6.39863128245237,16.14784508027
2092-11-05 12:00:00,2092,11,5,NA,8.41896694475555,21.8157573333208
2092-11-06 12:00:00,2092,11,6,NA,11.3815405624999,22.3342462821858
2092-11-07 12:00:00,2092,11,7,NA,10.6129991039491,18.7723797006057
2092-11-08 12:00:00,2092,11,8,NA,6.95558964382011,17.4913294843134
2092-11-09 12:00:00,2092,11,9,NA,2.43768197170878,9.61013786015276
2092-11-10 12:00:00,2092,11,10,NA,-1.65527887056488,7.52341863477386
2092-11-11 12:00:00,2092,11,11,NA,-0.214133323030699,13.2158546571866
2092-11-12 12:00:00,2092,11,12,NA,5.8130585541547,18.3766505611035
2092-11-13 12:00:00,2092,11,13,NA,7.42802763862833,13.3218108539157
2092-11-14 12:00:00,2092,11,14,NA,7.76403927455664,12.8542999717935
2092-11-15 12:00:00,2092,11,15,NA,2.45970098108998,15.0096037987418
2092-11-16 12:00:00,2092,11,16,NA,2.50725143373654,17.4645564220254
2092-11-17 12:00:00,2092,11,17,NA,4.99026190900061,17.2410143553763
2092-11-18 12:00:00,2092,11,18,NA,10.8046283144607,20.436231967207
2092-11-19 12:00:00,2092,11,19,NA,3.11013381059573,15.6364487827248
2092-11-20 12:00:00,2092,11,20,NA,1.1822877059043,14.3225112262613
2092-11-21 12:00:00,2092,11,21,NA,3.12210783771055,14.3932648981419
2092-11-22 12:00:00,2092,11,22,NA,1.52161910315773,18.7255413990978
2092-11-23 12:00:00,2092,11,23,NA,4.18437113241353,18.9159577329033
2092-11-24 12:00:00,2092,11,24,NA,3.5830122261458,16.2852316309694
2092-11-25 12:00:00,2092,11,25,NA,2.26056903520126,15.7180981992682
2092-11-26 12:00:00,2092,11,26,NA,3.36516320023417,14.9922034848284
2092-11-27 12:00:00,2092,11,27,NA,2.54450935662702,14.5182059929239
2092-11-28 12:00:00,2092,11,28,NA,0.280195793729742,11.7376713046348
2092-11-29 12:00:00,2092,11,29,NA,6.61448330094729,12.9293595721639
2092-11-30 12:00:00,2092,11,30,NA,4.15327712073492,14.3605791392492
2092-12-01 12:00:00,2092,12,1,NA,1.01574386729675,3.70204536927771
2092-12-02 12:00:00,2092,12,2,NA,0.435198996414549,6.16715491783667
2092-12-03 12:00:00,2092,12,3,NA,-2.34603638091082,2.70695872974355
2092-12-04 12:00:00,2092,12,4,NA,-1.95676221540931,7.26916172786192
2092-12-05 12:00:00,2092,12,5,NA,-1.84653871269964,10.4425057295583
2092-12-06 12:00:00,2092,12,6,NA,2.04874809809744,10.8608856761162
2092-12-07 12:00:00,2092,12,7,NA,6.43468450048259,14.2900994973311
2092-12-08 12:00:00,2092,12,8,NA,3.39474577591315,11.0333395522468
2092-12-09 12:00:00,2092,12,9,NA,1.71729889895269,12.3130170660045
2092-12-10 12:00:00,2092,12,10,NA,-2.44457193888533,5.34991794256743
2092-12-11 12:00:00,2092,12,11,NA,1.93574847202997,13.2963814296466
2092-12-12 12:00:00,2092,12,12,NA,1.58978064955934,11.7354755923817
2092-12-13 12:00:00,2092,12,13,NA,-0.565591753607586,11.2069506552331
2092-12-14 12:00:00,2092,12,14,NA,-2.05264421060982,10.1871938256518
2092-12-15 12:00:00,2092,12,15,NA,0.892329068011434,13.2030765170112
2092-12-16 12:00:00,2092,12,16,NA,0.934809858515541,8.73013300273378
2092-12-17 12:00:00,2092,12,17,NA,0.389099616088847,14.0361488306229
2092-12-18 12:00:00,2092,12,18,NA,0.827150833682913,14.3677184015537
2092-12-19 12:00:00,2092,12,19,NA,5.69989138400949,19.2164584045129
2092-12-20 12:00:00,2092,12,20,NA,6.74587353074989,19.830505782385
2092-12-21 12:00:00,2092,12,21,NA,6.08952050346049,13.7401562798876
2092-12-22 12:00:00,2092,12,22,NA,5.10715877432688,13.8108083446559
2092-12-23 12:00:00,2092,12,23,NA,3.45190550279943,6.87450697864364
2092-12-24 12:00:00,2092,12,24,NA,-2.03154329562168,8.11415164720067
2092-12-25 12:00:00,2092,12,25,NA,-1.59541859115469,8.58790088790032
2092-12-26 12:00:00,2092,12,26,NA,-3.61337274673894,12.4841194755235
2092-12-27 12:00:00,2092,12,27,NA,-0.686745027026969,6.53980994304021
2092-12-28 12:00:00,2092,12,28,NA,2.48844742315574,6.75002207434627
2092-12-29 12:00:00,2092,12,29,NA,-1.46024288281091,8.6838166678486
2092-12-30 12:00:00,2092,12,30,NA,0.22598703356379,8.36298162363029
2092-12-31 12:00:00,2092,12,31,NA,-1.90761075431837,3.33834859754358
2093-01-01 12:00:00,2093,1,1,NA,-3.33670572584652,3.74454401396933
2093-01-02 12:00:00,2093,1,2,NA,-3.61110858148256,5.48098590204486
2093-01-03 12:00:00,2093,1,3,NA,-5.25668786512194,6.79145526331769
2093-01-04 12:00:00,2093,1,4,NA,-6.83858172036182,-0.75601098481786
2093-01-05 12:00:00,2093,1,5,NA,-7.52008685667508,2.63703143336451
2093-01-06 12:00:00,2093,1,6,NA,-0.37071066800037,8.79036266004012
2093-01-07 12:00:00,2093,1,7,NA,2.6480326011137,7.67870102131197
2093-01-08 12:00:00,2093,1,8,NA,-3.23619055996684,6.79076252759931
2093-01-09 12:00:00,2093,1,9,NA,-4.69464037064392,5.8971980161806
2093-01-10 12:00:00,2093,1,10,NA,-2.60621305617485,8.49335063140465
2093-01-11 12:00:00,2093,1,11,NA,-2.2216846738817,6.67222800555065
2093-01-12 12:00:00,2093,1,12,NA,-3.06343469548519,5.54412569913687
2093-01-13 12:00:00,2093,1,13,NA,1.73677854767592,6.91133042289557
2093-01-14 12:00:00,2093,1,14,NA,-3.25859812118975,10.2459463890536
2093-01-15 12:00:00,2093,1,15,NA,1.42848259653631,10.6842875526512
2093-01-16 12:00:00,2093,1,16,NA,-2.8673836282327,6.65038548288264
2093-01-17 12:00:00,2093,1,17,NA,-4.25499736375128,2.31432094001453
2093-01-18 12:00:00,2093,1,18,NA,-2.60658904998826,5.76254636102833
2093-01-19 12:00:00,2093,1,19,NA,-1.27962801522964,5.16698186723015
2093-01-20 12:00:00,2093,1,20,NA,-2.89262544088842,1.63162310484404
2093-01-21 12:00:00,2093,1,21,NA,-1.91576682307007,7.67987142130949
2093-01-22 12:00:00,2093,1,22,NA,2.42852564141288,9.52672443720296
2093-01-23 12:00:00,2093,1,23,NA,1.65878005936357,9.69636045691503
2093-01-24 12:00:00,2093,1,24,NA,-0.323010224307004,7.21180391331744
2093-01-25 12:00:00,2093,1,25,NA,-2.12082790026,6.63820048125667
2093-01-26 12:00:00,2093,1,26,NA,-1.32749126874275,5.70268953092216
2093-01-27 12:00:00,2093,1,27,NA,2.31219443968573,9.76928495251843
2093-01-28 12:00:00,2093,1,28,NA,1.72380424144726,8.51617829172232
2093-01-29 12:00:00,2093,1,29,NA,0.360300951659347,6.33769931693089
2093-01-30 12:00:00,2093,1,30,NA,1.43000455541632,11.4405819546566
2093-01-31 12:00:00,2093,1,31,NA,0.767687446974554,12.6540771569537
2093-02-01 12:00:00,2093,2,1,NA,2.56186824878279,8.19246753290572
2093-02-02 12:00:00,2093,2,2,NA,3.21135425930899,9.47146395162415
2093-02-03 12:00:00,2093,2,3,NA,0.916711759570536,10.1862485036254
2093-02-04 12:00:00,2093,2,4,NA,-2.88029106483137,11.6067625986119
2093-02-05 12:00:00,2093,2,5,NA,-1.86185816030204,12.3869795606377
2093-02-06 12:00:00,2093,2,6,NA,-2.99848292993056,4.32165505086052
2093-02-07 12:00:00,2093,2,7,NA,-5.62082831825567,2.74631628370498
2093-02-08 12:00:00,2093,2,8,NA,-6.24880153273018,5.09816296558969
2093-02-09 12:00:00,2093,2,9,NA,-6.68811033196845,8.68528075567141
2093-02-10 12:00:00,2093,2,10,NA,-3.74369477054451,10.24023444947
2093-02-11 12:00:00,2093,2,11,NA,-1.87237415248215,8.20725385062988
2093-02-12 12:00:00,2093,2,12,NA,-2.64246380078566,6.26331340827771
2093-02-13 12:00:00,2093,2,13,NA,-1.88339307913476,12.0524892181106
2093-02-14 12:00:00,2093,2,14,NA,-2.74371768730105,11.4681260726297
2093-02-15 12:00:00,2093,2,15,NA,-2.57328868892128,8.79077313062435
2093-02-16 12:00:00,2093,2,16,NA,-3.17755021988437,8.35036398774347
2093-02-17 12:00:00,2093,2,17,NA,-2.51518853052471,8.08432672031261
2093-02-18 12:00:00,2093,2,18,NA,0.882876020903435,5.42692954856488
2093-02-19 12:00:00,2093,2,19,NA,-5.05746268638462,3.29379768998626
2093-02-20 12:00:00,2093,2,20,NA,-4.51793376675466,-0.366462373800077
2093-02-21 12:00:00,2093,2,21,NA,-4.9230012674305,3.57208119856371
2093-02-22 12:00:00,2093,2,22,NA,-3.84836729891109,5.84049553464674
2093-02-23 12:00:00,2093,2,23,NA,-3.96431344165743,10.6737060150446
2093-02-24 12:00:00,2093,2,24,NA,-3.46916498169034,11.9042261059495
2093-02-25 12:00:00,2093,2,25,NA,-0.973326764641624,10.5545874429862
2093-02-26 12:00:00,2093,2,26,NA,0.950046382174381,12.1868536217478
2093-02-27 12:00:00,2093,2,27,NA,3.79201282266059,16.7380399380721
2093-02-28 12:00:00,2093,2,28,NA,3.24475465001087,9.14651345743457
2093-03-01 12:00:00,2093,3,1,NA,3.82263274840026,11.8442663709701
2093-03-02 12:00:00,2093,3,2,NA,4.19737525779969,12.4836970420524
2093-03-03 12:00:00,2093,3,3,NA,1.64199434274347,13.7430069670345
2093-03-04 12:00:00,2093,3,4,NA,0.960067774107874,13.9075708952705
2093-03-05 12:00:00,2093,3,5,NA,1.11944496766884,13.6126722518291
2093-03-06 12:00:00,2093,3,6,NA,2.35422730094445,14.4603763687375
2093-03-07 12:00:00,2093,3,7,NA,0.426767891165108,15.7199425323622
2093-03-08 12:00:00,2093,3,8,NA,3.01333764685132,17.6529817300776
2093-03-09 12:00:00,2093,3,9,NA,3.69385042958461,15.7045537993587
2093-03-10 12:00:00,2093,3,10,NA,8.40558723000172,13.0170598804927
2093-03-11 12:00:00,2093,3,11,NA,6.82128120578384,14.9030950050861
2093-03-12 12:00:00,2093,3,12,NA,2.46623224448583,20.6797607956622
2093-03-13 12:00:00,2093,3,13,NA,7.30707339487586,21.9397815665472
2093-03-14 12:00:00,2093,3,14,NA,5.56016602237128,17.3256636701102
2093-03-15 12:00:00,2093,3,15,NA,4.80531387731767,10.789207612586
2093-03-16 12:00:00,2093,3,16,NA,2.89652564206907,16.0878578175682
2093-03-17 12:00:00,2093,3,17,NA,1.33755313561069,13.4917544178401
2093-03-18 12:00:00,2093,3,18,NA,6.24770400575027,13.6693960923374
2093-03-19 12:00:00,2093,3,19,NA,1.28515459638895,13.0121160799693
2093-03-20 12:00:00,2093,3,20,NA,0.178940472846987,14.8299657949519
2093-03-21 12:00:00,2093,3,21,NA,0.0730817193623441,18.5470958582225
2093-03-22 12:00:00,2093,3,22,NA,1.83859897393871,12.2467665055675
2093-03-23 12:00:00,2093,3,23,NA,0.996592019387879,15.5195865576213
2093-03-24 12:00:00,2093,3,24,NA,3.01330601078452,15.8228667603654
2093-03-25 12:00:00,2093,3,25,NA,8.87121151923941,16.7801471480974
2093-03-26 12:00:00,2093,3,26,NA,7.04659816564608,12.5396349992498
2093-03-27 12:00:00,2093,3,27,NA,4.90608791464597,17.0867867340507
2093-03-28 12:00:00,2093,3,28,NA,4.45604103385626,15.5509296299787
2093-03-29 12:00:00,2093,3,29,NA,2.09062536482503,14.0880471049783
2093-03-30 12:00:00,2093,3,30,NA,2.51636843271951,19.4396204534259
2093-03-31 12:00:00,2093,3,31,NA,3.44409206548423,21.124691063235
2093-04-01 12:00:00,2093,4,1,NA,2.40022657168979,13.2760324450028
2093-04-02 12:00:00,2093,4,2,NA,3.87448128960996,9.36561601834278
2093-04-03 12:00:00,2093,4,3,NA,4.5146960553624,17.2937038894688
2093-04-04 12:00:00,2093,4,4,NA,6.51288909362402,15.8391024442031
2093-04-05 12:00:00,2093,4,5,NA,8.91296315977409,17.8345753501419
2093-04-06 12:00:00,2093,4,6,NA,13.6263601487172,22.9859254008016
2093-04-07 12:00:00,2093,4,7,NA,11.9761525367526,21.5920111710932
2093-04-08 12:00:00,2093,4,8,NA,11.1130750060347,20.3754658952262
2093-04-09 12:00:00,2093,4,9,NA,6.28077340187446,21.0788282820094
2093-04-10 12:00:00,2093,4,10,NA,12.7577214538578,17.6826021915336
2093-04-11 12:00:00,2093,4,11,NA,8.17027457815094,15.6766717257306
2093-04-12 12:00:00,2093,4,12,NA,12.4116626301684,21.5176086418571
2093-04-13 12:00:00,2093,4,13,NA,9.43430202603134,20.9945707155347
2093-04-14 12:00:00,2093,4,14,NA,8.15429133718257,23.165976241983
2093-04-15 12:00:00,2093,4,15,NA,5.98213518727049,19.7356925561766
2093-04-16 12:00:00,2093,4,16,NA,7.30056702204391,19.2238699888001
2093-04-17 12:00:00,2093,4,17,NA,6.88781379621044,21.7751098581192
2093-04-18 12:00:00,2093,4,18,NA,10.8391169811721,23.6708832104726
2093-04-19 12:00:00,2093,4,19,NA,9.68414628750476,24.8914434895066
2093-04-20 12:00:00,2093,4,20,NA,9.83305120154075,27.3377249584569
2093-04-21 12:00:00,2093,4,21,NA,12.6572439915628,27.0931430138595
2093-04-22 12:00:00,2093,4,22,NA,10.9389410262921,22.7569246736994
2093-04-23 12:00:00,2093,4,23,NA,9.73700393654074,21.3477104506519
2093-04-24 12:00:00,2093,4,24,NA,5.22890630265828,15.3357925911995
2093-04-25 12:00:00,2093,4,25,NA,4.95901924182837,21.7137002350695
2093-04-26 12:00:00,2093,4,26,NA,7.90172150427025,14.8316390973986
2093-04-27 12:00:00,2093,4,27,NA,6.62749691574342,21.0453976523052
2093-04-28 12:00:00,2093,4,28,NA,7.92220047407344,24.6905604599386
2093-04-29 12:00:00,2093,4,29,NA,7.91601806192218,24.2994283677518
2093-04-30 12:00:00,2093,4,30,NA,8.66681803272889,20.0689925236251
2093-05-01 12:00:00,2093,5,1,NA,8.55861535768756,19.4734412207422
2093-05-02 12:00:00,2093,5,2,NA,9.75498111086737,23.886780928131
2093-05-03 12:00:00,2093,5,3,NA,9.95117722935157,17.2874559589806
2093-05-04 12:00:00,2093,5,4,NA,8.90081381056259,25.0605111179189
2093-05-05 12:00:00,2093,5,5,NA,13.1268118920447,22.9239543688111
2093-05-06 12:00:00,2093,5,6,NA,11.9719624637482,24.1597109108481
2093-05-07 12:00:00,2093,5,7,NA,12.70211208309,22.0507603418481
2093-05-08 12:00:00,2093,5,8,NA,16.6438644492643,30.5179281087418
2093-05-09 12:00:00,2093,5,9,NA,16.9250519193282,27.1436683486497
2093-05-10 12:00:00,2093,5,10,NA,13.4529002465685,27.8308697852173
2093-05-11 12:00:00,2093,5,11,NA,11.084089361085,27.0026434911486
2093-05-12 12:00:00,2093,5,12,NA,17.6804115126573,23.3872055638367
2093-05-13 12:00:00,2093,5,13,NA,16.835034569011,26.9223454883756
2093-05-14 12:00:00,2093,5,14,NA,17.6107574034738,26.4301603362768
2093-05-15 12:00:00,2093,5,15,NA,15.6238049682426,22.4720636989783
2093-05-16 12:00:00,2093,5,16,NA,16.2856772887065,21.7820952953835
2093-05-17 12:00:00,2093,5,17,NA,15.7864232683196,24.0904704318389
2093-05-18 12:00:00,2093,5,18,NA,14.2050880863661,23.5398137200765
2093-05-19 12:00:00,2093,5,19,NA,15.0443975161843,24.1724798015523
2093-05-20 12:00:00,2093,5,20,NA,12.6907859557796,25.3606613654019
2093-05-21 12:00:00,2093,5,21,NA,13.0345038901751,25.6877540650883
2093-05-22 12:00:00,2093,5,22,NA,14.8067353284536,30.5695151075644
2093-05-23 12:00:00,2093,5,23,NA,13.2304323222234,24.1182580874336
2093-05-24 12:00:00,2093,5,24,NA,13.5434313538493,28.8517607983545
2093-05-25 12:00:00,2093,5,25,NA,15.0653772339428,31.4604709412671
2093-05-26 12:00:00,2093,5,26,NA,15.5111862067755,32.1520196115753
2093-05-27 12:00:00,2093,5,27,NA,17.1081411224678,32.5749915438594
2093-05-28 12:00:00,2093,5,28,NA,18.7853888177498,31.9935439958919
2093-05-29 12:00:00,2093,5,29,NA,18.4185765192198,33.7062533819607
2093-05-30 12:00:00,2093,5,30,NA,19.963629064086,25.7487711457698
2093-05-31 12:00:00,2093,5,31,NA,16.7495586093544,24.4660441192743
2093-06-01 12:00:00,2093,6,1,NA,17.1287137310581,27.99502989529
2093-06-02 12:00:00,2093,6,2,NA,21.6272240810756,29.0600135975869
2093-06-03 12:00:00,2093,6,3,NA,20.6288686791432,26.4378199344471
2093-06-04 12:00:00,2093,6,4,NA,17.1435660584302,26.5215729474975
2093-06-05 12:00:00,2093,6,5,NA,16.8671205900237,22.9031413545008
2093-06-06 12:00:00,2093,6,6,NA,17.3754644097338,25.0532391109843
2093-06-07 12:00:00,2093,6,7,NA,16.5230360493329,24.9464958465442
2093-06-08 12:00:00,2093,6,8,NA,18.0650441237808,27.4168911821879
2093-06-09 12:00:00,2093,6,9,NA,16.5900954001838,28.9369916150783
2093-06-10 12:00:00,2093,6,10,NA,20.730580623902,25.2330065963181
2093-06-11 12:00:00,2093,6,11,NA,23.4341801344966,27.7840958759908
2093-06-12 12:00:00,2093,6,12,NA,23.117058603864,26.1335991875354
2093-06-13 12:00:00,2093,6,13,NA,20.3052659933776,31.4293723554198
2093-06-14 12:00:00,2093,6,14,NA,19.3490617078076,29.8038582766148
2093-06-15 12:00:00,2093,6,15,NA,19.5213455343198,24.5448067513658
2093-06-16 12:00:00,2093,6,16,NA,17.0860267001109,28.7513656729554
2093-06-17 12:00:00,2093,6,17,NA,16.6162893787873,32.4592714538316
2093-06-18 12:00:00,2093,6,18,NA,22.923285162461,27.9747222372734
2093-06-19 12:00:00,2093,6,19,NA,21.2594562831508,30.2623244375808
2093-06-20 12:00:00,2093,6,20,NA,20.2263995567633,30.8587071927376
2093-06-21 12:00:00,2093,6,21,NA,20.1412375943445,30.4208073567961
2093-06-22 12:00:00,2093,6,22,NA,19.6007845504742,28.2484088022062
2093-06-23 12:00:00,2093,6,23,NA,21.1311987692389,29.1918279871261
2093-06-24 12:00:00,2093,6,24,NA,23.2477186737797,30.5822732111555
2093-06-25 12:00:00,2093,6,25,NA,23.3813573783185,32.4643957409168
2093-06-26 12:00:00,2093,6,26,NA,23.3079552573003,33.2105155729153
2093-06-27 12:00:00,2093,6,27,NA,22.4916558506082,27.4994336746015
2093-06-28 12:00:00,2093,6,28,NA,18.3912316650572,24.2687616064944
2093-06-29 12:00:00,2093,6,29,NA,14.671124453031,29.6343009773821
2093-06-30 12:00:00,2093,6,30,NA,16.7211444628646,31.064949859097
2093-07-01 12:00:00,2093,7,1,NA,21.2134715664547,30.9729467114534
2093-07-02 12:00:00,2093,7,2,NA,22.4564671806301,29.1696449644082
2093-07-03 12:00:00,2093,7,3,NA,22.1230768389448,29.028654530926
2093-07-04 12:00:00,2093,7,4,NA,20.6823480149618,27.2099539317411
2093-07-05 12:00:00,2093,7,5,NA,20.395118329802,27.0115963392026
2093-07-06 12:00:00,2093,7,6,NA,20.5583397716828,29.2507584650672
2093-07-07 12:00:00,2093,7,7,NA,20.511947415836,30.8586249667364
2093-07-08 12:00:00,2093,7,8,NA,20.1765663544759,29.8079074043528
2093-07-09 12:00:00,2093,7,9,NA,21.2222669719826,32.7244634390177
2093-07-10 12:00:00,2093,7,10,NA,20.4864100563924,27.2699846683014
2093-07-11 12:00:00,2093,7,11,NA,17.8938064237735,25.7572757654445
2093-07-12 12:00:00,2093,7,12,NA,17.963410142672,29.5773785889287
2093-07-13 12:00:00,2093,7,13,NA,21.4972930637455,30.0089603314282
2093-07-14 12:00:00,2093,7,14,NA,22.5489705331535,27.4286053047841
2093-07-15 12:00:00,2093,7,15,NA,24.87483519224,31.6584098041491
2093-07-16 12:00:00,2093,7,16,NA,23.4787961076668,36.5560644685491
2093-07-17 12:00:00,2093,7,17,NA,25.2360695005767,37.087372970871
2093-07-18 12:00:00,2093,7,18,NA,25.7174924021185,35.5871308128315
2093-07-19 12:00:00,2093,7,19,NA,26.0003028527853,33.2511915781187
2093-07-20 12:00:00,2093,7,20,NA,28.8248012428437,32.2205288095091
2093-07-21 12:00:00,2093,7,21,NA,26.1710316544005,31.0149092325995
2093-07-22 12:00:00,2093,7,22,NA,22.8444955614807,31.4469794832693
2093-07-23 12:00:00,2093,7,23,NA,23.3339304918487,29.1473305924239
2093-07-24 12:00:00,2093,7,24,NA,23.0115244719442,27.6903836141256
2093-07-25 12:00:00,2093,7,25,NA,23.1149711593172,32.9294098116877
2093-07-26 12:00:00,2093,7,26,NA,24.9328578297347,35.8362354265336
2093-07-27 12:00:00,2093,7,27,NA,24.8672175254898,35.5679930353167
2093-07-28 12:00:00,2093,7,28,NA,25.8256197653436,35.6251572849395
2093-07-29 12:00:00,2093,7,29,NA,26.9849472914441,34.7977568089702
2093-07-30 12:00:00,2093,7,30,NA,27.449914388294,34.3273183138941
2093-07-31 12:00:00,2093,7,31,NA,26.3897118389878,35.2512336348929
2093-08-01 12:00:00,2093,8,1,NA,28.5505075312411,37.900860779826
2093-08-02 12:00:00,2093,8,2,NA,28.856884247888,36.5350088421452
2093-08-03 12:00:00,2093,8,3,NA,31.6319907335007,34.3073526143269
2093-08-04 12:00:00,2093,8,4,NA,29.4945888904959,36.1147797989913
2093-08-05 12:00:00,2093,8,5,NA,27.9505200773993,31.79775779634
2093-08-06 12:00:00,2093,8,6,NA,26.2530384353049,33.6854922751038
2093-08-07 12:00:00,2093,8,7,NA,26.4332878772505,35.3420415315769
2093-08-08 12:00:00,2093,8,8,NA,26.2232096636909,29.4817794704824
2093-08-09 12:00:00,2093,8,9,NA,26.9437816581335,31.0581821235476
2093-08-10 12:00:00,2093,8,10,NA,25.055711653626,33.1199963123778
2093-08-11 12:00:00,2093,8,11,NA,26.0230119897513,33.8440792505373
2093-08-12 12:00:00,2093,8,12,NA,27.3843013368048,34.100321318439
2093-08-13 12:00:00,2093,8,13,NA,24.095967514306,34.560847880075
2093-08-14 12:00:00,2093,8,14,NA,25.4835840165385,33.1796785998136
2093-08-15 12:00:00,2093,8,15,NA,20.8611713945083,30.9148946269965
2093-08-16 12:00:00,2093,8,16,NA,22.3973884110897,33.9165304139699
2093-08-17 12:00:00,2093,8,17,NA,20.7050966507502,27.424665833302
2093-08-18 12:00:00,2093,8,18,NA,20.5856586893761,30.1871597665716
2093-08-19 12:00:00,2093,8,19,NA,21.9911909518068,30.164166300835
2093-08-20 12:00:00,2093,8,20,NA,22.0328767918558,27.2636812494631
2093-08-21 12:00:00,2093,8,21,NA,22.9161813869313,31.2135802856783
2093-08-22 12:00:00,2093,8,22,NA,20.9810985579955,31.5387912675175
2093-08-23 12:00:00,2093,8,23,NA,23.9127089923879,32.2101078911349
2093-08-24 12:00:00,2093,8,24,NA,24.3091223419024,30.1864555234114
2093-08-25 12:00:00,2093,8,25,NA,22.2439782377501,28.8630607841889
2093-08-26 12:00:00,2093,8,26,NA,23.0251100561784,29.1674817061862
2093-08-27 12:00:00,2093,8,27,NA,22.4902236083298,29.1165381192321
2093-08-28 12:00:00,2093,8,28,NA,22.0523985040158,31.1851815876133
2093-08-29 12:00:00,2093,8,29,NA,22.4072233842055,31.9168771595209
2093-08-30 12:00:00,2093,8,30,NA,22.442433765046,30.1338652980451
2093-08-31 12:00:00,2093,8,31,NA,22.6697914942336,31.8196097036993
2093-09-01 12:00:00,2093,9,1,NA,22.8273723986029,30.0516593113676
2093-09-02 12:00:00,2093,9,2,NA,20.2038883155582,31.2467149678837
2093-09-03 12:00:00,2093,9,3,NA,19.157538798581,30.4619072230367
2093-09-04 12:00:00,2093,9,4,NA,19.5547123827916,31.9181282110921
2093-09-05 12:00:00,2093,9,5,NA,20.8367811449192,33.6335575936912
2093-09-06 12:00:00,2093,9,6,NA,19.7258756483658,33.1415102753744
2093-09-07 12:00:00,2093,9,7,NA,20.1436202766565,30.1262009751861
2093-09-08 12:00:00,2093,9,8,NA,20.2840900607636,31.8226084345742
2093-09-09 12:00:00,2093,9,9,NA,18.926889466913,30.1779864285995
2093-09-10 12:00:00,2093,9,10,NA,20.2408841083618,32.445593112505
2093-09-11 12:00:00,2093,9,11,NA,21.4539652787785,30.8092920911144
2093-09-12 12:00:00,2093,9,12,NA,22.0724084573614,32.5896829640984
2093-09-13 12:00:00,2093,9,13,NA,22.4271741412166,32.7988129912853
2093-09-14 12:00:00,2093,9,14,NA,20.5410768629112,28.0037701767773
2093-09-15 12:00:00,2093,9,15,NA,19.7879673437056,29.855850816071
2093-09-16 12:00:00,2093,9,16,NA,18.1849504700487,30.5771320182365
2093-09-17 12:00:00,2093,9,17,NA,18.8983167941799,31.0037238052358
2093-09-18 12:00:00,2093,9,18,NA,24.5578407197929,29.8451335891218
2093-09-19 12:00:00,2093,9,19,NA,21.5173725894711,29.6918575204235
2093-09-20 12:00:00,2093,9,20,NA,21.2836818344186,28.9503811270744
2093-09-21 12:00:00,2093,9,21,NA,15.6171272495744,24.2405335571367
2093-09-22 12:00:00,2093,9,22,NA,17.3322158623913,24.007777105035
2093-09-23 12:00:00,2093,9,23,NA,16.1145691529654,22.3062723490538
2093-09-24 12:00:00,2093,9,24,NA,18.0298864850517,20.484609372286
2093-09-25 12:00:00,2093,9,25,NA,17.241667397173,24.4470631732839
2093-09-26 12:00:00,2093,9,26,NA,15.3906487662885,24.973089809172
2093-09-27 12:00:00,2093,9,27,NA,12.356271734212,25.823510548846
2093-09-28 12:00:00,2093,9,28,NA,12.8659974116938,25.8699495440759
2093-09-29 12:00:00,2093,9,29,NA,13.3353905882146,28.734097256184
2093-09-30 12:00:00,2093,9,30,NA,13.36075170551,28.6201252720516
2093-10-01 12:00:00,2093,10,1,NA,17.431574446131,30.8786260458799
2093-10-02 12:00:00,2093,10,2,NA,18.97432391468,31.6535771844186
2093-10-03 12:00:00,2093,10,3,NA,17.6470923653614,32.0609635933946
2093-10-04 12:00:00,2093,10,4,NA,18.7081572981474,31.4814036849614
2093-10-05 12:00:00,2093,10,5,NA,17.9069563196554,27.0785462490637
2093-10-06 12:00:00,2093,10,6,NA,19.1797402906785,30.7428576268985
2093-10-07 12:00:00,2093,10,7,NA,22.2818534521281,31.124549014187
2093-10-08 12:00:00,2093,10,8,NA,19.0782993767052,27.4640256921003
2093-10-09 12:00:00,2093,10,9,NA,16.4432478568688,25.7261063616243
2093-10-10 12:00:00,2093,10,10,NA,18.8301952463496,25.5164864129377
2093-10-11 12:00:00,2093,10,11,NA,15.5639394022087,29.2181832495491
2093-10-12 12:00:00,2093,10,12,NA,14.3420352957177,26.4927651769237
2093-10-13 12:00:00,2093,10,13,NA,10.8204926888887,23.3077465879958
2093-10-14 12:00:00,2093,10,14,NA,9.84466218500759,25.0698693759057
2093-10-15 12:00:00,2093,10,15,NA,10.8915391339369,25.7729271646533
2093-10-16 12:00:00,2093,10,16,NA,11.3686846662621,26.0819164647137
2093-10-17 12:00:00,2093,10,17,NA,9.19671432398708,24.7093401477503
2093-10-18 12:00:00,2093,10,18,NA,13.0260809599259,21.9238349090303
2093-10-19 12:00:00,2093,10,19,NA,10.0131210034382,21.7669590629765
2093-10-20 12:00:00,2093,10,20,NA,8.40943721225674,21.9451384350713
2093-10-21 12:00:00,2093,10,21,NA,8.53973915503813,23.1725137313229
2093-10-22 12:00:00,2093,10,22,NA,6.66624406826835,21.1432219248264
2093-10-23 12:00:00,2093,10,23,NA,9.07132120876766,24.6796329375477
2093-10-24 12:00:00,2093,10,24,NA,10.6591951867952,25.5405832175116
2093-10-25 12:00:00,2093,10,25,NA,11.2486565437327,22.7946218603213
2093-10-26 12:00:00,2093,10,26,NA,9.40785152961036,22.1810979164243
2093-10-27 12:00:00,2093,10,27,NA,9.34562526109956,21.669790317957
2093-10-28 12:00:00,2093,10,28,NA,8.57344280570977,22.112242123826
2093-10-29 12:00:00,2093,10,29,NA,9.2507986018877,21.6888566315791
2093-10-30 12:00:00,2093,10,30,NA,10.403141237865,23.3586867003777
2093-10-31 12:00:00,2093,10,31,NA,14.6258937767595,19.2928919638338
2093-11-01 12:00:00,2093,11,1,NA,12.5638737599601,19.7436259765368
2093-11-02 12:00:00,2093,11,2,NA,9.82573777206423,19.0231267285659
2093-11-03 12:00:00,2093,11,3,NA,8.30031507028989,20.6999331163579
2093-11-04 12:00:00,2093,11,4,NA,7.28313421193822,20.0845033196973
2093-11-05 12:00:00,2093,11,5,NA,5.48165973333689,20.9156476978737
2093-11-06 12:00:00,2093,11,6,NA,7.46970922665057,19.4825623615566
2093-11-07 12:00:00,2093,11,7,NA,7.25013268365068,21.9837673048768
2093-11-08 12:00:00,2093,11,8,NA,9.97928069639374,18.2426562328535
2093-11-09 12:00:00,2093,11,9,NA,7.76227517927232,20.2823647668836
2093-11-10 12:00:00,2093,11,10,NA,5.92667661580597,19.066900136163
2093-11-11 12:00:00,2093,11,11,NA,4.99305243988612,20.3665334787294
2093-11-12 12:00:00,2093,11,12,NA,10.7164263999919,13.7780570069139
2093-11-13 12:00:00,2093,11,13,NA,8.57850954608332,21.0749370218228
2093-11-14 12:00:00,2093,11,14,NA,6.58252013335271,16.714360151403
2093-11-15 12:00:00,2093,11,15,NA,8.13254819491794,23.8406952907901
2093-11-16 12:00:00,2093,11,16,NA,3.76229584665208,17.2286809939003
2093-11-17 12:00:00,2093,11,17,NA,3.24327492789174,18.2102853777571
2093-11-18 12:00:00,2093,11,18,NA,4.13953113158938,19.8185181949287
2093-11-19 12:00:00,2093,11,19,NA,1.21243015878081,12.4816631684626
2093-11-20 12:00:00,2093,11,20,NA,-0.298171244939264,14.0229770231629
2093-11-21 12:00:00,2093,11,21,NA,0.0624676176552148,12.5925575815764
2093-11-22 12:00:00,2093,11,22,NA,2.68323755603933,15.5529876450913
2093-11-23 12:00:00,2093,11,23,NA,3.51819060276416,16.3879406918161
2093-11-24 12:00:00,2093,11,24,NA,2.28680412093426,11.6047883592061
2093-11-25 12:00:00,2093,11,25,NA,-4.99489903647478,10.3785820023685
2093-11-26 12:00:00,2093,11,26,NA,-6.30655147335282,7.86438129624676
2093-11-27 12:00:00,2093,11,27,NA,-1.76677146946514,12.7465916653403
2093-11-28 12:00:00,2093,11,28,NA,1.03642557397304,9.15139477082031
2093-11-29 12:00:00,2093,11,29,NA,-1.12884357893603,8.69598017014217
2093-11-30 12:00:00,2093,11,30,NA,-1.96244963954893,12.7147088358959
2093-12-01 12:00:00,2093,12,1,NA,-3.68294613625453,13.5128108773507
2093-12-02 12:00:00,2093,12,2,NA,-0.15507884225168,13.3892814461207
2093-12-03 12:00:00,2093,12,3,NA,1.48679976072277,13.7266377969844
2093-12-04 12:00:00,2093,12,4,NA,1.66146468020662,12.0458992084534
2093-12-05 12:00:00,2093,12,5,NA,1.24353644597726,13.1376950936994
2093-12-06 12:00:00,2093,12,6,NA,1.08035734740099,9.21735193746749
2093-12-07 12:00:00,2093,12,7,NA,1.39394338374724,5.07177787292584
2093-12-08 12:00:00,2093,12,8,NA,0.738116179830512,5.56768892220378
2093-12-09 12:00:00,2093,12,9,NA,-0.608180875320152,6.80201231154747
2093-12-10 12:00:00,2093,12,10,NA,-3.80028357289278,6.30643501640148
2093-12-11 12:00:00,2093,12,11,NA,-2.82465926185442,7.35866021720059
2093-12-12 12:00:00,2093,12,12,NA,-2.88081809232136,6.32770045465834
2093-12-13 12:00:00,2093,12,13,NA,-2.5934022329404,7.17895202911254
2093-12-14 12:00:00,2093,12,14,NA,-2.74389686259251,11.0686809851723
2093-12-15 12:00:00,2093,12,15,NA,-5.64641936704674,8.58494081016712
2093-12-16 12:00:00,2093,12,16,NA,-1.67790397652134,8.1571511923869
2093-12-17 12:00:00,2093,12,17,NA,1.84326799665335,5.8873177808086
2093-12-18 12:00:00,2093,12,18,NA,-1.99141512220246,4.79535161449603
2093-12-19 12:00:00,2093,12,19,NA,1.87710166284553,6.93408385185316
2093-12-20 12:00:00,2093,12,20,NA,0.327955790252576,6.7840767078487
2093-12-21 12:00:00,2093,12,21,NA,-0.177418160953086,4.38498609089476
2093-12-22 12:00:00,2093,12,22,NA,-1.39408604524163,2.81175122550983
2093-12-23 12:00:00,2093,12,23,NA,1.12423509567195,12.5134356339515
2093-12-24 12:00:00,2093,12,24,NA,1.53989701691198,12.0580110592799
2093-12-25 12:00:00,2093,12,25,NA,-0.197594483853663,9.00650001684231
2093-12-26 12:00:00,2093,12,26,NA,-3.64957869498318,11.8246872325645
2093-12-27 12:00:00,2093,12,27,NA,-2.16418836439604,12.6910372204179
2093-12-28 12:00:00,2093,12,28,NA,-0.370215837007023,10.1310920073816
2093-12-29 12:00:00,2093,12,29,NA,0.609642371065933,9.93413096341158
2093-12-30 12:00:00,2093,12,30,NA,0.513478154988235,6.67972206418466
2093-12-31 12:00:00,2093,12,31,NA,1.34992991139649,9.00555822808194
2094-01-01 12:00:00,2094,1,1,NA,-2.7710238040944,5.13836709386414
2094-01-02 12:00:00,2094,1,2,NA,-0.699902935794356,13.2865170217667
2094-01-03 12:00:00,2094,1,3,NA,-1.72840971661609,8.60411180326164
2094-01-04 12:00:00,2094,1,4,NA,-1.15308193210118,4.99356600723094
2094-01-05 12:00:00,2094,1,5,NA,-1.94190572260033,5.25385896724192
2094-01-06 12:00:00,2094,1,6,NA,-1.75942187359528,6.46791630511578
2094-01-07 12:00:00,2094,1,7,NA,-3.89424938411436,4.75178601659257
2094-01-08 12:00:00,2094,1,8,NA,-3.57001919607275,6.12688123010385
2094-01-09 12:00:00,2094,1,9,NA,-5.00836492775013,5.30562376531246
2094-01-10 12:00:00,2094,1,10,NA,-4.73138596772262,5.52385044686733
2094-01-11 12:00:00,2094,1,11,NA,-3.78230489265558,4.9546401647705
2094-01-12 12:00:00,2094,1,12,NA,-0.937117834609685,9.35130508557546
2094-01-13 12:00:00,2094,1,13,NA,-2.08430282351114,8.69758390743793
2094-01-14 12:00:00,2094,1,14,NA,0.510501685348671,10.4971746640539
2094-01-15 12:00:00,2094,1,15,NA,-1.304030620797,10.6356370125014
2094-01-16 12:00:00,2094,1,16,NA,-0.971139833889417,10.5925250602421
2094-01-17 12:00:00,2094,1,17,NA,-1.10087469419358,15.3601454685707
2094-01-18 12:00:00,2094,1,18,NA,0.726072528620915,11.02886134206
2094-01-19 12:00:00,2094,1,19,NA,-0.101309111768893,9.70148180447554
2094-01-20 12:00:00,2094,1,20,NA,-2.21665055730586,7.21117319506715
2094-01-21 12:00:00,2094,1,21,NA,7.07661933532427,14.5161468587761
2094-01-22 12:00:00,2094,1,22,NA,5.42380580196363,17.0966154515596
2094-01-23 12:00:00,2094,1,23,NA,1.40323910400763,15.8244636437276
2094-01-24 12:00:00,2094,1,24,NA,2.06964382954663,15.9171871345656
2094-01-25 12:00:00,2094,1,25,NA,0.528008394600876,14.0892447221287
2094-01-26 12:00:00,2094,1,26,NA,2.61852644390733,9.44888283604216
2094-01-27 12:00:00,2094,1,27,NA,2.51535715763328,9.90058699439055
2094-01-28 12:00:00,2094,1,28,NA,4.30485933759298,9.88917707017371
2094-01-29 12:00:00,2094,1,29,NA,-0.604361435277194,7.93320407440344
2094-01-30 12:00:00,2094,1,30,NA,-1.89399941798332,6.78252817812541
2094-01-31 12:00:00,2094,1,31,NA,1.11641696378817,8.3499623971601
2094-02-01 12:00:00,2094,2,1,NA,0.589960456183817,10.2603155029647
2094-02-02 12:00:00,2094,2,2,NA,1.98379666479195,6.14254355195585
2094-02-03 12:00:00,2094,2,3,NA,-0.723558859727852,7.57088294243677
2094-02-04 12:00:00,2094,2,4,NA,-2.54949136938679,7.50419103143407
2094-02-05 12:00:00,2094,2,5,NA,-4.5144989875908,6.83246551072908
2094-02-06 12:00:00,2094,2,6,NA,-1.61259821247027,10.7475826141657
2094-02-07 12:00:00,2094,2,7,NA,0.500600887880554,9.68744162323927
2094-02-08 12:00:00,2094,2,8,NA,-2.45738296735065,11.9678067716527
2094-02-09 12:00:00,2094,2,9,NA,-2.52526158394254,12.2815934947852
2094-02-10 12:00:00,2094,2,10,NA,1.99614304519716,12.3963149603778
2094-02-11 12:00:00,2094,2,11,NA,0.445967354024034,14.1720915455401
2094-02-12 12:00:00,2094,2,12,NA,2.42794122459492,13.1890596806721
2094-02-13 12:00:00,2094,2,13,NA,-1.1169887206606,4.76197096623846
2094-02-14 12:00:00,2094,2,14,NA,-3.95914973583001,11.2279185261662
2094-02-15 12:00:00,2094,2,15,NA,1.03959070921319,11.6391059600505
2094-02-16 12:00:00,2094,2,16,NA,4.60820132832217,12.2150220482709
2094-02-17 12:00:00,2094,2,17,NA,0.216652868518135,5.44139752383284
2094-02-18 12:00:00,2094,2,18,NA,-0.38431736743705,5.8567064867306
2094-02-19 12:00:00,2094,2,19,NA,-0.230486943127131,1.68642791372455
2094-02-20 12:00:00,2094,2,20,NA,-1.14098276802446,6.16231358358489
2094-02-21 12:00:00,2094,2,21,NA,-1.98972756848805,9.35723692983182
2094-02-22 12:00:00,2094,2,22,NA,-0.296598927050054,11.077923499653
2094-02-23 12:00:00,2094,2,23,NA,-1.23764799279503,13.0111897281447
2094-02-24 12:00:00,2094,2,24,NA,-1.67862663712414,7.67472826727347
2094-02-25 12:00:00,2094,2,25,NA,-2.74580268155515,12.2250315454003
2094-02-26 12:00:00,2094,2,26,NA,-2.63831925051979,11.2184749736361
2094-02-27 12:00:00,2094,2,27,NA,1.66737538522909,13.8819682467644
2094-02-28 12:00:00,2094,2,28,NA,-0.622163306624505,11.4904281872115
2094-03-01 12:00:00,2094,3,1,NA,-0.649225598187563,10.7987972639454
2094-03-02 12:00:00,2094,3,2,NA,0.368317376671827,13.3158204978345
2094-03-03 12:00:00,2094,3,3,NA,-2.07323814870736,13.2199364924898
2094-03-04 12:00:00,2094,3,4,NA,5.34548704604405,16.508991856978
2094-03-05 12:00:00,2094,3,5,NA,3.86209955923048,15.9682486270236
2094-03-06 12:00:00,2094,3,6,NA,11.076526219051,18.0179647289531
2094-03-07 12:00:00,2094,3,7,NA,3.9365293754725,15.758029073273
2094-03-08 12:00:00,2094,3,8,NA,3.54127706252402,18.1189796937111
2094-03-09 12:00:00,2094,3,9,NA,3.29516020276653,15.3910325006163
2094-03-10 12:00:00,2094,3,10,NA,0.347248005540704,13.3133331438243
2094-03-11 12:00:00,2094,3,11,NA,0.393125061622294,12.5783114371114
2094-03-12 12:00:00,2094,3,12,NA,2.80715734081314,16.1964270605265
2094-03-13 12:00:00,2094,3,13,NA,4.6477295832109,15.0558971148397
2094-03-14 12:00:00,2094,3,14,NA,1.34062579371057,9.62694757796326
2094-03-15 12:00:00,2094,3,15,NA,4.9149624078166,13.8165852753323
2094-03-16 12:00:00,2094,3,16,NA,2.67216162867652,21.6078025032522
2094-03-17 12:00:00,2094,3,17,NA,4.16830948109426,20.627512582977
2094-03-18 12:00:00,2094,3,18,NA,3.05695616074647,17.7689576499993
2094-03-19 12:00:00,2094,3,19,NA,-2.33537203566235,15.3531833258293
2094-03-20 12:00:00,2094,3,20,NA,-0.97111102223648,16.3503955248283
2094-03-21 12:00:00,2094,3,21,NA,3.58444215987622,14.9682582415318
2094-03-22 12:00:00,2094,3,22,NA,3.51609468877219,14.3919005620852
2094-03-23 12:00:00,2094,3,23,NA,7.014883659793,13.7556988201964
2094-03-24 12:00:00,2094,3,24,NA,4.10637197594372,15.2334917500399
2094-03-25 12:00:00,2094,3,25,NA,4.14567033626701,16.1563737060411
2094-03-26 12:00:00,2094,3,26,NA,4.95138399329665,19.0193633801687
2094-03-27 12:00:00,2094,3,27,NA,8.84378129969045,13.3350465990924
2094-03-28 12:00:00,2094,3,28,NA,4.85339100942259,9.24721104694746
2094-03-29 12:00:00,2094,3,29,NA,1.85295445468294,13.0544061359747
2094-03-30 12:00:00,2094,3,30,NA,2.3046903243181,8.4443214323795
2094-03-31 12:00:00,2094,3,31,NA,0.828591740235762,17.9955287490338
2094-04-01 12:00:00,2094,4,1,NA,3.67275895462041,16.5998377351042
2094-04-02 12:00:00,2094,4,2,NA,4.63598497734197,19.1616912929177
2094-04-03 12:00:00,2094,4,3,NA,5.00478554721507,21.5943120651783
2094-04-04 12:00:00,2094,4,4,NA,3.38208264682376,15.9983187422249
2094-04-05 12:00:00,2094,4,5,NA,8.99141742369356,23.037923254615
2094-04-06 12:00:00,2094,4,6,NA,9.28442543530968,20.0988765262045
2094-04-07 12:00:00,2094,4,7,NA,9.04647654858876,22.2726038400473
2094-04-08 12:00:00,2094,4,8,NA,6.59295346996208,15.5229588014071
2094-04-09 12:00:00,2094,4,9,NA,8.18285777089955,19.8424735522013
2094-04-10 12:00:00,2094,4,10,NA,7.77759342801182,26.1005185064246
2094-04-11 12:00:00,2094,4,11,NA,10.1078682199984,26.1193450990111
2094-04-12 12:00:00,2094,4,12,NA,9.67957791919624,21.2398466086996
2094-04-13 12:00:00,2094,4,13,NA,11.1665723514769,19.5392135295846
2094-04-14 12:00:00,2094,4,14,NA,3.80660283097824,21.4810752933967
2094-04-15 12:00:00,2094,4,15,NA,4.11883583387383,22.0062535860206
2094-04-16 12:00:00,2094,4,16,NA,7.59099591858068,18.5009085075754
2094-04-17 12:00:00,2094,4,17,NA,6.04088719379542,12.9638843026731
2094-04-18 12:00:00,2094,4,18,NA,7.04639533180973,20.2565295993334
2094-04-19 12:00:00,2094,4,19,NA,5.9156017837551,20.9272866885555
2094-04-20 12:00:00,2094,4,20,NA,6.41017234971195,25.1412654459287
2094-04-21 12:00:00,2094,4,21,NA,7.50920838270962,23.3240973087638
2094-04-22 12:00:00,2094,4,22,NA,5.97377542774797,23.5958050176266
2094-04-23 12:00:00,2094,4,23,NA,7.590865230483,23.0244722189986
2094-04-24 12:00:00,2094,4,24,NA,6.26236634066315,11.6398920807636
2094-04-25 12:00:00,2094,4,25,NA,2.47973524360165,15.2829953130035
2094-04-26 12:00:00,2094,4,26,NA,3.31945654396524,20.0473518316745
2094-04-27 12:00:00,2094,4,27,NA,11.1096260214,24.3415607832312
2094-04-28 12:00:00,2094,4,28,NA,10.1355746172887,18.3929207707158
2094-04-29 12:00:00,2094,4,29,NA,8.9928769715822,23.725583066782
2094-04-30 12:00:00,2094,4,30,NA,10.4353628225896,18.3339947826548
2094-05-01 12:00:00,2094,5,1,NA,9.23877682953024,21.5224698153217
2094-05-02 12:00:00,2094,5,2,NA,12.5733753884284,19.5316051224179
2094-05-03 12:00:00,2094,5,3,NA,10.3555895739766,21.2289210618688
2094-05-04 12:00:00,2094,5,4,NA,10.2854405652539,25.9602099112921
2094-05-05 12:00:00,2094,5,5,NA,12.4289572832771,25.2865282139567
2094-05-06 12:00:00,2094,5,6,NA,11.8860878476636,21.3915580968233
2094-05-07 12:00:00,2094,5,7,NA,10.9446625097192,24.3968609798223
2094-05-08 12:00:00,2094,5,8,NA,12.3724920052919,27.4284668789224
2094-05-09 12:00:00,2094,5,9,NA,13.0672330554471,23.9115460432718
2094-05-10 12:00:00,2094,5,10,NA,12.096810079363,25.6816850158402
2094-05-11 12:00:00,2094,5,11,NA,12.9204275346586,30.3645202556488
2094-05-12 12:00:00,2094,5,12,NA,13.1841495130078,28.2075962684714
2094-05-13 12:00:00,2094,5,13,NA,16.6441654218197,29.314040831442
2094-05-14 12:00:00,2094,5,14,NA,18.3282053118587,28.9069465278774
2094-05-15 12:00:00,2094,5,15,NA,16.9798565354603,27.1970129858749
2094-05-16 12:00:00,2094,5,16,NA,14.5095689024091,28.360577868498
2094-05-17 12:00:00,2094,5,17,NA,13.5183330298761,29.4248459161145
2094-05-18 12:00:00,2094,5,18,NA,14.2050412500845,25.9467531296262
2094-05-19 12:00:00,2094,5,19,NA,12.3739179535138,26.7688174737566
2094-05-20 12:00:00,2094,5,20,NA,11.0564331740657,26.5330090228142
2094-05-21 12:00:00,2094,5,21,NA,16.2792398414994,27.1102122356574
2094-05-22 12:00:00,2094,5,22,NA,20.3087513305946,27.0336396961179
2094-05-23 12:00:00,2094,5,23,NA,17.5547732347514,30.4547374862184
2094-05-24 12:00:00,2094,5,24,NA,20.5619199094627,24.4795715063715
2094-05-25 12:00:00,2094,5,25,NA,19.7244189995431,25.7645024825048
2094-05-26 12:00:00,2094,5,26,NA,16.182600833803,25.57697396523
2094-05-27 12:00:00,2094,5,27,NA,16.1717170199413,29.2667631787266
2094-05-28 12:00:00,2094,5,28,NA,16.214883020905,27.9336427589462
2094-05-29 12:00:00,2094,5,29,NA,14.7749979864099,27.5050603491867
2094-05-30 12:00:00,2094,5,30,NA,14.0100785995719,29.7728583786828
2094-05-31 12:00:00,2094,5,31,NA,15.9813159419474,28.7139863881161
2094-06-01 12:00:00,2094,6,1,NA,16.4864404378855,30.7842456001167
2094-06-02 12:00:00,2094,6,2,NA,19.7036894640261,27.6386376099681
2094-06-03 12:00:00,2094,6,3,NA,22.2556468131781,24.4891189385262
2094-06-04 12:00:00,2094,6,4,NA,20.4219370336353,26.8297212292772
2094-06-05 12:00:00,2094,6,5,NA,17.450095799343,27.9878262542403
2094-06-06 12:00:00,2094,6,6,NA,16.3850773715382,30.2432570581697
2094-06-07 12:00:00,2094,6,7,NA,17.9308386032293,30.0437417187376
2094-06-08 12:00:00,2094,6,8,NA,16.3082334327015,26.8459638875988
2094-06-09 12:00:00,2094,6,9,NA,16.4155570388398,31.3271900682268
2094-06-10 12:00:00,2094,6,10,NA,19.2704497340187,31.2837122274624
2094-06-11 12:00:00,2094,6,11,NA,20.0887669833043,27.1047212474312
2094-06-12 12:00:00,2094,6,12,NA,18.7767677830313,29.4423988448294
2094-06-13 12:00:00,2094,6,13,NA,19.7579112716775,23.055710406341
2094-06-14 12:00:00,2094,6,14,NA,17.9545047459395,20.8591541173105
2094-06-15 12:00:00,2094,6,15,NA,13.5791501862051,28.1444646479453
2094-06-16 12:00:00,2094,6,16,NA,15.8689202350377,29.008290820843
2094-06-17 12:00:00,2094,6,17,NA,17.1283181445564,32.2199075729054
2094-06-18 12:00:00,2094,6,18,NA,19.3880631534155,32.3241602295233
2094-06-19 12:00:00,2094,6,19,NA,20.3486317513777,31.9275145562335
2094-06-20 12:00:00,2094,6,20,NA,21.8603641616598,31.7081850299638
2094-06-21 12:00:00,2094,6,21,NA,23.2995880605547,33.6084053185142
2094-06-22 12:00:00,2094,6,22,NA,20.5263088270265,25.2405031893332
2094-06-23 12:00:00,2094,6,23,NA,23.915454382269,26.0403652663902
2094-06-24 12:00:00,2094,6,24,NA,24.1745302929817,27.0111033200951
2094-06-25 12:00:00,2094,6,25,NA,22.5904776314564,28.6535709829548
2094-06-26 12:00:00,2094,6,26,NA,21.5020826286262,23.5164155004395
2094-06-27 12:00:00,2094,6,27,NA,21.2679622844263,26.2914235014723
2094-06-28 12:00:00,2094,6,28,NA,23.984795001925,30.1643364024707
2094-06-29 12:00:00,2094,6,29,NA,21.9019527793137,30.1167003369094
2094-06-30 12:00:00,2094,6,30,NA,22.5235914223179,30.780286761362
2094-07-01 12:00:00,2094,7,1,NA,26.2012919663365,31.4373218104506
2094-07-02 12:00:00,2094,7,2,NA,26.7499664028211,31.6437516472534
2094-07-03 12:00:00,2094,7,3,NA,27.2515069095516,29.9661172398717
2094-07-04 12:00:00,2094,7,4,NA,25.9891911146489,29.070241773518
2094-07-05 12:00:00,2094,7,5,NA,24.2364405477176,31.6760666919964
2094-07-06 12:00:00,2094,7,6,NA,23.9905474382307,31.747420603018
2094-07-07 12:00:00,2094,7,7,NA,24.6235599056829,32.8604793260685
2094-07-08 12:00:00,2094,7,8,NA,24.2121107504002,32.7123892484002
2094-07-09 12:00:00,2094,7,9,NA,24.1400862195505,31.7286162264784
2094-07-10 12:00:00,2094,7,10,NA,23.2645950734298,28.235482615638
2094-07-11 12:00:00,2094,7,11,NA,22.069443724526,29.704820189446
2094-07-12 12:00:00,2094,7,12,NA,23.3973082842786,33.3406813294371
2094-07-13 12:00:00,2094,7,13,NA,23.1775788907496,31.0410482324206
2094-07-14 12:00:00,2094,7,14,NA,24.1181134768244,31.4530800685475
2094-07-15 12:00:00,2094,7,15,NA,23.9142292876642,33.3916940220605
2094-07-16 12:00:00,2094,7,16,NA,25.8828969735846,32.7912512996531
2094-07-17 12:00:00,2094,7,17,NA,25.5486236984297,35.1208926806263
2094-07-18 12:00:00,2094,7,18,NA,25.0247821276548,34.1443526360336
2094-07-19 12:00:00,2094,7,19,NA,24.3274483048043,33.5552592427459
2094-07-20 12:00:00,2094,7,20,NA,24.2434873598922,28.607434245868
2094-07-21 12:00:00,2094,7,21,NA,21.9673137650262,29.6837809648358
2094-07-22 12:00:00,2094,7,22,NA,23.05531400223,31.4244809076753
2094-07-23 12:00:00,2094,7,23,NA,25.192031774058,33.2259077741657
2094-07-24 12:00:00,2094,7,24,NA,25.6450676976931,32.9800342894162
2094-07-25 12:00:00,2094,7,25,NA,25.0048491313396,30.3475642532379
2094-07-26 12:00:00,2094,7,26,NA,24.1763863581329,32.8875045326676
2094-07-27 12:00:00,2094,7,27,NA,26.4353256398329,33.3127295654329
2094-07-28 12:00:00,2094,7,28,NA,25.457924275364,27.8611254380237
2094-07-29 12:00:00,2094,7,29,NA,24.5056135306779,33.2225991756617
2094-07-30 12:00:00,2094,7,30,NA,23.3194307446444,31.3762507001862
2094-07-31 12:00:00,2094,7,31,NA,23.1299564665513,34.5576328476047
2094-08-01 12:00:00,2094,8,1,NA,22.135184173301,29.7788082856458
2094-08-02 12:00:00,2094,8,2,NA,23.7642244757942,31.1796338941467
2094-08-03 12:00:00,2094,8,3,NA,23.6445389912652,30.9023093729221
2094-08-04 12:00:00,2094,8,4,NA,21.4423626961586,28.7089881555989
2094-08-05 12:00:00,2094,8,5,NA,21.6504070610253,25.8782731271424
2094-08-06 12:00:00,2094,8,6,NA,22.6736356973884,30.089045115741
2094-08-07 12:00:00,2094,8,7,NA,23.009167677029,31.9901316779246
2094-08-08 12:00:00,2094,8,8,NA,22.6866484635409,26.914514529658
2094-08-09 12:00:00,2094,8,9,NA,21.7111859987568,26.5248362954898
2094-08-10 12:00:00,2094,8,10,NA,21.2711236666012,26.9279540274572
2094-08-11 12:00:00,2094,8,11,NA,20.6284477970514,29.9469725293198
2094-08-12 12:00:00,2094,8,12,NA,24.0327701603399,33.6372852623447
2094-08-13 12:00:00,2094,8,13,NA,25.0427526647537,35.6380302359659
2094-08-14 12:00:00,2094,8,14,NA,25.8834818539339,36.4522177139834
2094-08-15 12:00:00,2094,8,15,NA,25.5843547564412,36.1520669903167
2094-08-16 12:00:00,2094,8,16,NA,25.4151711831375,35.2959257081267
2094-08-17 12:00:00,2094,8,17,NA,25.0041391747535,34.568260427937
2094-08-18 12:00:00,2094,8,18,NA,24.4156078136665,34.0110322996038
2094-08-19 12:00:00,2094,8,19,NA,25.9106079869121,32.2581423379198
2094-08-20 12:00:00,2094,8,20,NA,29.3756403241085,32.3696791578784
2094-08-21 12:00:00,2094,8,21,NA,25.3077354936424,32.5320224064071
2094-08-22 12:00:00,2094,8,22,NA,25.5867109222785,33.2637102469798
2094-08-23 12:00:00,2094,8,23,NA,26.3823248020907,34.6797237008377
2094-08-24 12:00:00,2094,8,24,NA,24.4706536299605,35.027518806138
2094-08-25 12:00:00,2094,8,25,NA,24.5258229560268,35.0807381160421
2094-08-26 12:00:00,2094,8,26,NA,25.3727389125631,34.9104436865998
2094-08-27 12:00:00,2094,8,27,NA,27.4155205836791,33.5677089809673
2094-08-28 12:00:00,2094,8,28,NA,24.240617222113,34.705497587882
2094-08-29 12:00:00,2094,8,29,NA,25.6646181974869,35.6085240394439
2094-08-30 12:00:00,2094,8,30,NA,23.2138297590039,31.4869543381799
2094-08-31 12:00:00,2094,8,31,NA,24.5693518000025,34.168346661722
2094-09-01 12:00:00,2094,9,1,NA,25.5070842891313,29.1487714287494
2094-09-02 12:00:00,2094,9,2,NA,21.1667242520167,30.5218727834426
2094-09-03 12:00:00,2094,9,3,NA,20.0880564821176,30.6315944122155
2094-09-04 12:00:00,2094,9,4,NA,19.8418359996278,29.7179871863923
2094-09-05 12:00:00,2094,9,5,NA,17.7441166549728,27.3451945525132
2094-09-06 12:00:00,2094,9,6,NA,16.4366115730734,31.3286279438884
2094-09-07 12:00:00,2094,9,7,NA,17.0827086420773,29.552971069753
2094-09-08 12:00:00,2094,9,8,NA,18.0048040972442,29.06760384123
2094-09-09 12:00:00,2094,9,9,NA,19.1492501285112,28.504576940847
2094-09-10 12:00:00,2094,9,10,NA,25.5784919781109,32.2908494049136
2094-09-11 12:00:00,2094,9,11,NA,21.5965926413397,24.2126283727939
2094-09-12 12:00:00,2094,9,12,NA,16.9501127870238,27.1384279343982
2094-09-13 12:00:00,2094,9,13,NA,17.9390138528647,23.7136566166038
2094-09-14 12:00:00,2094,9,14,NA,16.1781795641322,27.4425647388885
2094-09-15 12:00:00,2094,9,15,NA,16.6752079089436,27.5245567155377
2094-09-16 12:00:00,2094,9,16,NA,14.4967100640133,27.9639488786473
2094-09-17 12:00:00,2094,9,17,NA,14.5756141611135,28.9619665057344
2094-09-18 12:00:00,2094,9,18,NA,20.425485329932,22.3428639243555
2094-09-19 12:00:00,2094,9,19,NA,16.0378951772135,20.368599441574
2094-09-20 12:00:00,2094,9,20,NA,15.2830581010918,23.43799636403
2094-09-21 12:00:00,2094,9,21,NA,13.6205433013359,24.20332434435
2094-09-22 12:00:00,2094,9,22,NA,11.6769135415932,20.5383830063336
2094-09-23 12:00:00,2094,9,23,NA,13.1295495441233,26.5519081675369
2094-09-24 12:00:00,2094,9,24,NA,12.6114047139519,23.7491598784236
2094-09-25 12:00:00,2094,9,25,NA,14.1569716199948,25.9702957083701
2094-09-26 12:00:00,2094,9,26,NA,12.3712872367849,23.6955088226477
2094-09-27 12:00:00,2094,9,27,NA,14.7315763676215,23.7476558956464
2094-09-28 12:00:00,2094,9,28,NA,13.8193086930171,28.3166764977836
2094-09-29 12:00:00,2094,9,29,NA,15.5570678977647,27.5756485910117
2094-09-30 12:00:00,2094,9,30,NA,15.0985833898507,26.3078028805465
2094-10-01 12:00:00,2094,10,1,NA,15.4111186845092,28.1242693440952
2094-10-02 12:00:00,2094,10,2,NA,14.9924333718948,29.048016170359
2094-10-03 12:00:00,2094,10,3,NA,12.9235215701531,24.4536971755157
2094-10-04 12:00:00,2094,10,4,NA,11.5179575443469,16.376627572906
2094-10-05 12:00:00,2094,10,5,NA,13.2228942128863,21.0521731553581
2094-10-06 12:00:00,2094,10,6,NA,15.5744999998728,26.693618243136
2094-10-07 12:00:00,2094,10,7,NA,14.4720584079294,29.0090542848049
2094-10-08 12:00:00,2094,10,8,NA,17.0019107269855,29.8413024879826
2094-10-09 12:00:00,2094,10,9,NA,15.5196384203378,27.7567293575678
2094-10-10 12:00:00,2094,10,10,NA,14.5172493959096,28.7827451684379
2094-10-11 12:00:00,2094,10,11,NA,14.3256097502238,27.7344207996212
2094-10-12 12:00:00,2094,10,12,NA,14.623944732829,27.2526016490894
2094-10-13 12:00:00,2094,10,13,NA,11.9576934955108,21.142348540275
2094-10-14 12:00:00,2094,10,14,NA,10.5838348556628,24.3502734436061
2094-10-15 12:00:00,2094,10,15,NA,14.409260191071,20.4079007546322
2094-10-16 12:00:00,2094,10,16,NA,12.6586808261446,20.3400708495843
2094-10-17 12:00:00,2094,10,17,NA,10.3967802672589,23.8231610842923
2094-10-18 12:00:00,2094,10,18,NA,10.1061299487584,23.6562114729314
2094-10-19 12:00:00,2094,10,19,NA,10.0608278212734,24.1764653658556
2094-10-20 12:00:00,2094,10,20,NA,11.6655941528271,24.1609766295463
2094-10-21 12:00:00,2094,10,21,NA,11.9291857822049,25.9236599361609
2094-10-22 12:00:00,2094,10,22,NA,12.5979090544427,24.7068740001689
2094-10-23 12:00:00,2094,10,23,NA,11.3525694031775,23.0332729820789
2094-10-24 12:00:00,2094,10,24,NA,6.87009041581653,20.433848648067
2094-10-25 12:00:00,2094,10,25,NA,5.79477881242135,19.9066273308568
2094-10-26 12:00:00,2094,10,26,NA,6.84087753721471,17.053550890449
2094-10-27 12:00:00,2094,10,27,NA,5.35281108621018,15.2439902684584
2094-10-28 12:00:00,2094,10,28,NA,7.19134879958839,16.2194966750491
2094-10-29 12:00:00,2094,10,29,NA,6.65468192544331,16.9459072545969
2094-10-30 12:00:00,2094,10,30,NA,9.03111394505447,16.5688298242842
2094-10-31 12:00:00,2094,10,31,NA,7.52415434634415,21.6105454396923
2094-11-01 12:00:00,2094,11,1,NA,6.91986662670567,22.2954672975974
2094-11-02 12:00:00,2094,11,2,NA,5.96900364757477,16.865116756997
2094-11-03 12:00:00,2094,11,3,NA,6.0696682530701,11.2300987022653
2094-11-04 12:00:00,2094,11,4,NA,8.64037902243409,20.0439528479892
2094-11-05 12:00:00,2094,11,5,NA,10.0933499991431,20.460306737557
2094-11-06 12:00:00,2094,11,6,NA,7.339429642904,19.8595192305153
2094-11-07 12:00:00,2094,11,7,NA,5.50788710955922,21.1868741728986
2094-11-08 12:00:00,2094,11,8,NA,6.83061307057533,19.3805158882271
2094-11-09 12:00:00,2094,11,9,NA,7.60116234535232,17.7723926770971
2094-11-10 12:00:00,2094,11,10,NA,3.70639841177243,18.2139262328011
2094-11-11 12:00:00,2094,11,11,NA,4.16632548902155,17.653174211443
2094-11-12 12:00:00,2094,11,12,NA,6.98440663171115,16.6609159609498
2094-11-13 12:00:00,2094,11,13,NA,5.49155801865798,15.6627883504028
2094-11-14 12:00:00,2094,11,14,NA,2.61329559867219,17.9774403644326
2094-11-15 12:00:00,2094,11,15,NA,5.4806168724174,19.1232836726107
2094-11-16 12:00:00,2094,11,16,NA,4.80125602118736,18.9721887907869
2094-11-17 12:00:00,2094,11,17,NA,3.6190589379398,17.2617257381331
2094-11-18 12:00:00,2094,11,18,NA,3.01256803732629,16.8641273988032
2094-11-19 12:00:00,2094,11,19,NA,5.93022684113473,18.9890944057562
2094-11-20 12:00:00,2094,11,20,NA,5.39292434781681,18.1107437515422
2094-11-21 12:00:00,2094,11,21,NA,3.95085438793362,12.3395033220548
2094-11-22 12:00:00,2094,11,22,NA,1.36114125859931,13.9265458016626
2094-11-23 12:00:00,2094,11,23,NA,3.86065806724876,18.2359050163317
2094-11-24 12:00:00,2094,11,24,NA,6.23648208707538,18.9948879006806
2094-11-25 12:00:00,2094,11,25,NA,5.71050119518423,17.7966686826174
2094-11-26 12:00:00,2094,11,26,NA,8.18628344777189,17.3649809531106
2094-11-27 12:00:00,2094,11,27,NA,5.62519565569706,11.0438241456185
2094-11-28 12:00:00,2094,11,28,NA,-1.43386124740675,4.89149151141532
2094-11-29 12:00:00,2094,11,29,NA,-0.874407941814127,8.21711458501727
2094-11-30 12:00:00,2094,11,30,NA,-0.479471488435941,12.7987157511883
2094-12-01 12:00:00,2094,12,1,NA,4.07097960338812,15.0612358289373
2094-12-02 12:00:00,2094,12,2,NA,2.49023783118272,16.8700960092711
2094-12-03 12:00:00,2094,12,3,NA,1.99526182966325,17.5738991917871
2094-12-04 12:00:00,2094,12,4,NA,0.701048896095503,13.8455342441078
2094-12-05 12:00:00,2094,12,5,NA,2.20312356847497,16.4887923044064
2094-12-06 12:00:00,2094,12,6,NA,4.69820799572207,18.0304530381976
2094-12-07 12:00:00,2094,12,7,NA,8.6297797429687,18.2318923521324
2094-12-08 12:00:00,2094,12,8,NA,7.96632641928376,19.3519229590697
2094-12-09 12:00:00,2094,12,9,NA,8.92460608198465,14.2933235435898
2094-12-10 12:00:00,2094,12,10,NA,4.35041403000045,15.3035251943431
2094-12-11 12:00:00,2094,12,11,NA,3.90320328226031,17.9156090361039
2094-12-12 12:00:00,2094,12,12,NA,5.61192652274349,13.2505202990771
2094-12-13 12:00:00,2094,12,13,NA,3.25987197673136,12.1439606356425
2094-12-14 12:00:00,2094,12,14,NA,0.784448136936115,12.1736486752157
2094-12-15 12:00:00,2094,12,15,NA,1.37964671377546,12.768847252055
2094-12-16 12:00:00,2094,12,16,NA,-0.136468419680864,10.1820282964347
2094-12-17 12:00:00,2094,12,17,NA,3.27767253185115,13.5445057463181
2094-12-18 12:00:00,2094,12,18,NA,2.07526973637174,11.1769750454428
2094-12-19 12:00:00,2094,12,19,NA,-0.422004160831933,10.5610933728764
2094-12-20 12:00:00,2094,12,20,NA,-0.119251918925611,1.90817369441982
2094-12-21 12:00:00,2094,12,21,NA,-1.0865163694558,1.96825654898644
2094-12-22 12:00:00,2094,12,22,NA,-3.24739112840546,-1.21996551506003
2094-12-23 12:00:00,2094,12,23,NA,-1.08315295258871,6.62185769246566
2094-12-24 12:00:00,2094,12,24,NA,1.49932709153366,11.7778780769971
2094-12-25 12:00:00,2094,12,25,NA,-0.760234530001705,9.63313746447231
2094-12-26 12:00:00,2094,12,26,NA,-2.63499781556138,5.16098797121348
2094-12-27 12:00:00,2094,12,27,NA,1.3794385831781,5.42730771312482
2094-12-28 12:00:00,2094,12,28,NA,-0.171796441654965,6.90853888275968
2094-12-29 12:00:00,2094,12,29,NA,-6.47374041076934,0.200887735100908
2094-12-30 12:00:00,2094,12,30,NA,-7.38000713374716,0.584748706137057
2094-12-31 12:00:00,2094,12,31,NA,-5.98907766220936,2.15889573947247
2095-01-01 12:00:00,2095,1,1,NA,-4.99816515196206,7.77922523850557
2095-01-02 12:00:00,2095,1,2,NA,-2.72459611530807,4.10576027682676
2095-01-03 12:00:00,2095,1,3,NA,-6.0732431415447,2.02348252576124
2095-01-04 12:00:00,2095,1,4,NA,-6.16408052712421,0.722602967099594
2095-01-05 12:00:00,2095,1,5,NA,-8.53954533450651,-2.53068819348145
2095-01-06 12:00:00,2095,1,6,NA,-9.67153536984758,1.89212952428394
2095-01-07 12:00:00,2095,1,7,NA,-7.79305496294664,6.13697436107049
2095-01-08 12:00:00,2095,1,8,NA,-11.8324785888605,-2.25876859449561
2095-01-09 12:00:00,2095,1,9,NA,-7.33478508138156,-0.403288932472458
2095-01-10 12:00:00,2095,1,10,NA,-8.99528851521432,-1.81160803159244
2095-01-11 12:00:00,2095,1,11,NA,-8.75947879670925,-1.66128000091918
2095-01-12 12:00:00,2095,1,12,NA,-5.50187034904568,5.80322704813744
2095-01-13 12:00:00,2095,1,13,NA,-5.40142305605517,7.42464801627898
2095-01-14 12:00:00,2095,1,14,NA,0.999453249625314,6.97685161489686
2095-01-15 12:00:00,2095,1,15,NA,-1.75780665479872,7.32015487495471
2095-01-16 12:00:00,2095,1,16,NA,-2.00544719204224,6.60211320257982
2095-01-17 12:00:00,2095,1,17,NA,-2.0836350087527,7.0044697394757
2095-01-18 12:00:00,2095,1,18,NA,-5.22517288149312,2.82209241927787
2095-01-19 12:00:00,2095,1,19,NA,-3.80815464549628,7.9747199911452
2095-01-20 12:00:00,2095,1,20,NA,-3.34130309884072,5.43299856529108
2095-01-21 12:00:00,2095,1,21,NA,-2.54925569177176,13.8628307985795
2095-01-22 12:00:00,2095,1,22,NA,-4.83422045202312,6.31781919627644
2095-01-23 12:00:00,2095,1,23,NA,-2.98350817875854,9.26897214617929
2095-01-24 12:00:00,2095,1,24,NA,-0.62435414049414,10.6914998585167
2095-01-25 12:00:00,2095,1,25,NA,-0.30154507206371,8.79523871427141
2095-01-26 12:00:00,2095,1,26,NA,-0.0816140974308093,9.26200131060618
2095-01-27 12:00:00,2095,1,27,NA,-1.76537656706054,3.39824794768873
2095-01-28 12:00:00,2095,1,28,NA,-5.37092845351784,2.56654715685714
2095-01-29 12:00:00,2095,1,29,NA,-1.68500269885449,6.92253940418836
2095-01-30 12:00:00,2095,1,30,NA,-0.258969190692647,10.3936399105582
2095-01-31 12:00:00,2095,1,31,NA,-1.01023253038167,9.12520683633839
2095-02-01 12:00:00,2095,2,1,NA,-3.67549397440165,2.85778495147534
2095-02-02 12:00:00,2095,2,2,NA,-6.53380855759854,5.99824945290034
2095-02-03 12:00:00,2095,2,3,NA,-4.886505182554,4.62787465944085
2095-02-04 12:00:00,2095,2,4,NA,-6.67073901343504,5.31927659654302
2095-02-05 12:00:00,2095,2,5,NA,-3.22665515442918,7.02687573645643
2095-02-06 12:00:00,2095,2,6,NA,1.54421280851582,7.757105319186
2095-02-07 12:00:00,2095,2,7,NA,-2.6271671250125,6.14577432283778
2095-02-08 12:00:00,2095,2,8,NA,-4.33102176047443,7.24927257460321
2095-02-09 12:00:00,2095,2,9,NA,-3.5184526167571,3.57385332996492
2095-02-10 12:00:00,2095,2,10,NA,0.772351365428356,4.92382275838294
2095-02-11 12:00:00,2095,2,11,NA,1.29477530921737,7.0450222506325
2095-02-12 12:00:00,2095,2,12,NA,-1.37437964294771,1.85858501149629
2095-02-13 12:00:00,2095,2,13,NA,-2.21718324409503,7.08957695666898
2095-02-14 12:00:00,2095,2,14,NA,-4.0048451798428,10.1619644190271
2095-02-15 12:00:00,2095,2,15,NA,-2.79913527242947,6.63742960065643
2095-02-16 12:00:00,2095,2,16,NA,-1.45682391729332,4.16420184193048
2095-02-17 12:00:00,2095,2,17,NA,-4.22778875633473,3.09198073287287
2095-02-18 12:00:00,2095,2,18,NA,-4.2793525755685,8.27982042893423
2095-02-19 12:00:00,2095,2,19,NA,-2.11778445907758,9.37371352691759
2095-02-20 12:00:00,2095,2,20,NA,-1.61568867863882,9.96460565643883
2095-02-21 12:00:00,2095,2,21,NA,-1.60187006876204,9.16675279125016
2095-02-22 12:00:00,2095,2,22,NA,-0.667102760793743,12.6330043530777
2095-02-23 12:00:00,2095,2,23,NA,4.12367717955408,14.6960691124557
2095-02-24 12:00:00,2095,2,24,NA,4.77933342368715,15.7052105715256
2095-02-25 12:00:00,2095,2,25,NA,1.98630829382383,14.3541274109874
2095-02-26 12:00:00,2095,2,26,NA,0.99214065137599,16.6229522886042
2095-02-27 12:00:00,2095,2,27,NA,-0.227251364388796,12.26455575717
2095-02-28 12:00:00,2095,2,28,NA,-1.11685026020865,11.5184125248058
2095-03-01 12:00:00,2095,3,1,NA,-5.03716393527883,2.92430509550645
2095-03-02 12:00:00,2095,3,2,NA,-5.09330887174083,5.78249700157218
2095-03-03 12:00:00,2095,3,3,NA,-3.62080936180628,3.36615569175998
2095-03-04 12:00:00,2095,3,4,NA,-2.74514714462165,8.95407181266567
2095-03-05 12:00:00,2095,3,5,NA,-3.45412930150951,3.81553148446778
2095-03-06 12:00:00,2095,3,6,NA,-0.989546987366945,9.41862054426188
2095-03-07 12:00:00,2095,3,7,NA,-1.8874093222154,11.9355290469922
2095-03-08 12:00:00,2095,3,8,NA,0.760694253971923,14.5041532342727
2095-03-09 12:00:00,2095,3,9,NA,3.21792896875894,12.6078186179856
2095-03-10 12:00:00,2095,3,10,NA,4.45896166789247,9.3435364081018
2095-03-11 12:00:00,2095,3,11,NA,0.44027672105916,13.0298533746082
2095-03-12 12:00:00,2095,3,12,NA,-1.19749554864412,14.064620335995
2095-03-13 12:00:00,2095,3,13,NA,-0.551592633249548,17.753519651369
2095-03-14 12:00:00,2095,3,14,NA,2.24833946435982,17.2059946661774
2095-03-15 12:00:00,2095,3,15,NA,3.80226652296801,14.4225507856614
2095-03-16 12:00:00,2095,3,16,NA,3.44215843575292,7.31759709733613
2095-03-17 12:00:00,2095,3,17,NA,0.305159435694916,5.19472188421691
2095-03-18 12:00:00,2095,3,18,NA,-3.27121340185482,11.3585425176477
2095-03-19 12:00:00,2095,3,19,NA,-3.06425160312372,13.8263797029676
2095-03-20 12:00:00,2095,3,20,NA,2.81555254493265,5.99119328665043
2095-03-21 12:00:00,2095,3,21,NA,4.602628179729,6.9944684293945
2095-03-22 12:00:00,2095,3,22,NA,4.44835847112265,11.7234820196515
2095-03-23 12:00:00,2095,3,23,NA,3.80362773725001,12.8498029897661
2095-03-24 12:00:00,2095,3,24,NA,6.12004472286882,16.504762199578
2095-03-25 12:00:00,2095,3,25,NA,3.48687812618049,11.4743241724673
2095-03-26 12:00:00,2095,3,26,NA,2.87120172273084,16.0431736662035
2095-03-27 12:00:00,2095,3,27,NA,2.31832747137447,16.2202311560271
2095-03-28 12:00:00,2095,3,28,NA,0.519238106853321,9.26828069191448
2095-03-29 12:00:00,2095,3,29,NA,1.68881211287932,8.04619634439071
2095-03-30 12:00:00,2095,3,30,NA,2.43286015218576,10.0876059044839
2095-03-31 12:00:00,2095,3,31,NA,3.15216711119883,14.4431456831461
2095-04-01 12:00:00,2095,4,1,NA,4.49095274851222,10.7494719120592
2095-04-02 12:00:00,2095,4,2,NA,5.56912143714794,13.5056673882037
2095-04-03 12:00:00,2095,4,3,NA,4.15725736233644,11.6688127816412
2095-04-04 12:00:00,2095,4,4,NA,6.24629866824916,17.1688398509838
2095-04-05 12:00:00,2095,4,5,NA,4.57521962006182,12.9573675544854
2095-04-06 12:00:00,2095,4,6,NA,7.25020765670073,15.3095577266191
2095-04-07 12:00:00,2095,4,7,NA,7.72618990906251,15.6883713036242
2095-04-08 12:00:00,2095,4,8,NA,6.05036510150134,14.5199557592382
2095-04-09 12:00:00,2095,4,9,NA,5.08329067519143,17.5112160835476
2095-04-10 12:00:00,2095,4,10,NA,4.92293586570591,17.9844253581783
2095-04-11 12:00:00,2095,4,11,NA,5.47002428481737,17.9945879137629
2095-04-12 12:00:00,2095,4,12,NA,6.04055750837096,16.1165025180149
2095-04-13 12:00:00,2095,4,13,NA,7.58882756766604,18.2732019508863
2095-04-14 12:00:00,2095,4,14,NA,7.67036941381162,20.9344944593722
2095-04-15 12:00:00,2095,4,15,NA,8.24836255631986,21.4584968238435
2095-04-16 12:00:00,2095,4,16,NA,9.84648199292423,26.4509571819198
2095-04-17 12:00:00,2095,4,17,NA,12.0139428241944,27.0242400057273
2095-04-18 12:00:00,2095,4,18,NA,11.1860195048758,27.3353420665617
2095-04-19 12:00:00,2095,4,19,NA,11.353521692101,25.9220479672951
2095-04-20 12:00:00,2095,4,20,NA,12.5075753494369,19.1738951691007
2095-04-21 12:00:00,2095,4,21,NA,15.449989334693,24.5978060216974
2095-04-22 12:00:00,2095,4,22,NA,17.0030651321598,20.3396536149622
2095-04-23 12:00:00,2095,4,23,NA,13.4698090213805,23.3843883199765
2095-04-24 12:00:00,2095,4,24,NA,12.6864151225516,22.6260705867314
2095-04-25 12:00:00,2095,4,25,NA,11.2329067777275,24.0119146118339
2095-04-26 12:00:00,2095,4,26,NA,8.10018435004011,23.7517689399668
2095-04-27 12:00:00,2095,4,27,NA,12.2688370538106,22.1427327427774
2095-04-28 12:00:00,2095,4,28,NA,11.9459427861572,26.0534705581635
2095-04-29 12:00:00,2095,4,29,NA,10.8480357169403,19.7892313857211
2095-04-30 12:00:00,2095,4,30,NA,11.5955783656886,24.1459704187166
2095-05-01 12:00:00,2095,5,1,NA,12.8915595543521,22.7484196527648
2095-05-02 12:00:00,2095,5,2,NA,14.0220189457339,19.0162186030101
2095-05-03 12:00:00,2095,5,3,NA,10.4267969162914,20.9336850216491
2095-05-04 12:00:00,2095,5,4,NA,10.4779003479791,21.6615883094457
2095-05-05 12:00:00,2095,5,5,NA,9.59064703062853,23.026735323706
2095-05-06 12:00:00,2095,5,6,NA,11.8791650781865,26.499400038096
2095-05-07 12:00:00,2095,5,7,NA,11.3549991959563,28.851892506725
2095-05-08 12:00:00,2095,5,8,NA,11.6237835920622,26.5797602405958
2095-05-09 12:00:00,2095,5,9,NA,12.5684812506521,30.2852839521426
2095-05-10 12:00:00,2095,5,10,NA,14.6099446109209,29.7470199678698
2095-05-11 12:00:00,2095,5,11,NA,18.8887339278229,27.7304918794715
2095-05-12 12:00:00,2095,5,12,NA,13.5203493583491,26.6222340522332
2095-05-13 12:00:00,2095,5,13,NA,12.7101696599557,27.5002773180123
2095-05-14 12:00:00,2095,5,14,NA,13.7667444318543,27.3892172572244
2095-05-15 12:00:00,2095,5,15,NA,14.0836882807822,27.986944791026
2095-05-16 12:00:00,2095,5,16,NA,13.856074468019,28.2616573068479
2095-05-17 12:00:00,2095,5,17,NA,11.0482776551335,28.8227420395731
2095-05-18 12:00:00,2095,5,18,NA,13.7126655796509,31.0391688590007
2095-05-19 12:00:00,2095,5,19,NA,15.3769612154789,29.3814737654014
2095-05-20 12:00:00,2095,5,20,NA,13.9215052977748,25.9751577395592
2095-05-21 12:00:00,2095,5,21,NA,14.8218352281455,22.5383207380654
2095-05-22 12:00:00,2095,5,22,NA,20.0066557041882,22.9805309985226
2095-05-23 12:00:00,2095,5,23,NA,18.3047226288967,27.4887678331018
2095-05-24 12:00:00,2095,5,24,NA,16.2127723087988,29.5530602376814
2095-05-25 12:00:00,2095,5,25,NA,14.8388942397562,30.585183205726
2095-05-26 12:00:00,2095,5,26,NA,15.6913866739549,31.942354574411
2095-05-27 12:00:00,2095,5,27,NA,14.6656644923669,28.8288339140562
2095-05-28 12:00:00,2095,5,28,NA,21.130455217319,25.0658113122939
2095-05-29 12:00:00,2095,5,29,NA,17.8614722389407,31.5703608694002
2095-05-30 12:00:00,2095,5,30,NA,17.3292492961748,24.2832958888806
2095-05-31 12:00:00,2095,5,31,NA,15.7234049161104,24.0274520796297
2095-06-01 12:00:00,2095,6,1,NA,17.2986684788027,27.2917166202674
2095-06-02 12:00:00,2095,6,2,NA,22.3148467116285,25.1990973690008
2095-06-03 12:00:00,2095,6,3,NA,21.0076511584049,26.4962552578949
2095-06-04 12:00:00,2095,6,4,NA,20.0865652603557,27.1174934706749
2095-06-05 12:00:00,2095,6,5,NA,18.774000110848,27.2178421544745
2095-06-06 12:00:00,2095,6,6,NA,17.0518866148732,27.5066831836804
2095-06-07 12:00:00,2095,6,7,NA,15.2207456109693,32.3957605724608
2095-06-08 12:00:00,2095,6,8,NA,18.7112582587395,31.4276638008924
2095-06-09 12:00:00,2095,6,9,NA,18.4498422453095,33.9969852963136
2095-06-10 12:00:00,2095,6,10,NA,20.0639965466215,32.6000578968975
2095-06-11 12:00:00,2095,6,11,NA,19.7182320282139,33.7380239113445
2095-06-12 12:00:00,2095,6,12,NA,21.0057068589686,33.0328292189818
2095-06-13 12:00:00,2095,6,13,NA,22.2241976347468,28.1702756755288
2095-06-14 12:00:00,2095,6,14,NA,19.7727545338253,29.7511500116633
2095-06-15 12:00:00,2095,6,15,NA,19.1028824299181,30.2017762091052
2095-06-16 12:00:00,2095,6,16,NA,17.9232567340814,31.0685799655979
2095-06-17 12:00:00,2095,6,17,NA,17.2841533600059,30.9609859272878
2095-06-18 12:00:00,2095,6,18,NA,19.643168350239,33.7849642039938
2095-06-19 12:00:00,2095,6,19,NA,20.5938432706186,31.9782752009883
2095-06-20 12:00:00,2095,6,20,NA,21.3322609850799,31.2558039467082
2095-06-21 12:00:00,2095,6,21,NA,21.5462797907229,30.1251301795552
2095-06-22 12:00:00,2095,6,22,NA,20.2051660886561,30.5699307172809
2095-06-23 12:00:00,2095,6,23,NA,21.864199018906,29.9497232621121
2095-06-24 12:00:00,2095,6,24,NA,20.405532296941,33.6677763984853
2095-06-25 12:00:00,2095,6,25,NA,22.6004206041557,33.0239678837661
2095-06-26 12:00:00,2095,6,26,NA,20.9460343080706,34.9658261912012
2095-06-27 12:00:00,2095,6,27,NA,21.4417861833035,34.1851498285544
2095-06-28 12:00:00,2095,6,28,NA,21.7017544186492,33.781310172212
2095-06-29 12:00:00,2095,6,29,NA,22.4706192609717,34.3697741869331
2095-06-30 12:00:00,2095,6,30,NA,22.4285203049399,36.2921059576732
2095-07-01 12:00:00,2095,7,1,NA,23.2328286246559,36.7519914363068
2095-07-02 12:00:00,2095,7,2,NA,27.7311739002526,32.0951207862284
2095-07-03 12:00:00,2095,7,3,NA,27.703693812815,32.2700454049122
2095-07-04 12:00:00,2095,7,4,NA,23.9444022587659,26.642089574509
2095-07-05 12:00:00,2095,7,5,NA,21.0719254686743,25.4248402826586
2095-07-06 12:00:00,2095,7,6,NA,21.3394737417626,27.2863804487212
2095-07-07 12:00:00,2095,7,7,NA,22.97191563434,32.7466721927434
2095-07-08 12:00:00,2095,7,8,NA,26.0946630271895,32.379706461885
2095-07-09 12:00:00,2095,7,9,NA,24.3098106268293,35.5918606422749
2095-07-10 12:00:00,2095,7,10,NA,25.4383715200504,35.6095494924657
2095-07-11 12:00:00,2095,7,11,NA,27.1628054855381,33.9433035264646
2095-07-12 12:00:00,2095,7,12,NA,25.779534536898,34.5348559500967
2095-07-13 12:00:00,2095,7,13,NA,23.8590903031307,28.7810054403764
2095-07-14 12:00:00,2095,7,14,NA,23.8279907237416,31.078879449075
2095-07-15 12:00:00,2095,7,15,NA,24.9273031057119,31.7033843333823
2095-07-16 12:00:00,2095,7,16,NA,26.3850348824578,31.4131352157733
2095-07-17 12:00:00,2095,7,17,NA,23.044780842574,31.7371995359584
2095-07-18 12:00:00,2095,7,18,NA,24.2224779626004,33.9024825843151
2095-07-19 12:00:00,2095,7,19,NA,24.4744659595725,33.9262233270605
2095-07-20 12:00:00,2095,7,20,NA,25.5935506739642,34.105217941647
2095-07-21 12:00:00,2095,7,21,NA,22.7796888629173,28.5722379438243
2095-07-22 12:00:00,2095,7,22,NA,24.0694702627562,31.1847122763123
2095-07-23 12:00:00,2095,7,23,NA,22.2525459517424,34.1038494220367
2095-07-24 12:00:00,2095,7,24,NA,24.1074741596132,33.7574953598385
2095-07-25 12:00:00,2095,7,25,NA,25.7353416199045,33.7921615754463
2095-07-26 12:00:00,2095,7,26,NA,23.6437811942322,32.8401741460104
2095-07-27 12:00:00,2095,7,27,NA,23.266568012741,32.9544132418871
2095-07-28 12:00:00,2095,7,28,NA,23.8658524738127,35.8650841098605
2095-07-29 12:00:00,2095,7,29,NA,23.6673712937954,32.0784899964032
2095-07-30 12:00:00,2095,7,30,NA,22.873417076782,34.4838746909915
2095-07-31 12:00:00,2095,7,31,NA,23.9587406527456,33.9235900531195
2095-08-01 12:00:00,2095,8,1,NA,25.3370953638923,33.690624115287
2095-08-02 12:00:00,2095,8,2,NA,25.1985653812099,33.1547026580657
2095-08-03 12:00:00,2095,8,3,NA,25.9911131467138,35.1513901601074
2095-08-04 12:00:00,2095,8,4,NA,26.3225328352733,35.9486890704272
2095-08-05 12:00:00,2095,8,5,NA,26.0592496616128,36.2704399236888
2095-08-06 12:00:00,2095,8,6,NA,26.2783065121845,36.8421310691551
2095-08-07 12:00:00,2095,8,7,NA,26.6503210223348,36.2847846257091
2095-08-08 12:00:00,2095,8,8,NA,25.9206617673269,37.4606061847317
2095-08-09 12:00:00,2095,8,9,NA,26.0937454800804,36.2882239139542
2095-08-10 12:00:00,2095,8,10,NA,26.5534911979416,36.1879548013159
2095-08-11 12:00:00,2095,8,11,NA,24.9872033212825,33.2855880712
2095-08-12 12:00:00,2095,8,12,NA,23.0513947150738,32.6490613489595
2095-08-13 12:00:00,2095,8,13,NA,22.6414512280379,30.8218537215591
2095-08-14 12:00:00,2095,8,14,NA,26.6422718996386,30.0080180840833
2095-08-15 12:00:00,2095,8,15,NA,28.3545873027129,30.4880558050902
2095-08-16 12:00:00,2095,8,16,NA,27.2437431698469,31.9464099034918
2095-08-17 12:00:00,2095,8,17,NA,25.8756035371661,34.1487281163422
2095-08-18 12:00:00,2095,8,18,NA,26.2596005084777,29.8376843639941
2095-08-19 12:00:00,2095,8,19,NA,24.1994882671415,32.8506848205623
2095-08-20 12:00:00,2095,8,20,NA,18.5316817273962,29.0962289586312
2095-08-21 12:00:00,2095,8,21,NA,17.7489036235978,27.3457900344308
2095-08-22 12:00:00,2095,8,22,NA,16.7270175810863,27.2957534411357
2095-08-23 12:00:00,2095,8,23,NA,18.2671003674442,30.7489529547182
2095-08-24 12:00:00,2095,8,24,NA,22.7276299060698,31.2998017871632
2095-08-25 12:00:00,2095,8,25,NA,21.2945464385448,31.8525166411842
2095-08-26 12:00:00,2095,8,26,NA,21.6876536333895,29.5528948150425
2095-08-27 12:00:00,2095,8,27,NA,22.4324695012843,32.5341896461086
2095-08-28 12:00:00,2095,8,28,NA,21.8949150879822,33.4121248263369
2095-08-29 12:00:00,2095,8,29,NA,22.4529876869262,31.3395161747271
2095-08-30 12:00:00,2095,8,30,NA,24.2061864554331,32.5127240566777
2095-08-31 12:00:00,2095,8,31,NA,26.1146504774388,28.9941864630749
2095-09-01 12:00:00,2095,9,1,NA,25.1729746926788,29.1829454732838
2095-09-02 12:00:00,2095,9,2,NA,22.726813954478,29.8316468111392
2095-09-03 12:00:00,2095,9,3,NA,21.0645033603561,31.7753801783209
2095-09-04 12:00:00,2095,9,4,NA,21.316544154349,26.8074619910978
2095-09-05 12:00:00,2095,9,5,NA,18.7758838581066,29.6252326647006
2095-09-06 12:00:00,2095,9,6,NA,20.8245402547089,32.4445180104974
2095-09-07 12:00:00,2095,9,7,NA,24.1868007919037,27.1721578816176
2095-09-08 12:00:00,2095,9,8,NA,21.0931853480455,32.3716277438408
2095-09-09 12:00:00,2095,9,9,NA,19.1225472994016,30.4251272661019
2095-09-10 12:00:00,2095,9,10,NA,18.1382877415799,28.6916289698473
2095-09-11 12:00:00,2095,9,11,NA,20.3910385881983,25.782127587006
2095-09-12 12:00:00,2095,9,12,NA,20.3751971159239,29.0309870961337
2095-09-13 12:00:00,2095,9,13,NA,23.7832633781609,26.9347632836299
2095-09-14 12:00:00,2095,9,14,NA,24.819625793313,29.630454648454
2095-09-15 12:00:00,2095,9,15,NA,18.933606977354,23.574867035425
2095-09-16 12:00:00,2095,9,16,NA,18.1869526415828,28.1807768691896
2095-09-17 12:00:00,2095,9,17,NA,18.0894960913595,27.6757946008085
2095-09-18 12:00:00,2095,9,18,NA,17.0404627422638,28.5496023573969
2095-09-19 12:00:00,2095,9,19,NA,17.2868468707468,29.7467447882975
2095-09-20 12:00:00,2095,9,20,NA,18.1168994760709,29.6235312348434
2095-09-21 12:00:00,2095,9,21,NA,18.3212939205945,30.6332187510583
2095-09-22 12:00:00,2095,9,22,NA,20.7392308430181,28.6499633986271
2095-09-23 12:00:00,2095,9,23,NA,19.0571023534213,25.937046936232
2095-09-24 12:00:00,2095,9,24,NA,17.7495549127117,26.3964083928465
2095-09-25 12:00:00,2095,9,25,NA,16.4034651309178,26.9854550677643
2095-09-26 12:00:00,2095,9,26,NA,17.8631262971483,26.1476294495253
2095-09-27 12:00:00,2095,9,27,NA,13.9972505246753,27.7849934890945
2095-09-28 12:00:00,2095,9,28,NA,14.34667658574,26.940411217462
2095-09-29 12:00:00,2095,9,29,NA,13.6706321604157,24.949074556211
2095-09-30 12:00:00,2095,9,30,NA,14.1462248139777,26.2516318250336
2095-10-01 12:00:00,2095,10,1,NA,14.7370968555367,26.4858429420953
2095-10-02 12:00:00,2095,10,2,NA,14.1024849856326,25.9633190999148
2095-10-03 12:00:00,2095,10,3,NA,13.3247611524737,21.5260927262964
2095-10-04 12:00:00,2095,10,4,NA,11.2937740676527,24.0003034711536
2095-10-05 12:00:00,2095,10,5,NA,10.2435050086582,26.341298942119
2095-10-06 12:00:00,2095,10,6,NA,13.470093656633,27.0610622122862
2095-10-07 12:00:00,2095,10,7,NA,14.892683217896,28.5284608895029
2095-10-08 12:00:00,2095,10,8,NA,19.3949627849274,28.5731955174566
2095-10-09 12:00:00,2095,10,9,NA,13.0225341285311,24.537129650205
2095-10-10 12:00:00,2095,10,10,NA,10.644817119652,22.2834993257196
2095-10-11 12:00:00,2095,10,11,NA,12.9426974912579,20.4086640196391
2095-10-12 12:00:00,2095,10,12,NA,9.14195851029793,17.9846540723569
2095-10-13 12:00:00,2095,10,13,NA,9.35294784379797,22.5187485769782
2095-10-14 12:00:00,2095,10,14,NA,8.49112624568814,24.1618346306162
2095-10-15 12:00:00,2095,10,15,NA,10.3967380178728,23.2677918344343
2095-10-16 12:00:00,2095,10,16,NA,10.0595268719613,21.1938779534006
2095-10-17 12:00:00,2095,10,17,NA,10.0626194648562,25.3991252763404
2095-10-18 12:00:00,2095,10,18,NA,10.991954174218,23.3161192310754
2095-10-19 12:00:00,2095,10,19,NA,9.9982481683405,23.1214279470924
2095-10-20 12:00:00,2095,10,20,NA,9.35069567043859,22.280675968333
2095-10-21 12:00:00,2095,10,21,NA,9.16922649900153,22.9950973714314
2095-10-22 12:00:00,2095,10,22,NA,7.96195102305201,19.7066532355865
2095-10-23 12:00:00,2095,10,23,NA,8.95705018368437,19.8234066357119
2095-10-24 12:00:00,2095,10,24,NA,10.4424170445676,23.1371796194327
2095-10-25 12:00:00,2095,10,25,NA,7.23865688068798,19.6556702236007
2095-10-26 12:00:00,2095,10,26,NA,7.23702548957324,17.3324554119003
2095-10-27 12:00:00,2095,10,27,NA,4.27438841407607,13.3512581581716
2095-10-28 12:00:00,2095,10,28,NA,5.50486189638137,16.6256127388754
2095-10-29 12:00:00,2095,10,29,NA,6.99808858966757,19.4939683027246
2095-10-30 12:00:00,2095,10,30,NA,5.42338108318333,19.4789638816475
2095-10-31 12:00:00,2095,10,31,NA,6.44849090122392,18.0945296253813
2095-11-01 12:00:00,2095,11,1,NA,8.01277223966208,21.3798018235123
2095-11-02 12:00:00,2095,11,2,NA,7.21464579219326,21.6284058174657
2095-11-03 12:00:00,2095,11,3,NA,9.28546272271703,21.4212139681203
2095-11-04 12:00:00,2095,11,4,NA,8.64549113174331,12.7100334960455
2095-11-05 12:00:00,2095,11,5,NA,8.40784578279523,17.3297683457263
2095-11-06 12:00:00,2095,11,6,NA,7.56159137213376,19.1860878301528
2095-11-07 12:00:00,2095,11,7,NA,7.05633207445743,22.0633731052458
2095-11-08 12:00:00,2095,11,8,NA,7.11623202946148,13.9062746609901
2095-11-09 12:00:00,2095,11,9,NA,7.99531808121626,17.5203424036391
2095-11-10 12:00:00,2095,11,10,NA,9.15892128563286,16.0565140355407
2095-11-11 12:00:00,2095,11,11,NA,6.39956323262613,14.8942966087102
2095-11-12 12:00:00,2095,11,12,NA,3.96269824600992,8.38320149802792
2095-11-13 12:00:00,2095,11,13,NA,4.36322634678898,15.3998879863874
2095-11-14 12:00:00,2095,11,14,NA,5.93668952726543,15.7127568615706
2095-11-15 12:00:00,2095,11,15,NA,4.71686135608528,17.4863726575216
2095-11-16 12:00:00,2095,11,16,NA,0.472037374068996,11.1735971272385
2095-11-17 12:00:00,2095,11,17,NA,-0.330730866017004,6.58572466595495
2095-11-18 12:00:00,2095,11,18,NA,0.0623945364175622,12.0752440464902
2095-11-19 12:00:00,2095,11,19,NA,2.14878992063131,7.98938835017816
2095-11-20 12:00:00,2095,11,20,NA,2.39823777262643,14.1825348277864
2095-11-21 12:00:00,2095,11,21,NA,2.51204306248881,12.8730104775111
2095-11-22 12:00:00,2095,11,22,NA,-0.129224876287391,14.5479335991574
2095-11-23 12:00:00,2095,11,23,NA,-0.686783356493027,14.4983143680431
2095-11-24 12:00:00,2095,11,24,NA,1.80894975913242,16.868307051551
2095-11-25 12:00:00,2095,11,25,NA,3.82382230399036,15.475700899034
2095-11-26 12:00:00,2095,11,26,NA,1.54400489886634,13.6651970329332
2095-11-27 12:00:00,2095,11,27,NA,3.96639004805299,17.012283549331
2095-11-28 12:00:00,2095,11,28,NA,2.4554665447026,16.1509454989002
2095-11-29 12:00:00,2095,11,29,NA,8.79405721037458,13.4368226188134
2095-11-30 12:00:00,2095,11,30,NA,5.22323471098748,19.9283938313022
2095-12-01 12:00:00,2095,12,1,NA,3.63815051290527,15.5983023996795
2095-12-02 12:00:00,2095,12,2,NA,-0.0657417543688541,4.99124043463877
2095-12-03 12:00:00,2095,12,3,NA,-2.06694926473931,4.32594300446849
2095-12-04 12:00:00,2095,12,4,NA,-1.08624234923113,9.02320377442546
2095-12-05 12:00:00,2095,12,5,NA,-0.253564083485427,9.44841754822938
2095-12-06 12:00:00,2095,12,6,NA,1.17350864615951,14.5173133636622
2095-12-07 12:00:00,2095,12,7,NA,1.52998460039285,11.3023388624458
2095-12-08 12:00:00,2095,12,8,NA,0.725870088644219,14.196036165807
2095-12-09 12:00:00,2095,12,9,NA,-3.60786443699178,7.32932090174545
2095-12-10 12:00:00,2095,12,10,NA,-4.67248667138739,2.40876306842846
2095-12-11 12:00:00,2095,12,11,NA,-5.38708965926024,9.86746257356369
2095-12-12 12:00:00,2095,12,12,NA,-1.2004960606245,13.0537957251886
2095-12-13 12:00:00,2095,12,13,NA,2.21512366004111,10.4118097901928
2095-12-14 12:00:00,2095,12,14,NA,1.0149711511388,15.1646521209337
2095-12-15 12:00:00,2095,12,15,NA,3.04687392997302,17.0423361558433
2095-12-16 12:00:00,2095,12,16,NA,4.65895318839958,17.3185603650629
2095-12-17 12:00:00,2095,12,17,NA,2.43470066908821,15.3594659021616
2095-12-18 12:00:00,2095,12,18,NA,2.76497550211843,16.9930637528298
2095-12-19 12:00:00,2095,12,19,NA,5.09342798380524,14.7998029850561
2095-12-20 12:00:00,2095,12,20,NA,-0.887032566327359,9.35174038314671
2095-12-21 12:00:00,2095,12,21,NA,-0.206844324167417,11.0709382486119
2095-12-22 12:00:00,2095,12,22,NA,1.91807256286324,12.6988824348377
2095-12-23 12:00:00,2095,12,23,NA,0.263766216044688,12.515620090821
2095-12-24 12:00:00,2095,12,24,NA,0.79917602369566,11.9582393419744
2095-12-25 12:00:00,2095,12,25,NA,0.267070639429003,4.31112042358425
2095-12-26 12:00:00,2095,12,26,NA,-3.697824944394,2.24987512390464
2095-12-27 12:00:00,2095,12,27,NA,-3.69782779932634,5.95415802741479
2095-12-28 12:00:00,2095,12,28,NA,-6.56336168863959,0.392040548890484
2095-12-29 12:00:00,2095,12,29,NA,-4.02229332149617,7.099671534734
2095-12-30 12:00:00,2095,12,30,NA,-1.76026181580196,6.26507120868884
2095-12-31 12:00:00,2095,12,31,NA,-2.10146449892442,4.98236224867098
2096-01-01 12:00:00,2096,1,1,NA,-4.03045870917782,0.0742019130228533
2096-01-02 12:00:00,2096,1,2,NA,-10.130129977566,-7.48093486885339
2096-01-03 12:00:00,2096,1,3,NA,-11.9923359840254,-1.94105034116414
2096-01-04 12:00:00,2096,1,4,NA,-10.7511303251779,-0.604206738677064
2096-01-05 12:00:00,2096,1,5,NA,-9.04290057408683,1.81715351386789
2096-01-06 12:00:00,2096,1,6,NA,-5.82974470898713,5.20368859524389
2096-01-07 12:00:00,2096,1,7,NA,-2.80770060968179,6.7439388344598
2096-01-08 12:00:00,2096,1,8,NA,-1.01892898475907,8.99080001444058
2096-01-09 12:00:00,2096,1,9,NA,-1.38835940629067,11.6982050686442
2096-01-10 12:00:00,2096,1,10,NA,1.54227611000235,13.1059410041339
2096-01-11 12:00:00,2096,1,11,NA,-2.49662296104747,7.12441421390151
2096-01-12 12:00:00,2096,1,12,NA,-1.42612770611252,6.86305517686636
2096-01-13 12:00:00,2096,1,13,NA,-3.5255314250127,2.62445138694194
2096-01-14 12:00:00,2096,1,14,NA,-4.84184368488105,5.30507990161983
2096-01-15 12:00:00,2096,1,15,NA,-2.79385889321631,3.36521428844892
2096-01-16 12:00:00,2096,1,16,NA,-3.47179036430169,3.6866564545965
2096-01-17 12:00:00,2096,1,17,NA,-5.63507107560743,1.14807998099747
2096-01-18 12:00:00,2096,1,18,NA,-6.76723889321789,4.2811626443919
2096-01-19 12:00:00,2096,1,19,NA,-6.7667033765789,-0.737681867469368
2096-01-20 12:00:00,2096,1,20,NA,-7.5360399193113,1.24108870957723
2096-01-21 12:00:00,2096,1,21,NA,-7.77182731328796,4.37888878052447
2096-01-22 12:00:00,2096,1,22,NA,-6.0191471453638,0.783835319368836
2096-01-23 12:00:00,2096,1,23,NA,-6.3499999558886,5.59152551572942
2096-01-24 12:00:00,2096,1,24,NA,-3.3955272978796,5.87101287123304
2096-01-25 12:00:00,2096,1,25,NA,-1.1398024959983,11.7984501883849
2096-01-26 12:00:00,2096,1,26,NA,0.13816725121236,11.470193922916
2096-01-27 12:00:00,2096,1,27,NA,0.44612755889528,10.0360165405178
2096-01-28 12:00:00,2096,1,28,NA,-3.60719122543532,2.67104459167905
2096-01-29 12:00:00,2096,1,29,NA,-3.14532150956724,5.76509893168816
2096-01-30 12:00:00,2096,1,30,NA,-2.23580058240849,9.65058912757063
2096-01-31 12:00:00,2096,1,31,NA,-5.9400086875538,0.020302847471696
2096-02-01 12:00:00,2096,2,1,NA,-8.54081500331866,1.79170651655907
2096-02-02 12:00:00,2096,2,2,NA,-2.19562768605476,3.85263506152188
2096-02-03 12:00:00,2096,2,3,NA,-1.54708315783603,9.45657948359552
2096-02-04 12:00:00,2096,2,4,NA,-4.39902226200281,3.4140813461748
2096-02-05 12:00:00,2096,2,5,NA,-4.84999751503456,8.09712951119385
2096-02-06 12:00:00,2096,2,6,NA,-4.32601821219058,10.8402576060517
2096-02-07 12:00:00,2096,2,7,NA,-1.09245032467619,9.66866813140094
2096-02-08 12:00:00,2096,2,8,NA,2.28827105059752,13.0981750749365
2096-02-09 12:00:00,2096,2,9,NA,3.38043256497552,13.6808825244742
2096-02-10 12:00:00,2096,2,10,NA,2.6349744164575,10.062874041133
2096-02-11 12:00:00,2096,2,11,NA,0.487037185981977,7.15039850420919
2096-02-12 12:00:00,2096,2,12,NA,-2.23132916042336,11.9354804384466
2096-02-13 12:00:00,2096,2,13,NA,-3.21189251130177,13.197478212572
2096-02-14 12:00:00,2096,2,14,NA,-1.24766043283906,5.96623322718969
2096-02-15 12:00:00,2096,2,15,NA,-2.45563881132037,3.17270399547545
2096-02-16 12:00:00,2096,2,16,NA,-4.18332778279128,3.86123939756848
2096-02-17 12:00:00,2096,2,17,NA,-8.6947605959796,2.17290666345039
2096-02-18 12:00:00,2096,2,18,NA,-2.20568102914057,5.5357686173544
2096-02-19 12:00:00,2096,2,19,NA,0.35369823119082,6.58775559670978
2096-02-20 12:00:00,2096,2,20,NA,-0.518860668730898,9.75618330606451
2096-02-21 12:00:00,2096,2,21,NA,-2.34019978193592,9.64981582804214
2096-02-22 12:00:00,2096,2,22,NA,-3.11946258221939,7.88420005921216
2096-02-23 12:00:00,2096,2,23,NA,-3.9540157925685,10.2727608101602
2096-02-24 12:00:00,2096,2,24,NA,-1.4297708735449,10.5602447364332
2096-02-25 12:00:00,2096,2,25,NA,-0.6889679356696,11.9972300060273
2096-02-26 12:00:00,2096,2,26,NA,0.135594390157336,14.6428880211224
2096-02-27 12:00:00,2096,2,27,NA,3.7256499318667,14.4817032788421
2096-02-28 12:00:00,2096,2,28,NA,2.86999054433722,12.9496185474493
2096-02-29 12:00:00,2096,2,29,NA,4.4341289890902,13.0269686550819
2096-03-01 12:00:00,2096,3,1,NA,5.30512505880769,17.8508851636302
2096-03-02 12:00:00,2096,3,2,NA,6.49488667155683,16.9712163348128
2096-03-03 12:00:00,2096,3,3,NA,4.74290452775407,13.0292263120068
2096-03-04 12:00:00,2096,3,4,NA,5.01731480221737,17.2917340624752
2096-03-05 12:00:00,2096,3,5,NA,3.29004714143721,17.493684801591
2096-03-06 12:00:00,2096,3,6,NA,4.69401350991759,12.0215936614626
2096-03-07 12:00:00,2096,3,7,NA,3.66312602219641,7.35446931246275
2096-03-08 12:00:00,2096,3,8,NA,1.44591233930324,10.6552964250145
2096-03-09 12:00:00,2096,3,9,NA,0.851308547049918,7.2463647881898
2096-03-10 12:00:00,2096,3,10,NA,-1.63929489128247,10.202652601576
2096-03-11 12:00:00,2096,3,11,NA,-4.86529314159244,8.26278750720361
2096-03-12 12:00:00,2096,3,12,NA,-5.97925540457812,6.22875998901455
2096-03-13 12:00:00,2096,3,13,NA,-3.18169825132847,10.8970910045047
2096-03-14 12:00:00,2096,3,14,NA,-3.46885947244991,14.7271350540424
2096-03-15 12:00:00,2096,3,15,NA,-0.12907000801034,18.0136489569213
2096-03-16 12:00:00,2096,3,16,NA,-0.143236942721378,16.8718599958244
2096-03-17 12:00:00,2096,3,17,NA,1.15561133664063,14.8479888345658
2096-03-18 12:00:00,2096,3,18,NA,-1.91635786992708,16.5016512178492
2096-03-19 12:00:00,2096,3,19,NA,-3.34340252484136,15.2359882129033
2096-03-20 12:00:00,2096,3,20,NA,-1.69993425238356,15.9819508102524
2096-03-21 12:00:00,2096,3,21,NA,1.20898293322025,18.9832670434533
2096-03-22 12:00:00,2096,3,22,NA,1.94614897198886,23.0439438932191
2096-03-23 12:00:00,2096,3,23,NA,2.05676736030502,21.5887226504808
2096-03-24 12:00:00,2096,3,24,NA,2.95705090376466,20.6389359664006
2096-03-25 12:00:00,2096,3,25,NA,6.7317133184777,23.272035724384
2096-03-26 12:00:00,2096,3,26,NA,9.59068776940871,20.526012029797
2096-03-27 12:00:00,2096,3,27,NA,9.87208524618958,20.8074095065778
2096-03-28 12:00:00,2096,3,28,NA,9.6148323925008,24.2475405641722
2096-03-29 12:00:00,2096,3,29,NA,10.1404251597163,25.1000923493636
2096-03-30 12:00:00,2096,3,30,NA,7.33785527971081,17.2869482945085
2096-03-31 12:00:00,2096,3,31,NA,6.14237455771768,22.3326082640529
2096-04-01 12:00:00,2096,4,1,NA,7.98024460937505,25.9814279300524
2096-04-02 12:00:00,2096,4,2,NA,11.8461851416034,26.7378032625746
2096-04-03 12:00:00,2096,4,3,NA,15.3445791631186,18.6022229144098
2096-04-04 12:00:00,2096,4,4,NA,9.38590745734579,21.4658608194558
2096-04-05 12:00:00,2096,4,5,NA,9.33924343273126,22.9708596823217
2096-04-06 12:00:00,2096,4,6,NA,10.9234696647677,21.8460108475023
2096-04-07 12:00:00,2096,4,7,NA,11.8610164869117,22.3371306801832
2096-04-08 12:00:00,2096,4,8,NA,8.81331209243496,23.6760493923039
2096-04-09 12:00:00,2096,4,9,NA,9.44487817917362,21.5384833593476
2096-04-10 12:00:00,2096,4,10,NA,12.6896388528009,16.7679192049129
2096-04-11 12:00:00,2096,4,11,NA,7.7433060205398,14.5195653377858
2096-04-12 12:00:00,2096,4,12,NA,7.22080424616464,19.6092266223061
2096-04-13 12:00:00,2096,4,13,NA,6.7531716939957,21.1890707162924
2096-04-14 12:00:00,2096,4,14,NA,10.8791650697986,25.8697544501148
2096-04-15 12:00:00,2096,4,15,NA,14.9702320075726,23.577059251177
2096-04-16 12:00:00,2096,4,16,NA,12.7439521049357,21.6629145410768
2096-04-17 12:00:00,2096,4,17,NA,8.35419564678575,15.9298006257587
2096-04-18 12:00:00,2096,4,18,NA,7.82445863751979,20.3101320156487
2096-04-19 12:00:00,2096,4,19,NA,8.51129976747706,12.7134298035439
2096-04-20 12:00:00,2096,4,20,NA,5.08252882618313,18.8360861950893
2096-04-21 12:00:00,2096,4,21,NA,4.80973354402471,21.6530354143546
2096-04-22 12:00:00,2096,4,22,NA,4.02757134431384,15.95087431107
2096-04-23 12:00:00,2096,4,23,NA,3.00907137950339,18.2723621426839
2096-04-24 12:00:00,2096,4,24,NA,4.28381608100371,22.7148119956551
2096-04-25 12:00:00,2096,4,25,NA,5.45258598597231,22.2209459718375
2096-04-26 12:00:00,2096,4,26,NA,5.54093924201473,21.8207405724235
2096-04-27 12:00:00,2096,4,27,NA,7.09973054815179,24.9871483002986
2096-04-28 12:00:00,2096,4,28,NA,9.06324730727909,23.8503054917338
2096-04-29 12:00:00,2096,4,29,NA,-3.48654197030367,20.0070889835482
2096-04-30 12:00:00,2096,4,30,NA,-1.98635519337618,21.5072757604757
2096-05-01 12:00:00,2096,5,1,NA,6.80936273082771,20.7079298145075
2096-05-02 12:00:00,2096,5,2,NA,8.73513592552614,23.9062835106267
2096-05-03 12:00:00,2096,5,3,NA,14.8109636102508,20.7583972534784
2096-05-04 12:00:00,2096,5,4,NA,15.0097308605108,21.2156146733007
2096-05-05 12:00:00,2096,5,5,NA,10.9227821777148,24.1189888692785
2096-05-06 12:00:00,2096,5,6,NA,11.7026327249998,24.3055211361435
2096-05-07 12:00:00,2096,5,7,NA,13.398593640391,25.142211787554
2096-05-08 12:00:00,2096,5,8,NA,11.978074020918,27.6978228595774
2096-05-09 12:00:00,2096,5,9,NA,11.2172575338749,27.6401562585737
2096-05-10 12:00:00,2096,5,10,NA,13.0851488863235,25.4235254558417
2096-05-11 12:00:00,2096,5,11,NA,12.7682876113462,19.3971020263371
2096-05-12 12:00:00,2096,5,12,NA,11.0986423804884,22.7906017702095
2096-05-13 12:00:00,2096,5,13,NA,11.0116414054923,27.2577080875884
2096-05-14 12:00:00,2096,5,14,NA,10.4046133019972,21.6542271365708
2096-05-15 12:00:00,2096,5,15,NA,8.31517649360535,22.6121709220486
2096-05-16 12:00:00,2096,5,16,NA,8.10178724965878,22.7698326807492
2096-05-17 12:00:00,2096,5,17,NA,10.1770981802554,23.9933918531639
2096-05-18 12:00:00,2096,5,18,NA,9.71610018055161,24.5114672132973
2096-05-19 12:00:00,2096,5,19,NA,14.1087768850943,20.3785545641149
2096-05-20 12:00:00,2096,5,20,NA,13.5953643621661,26.2652397717884
2096-05-21 12:00:00,2096,5,21,NA,15.9921269027339,29.4282151958114
2096-05-22 12:00:00,2096,5,22,NA,15.7632441661888,28.9557870744775
2096-05-23 12:00:00,2096,5,23,NA,15.8637590940326,31.8286766574609
2096-05-24 12:00:00,2096,5,24,NA,16.4822299329257,31.6679494397857
2096-05-25 12:00:00,2096,5,25,NA,16.9744599162214,33.120401009198
2096-05-26 12:00:00,2096,5,26,NA,17.7337853172681,32.6897619658018
2096-05-27 12:00:00,2096,5,27,NA,17.8577395373118,30.5814465699534
2096-05-28 12:00:00,2096,5,28,NA,16.2740555212614,28.3950054230055
2096-05-29 12:00:00,2096,5,29,NA,15.6932729552632,30.4590643546269
2096-05-30 12:00:00,2096,5,30,NA,17.2997760827477,25.140921258917
2096-05-31 12:00:00,2096,5,31,NA,21.2339940834079,23.7847025065154
2096-06-01 12:00:00,2096,6,1,NA,16.9175242222384,26.5904840013317
2096-06-02 12:00:00,2096,6,2,NA,17.3311893331809,26.1796256891029
2096-06-03 12:00:00,2096,6,3,NA,16.1911761644073,27.2591968110465
2096-06-04 12:00:00,2096,6,4,NA,17.1936871564456,29.0905415485003
2096-06-05 12:00:00,2096,6,5,NA,20.772849911268,29.9919556106249
2096-06-06 12:00:00,2096,6,6,NA,23.2806869616372,29.1453465499694
2096-06-07 12:00:00,2096,6,7,NA,21.1672678980609,25.7118667549894
2096-06-08 12:00:00,2096,6,8,NA,18.4662511556752,27.3428664246925
2096-06-09 12:00:00,2096,6,9,NA,16.4374952396522,24.4814745205759
2096-06-10 12:00:00,2096,6,10,NA,17.8940463739365,25.2286009113123
2096-06-11 12:00:00,2096,6,11,NA,18.275667735694,26.3596800372536
2096-06-12 12:00:00,2096,6,12,NA,18.1840229399218,29.2301933894347
2096-06-13 12:00:00,2096,6,13,NA,19.6472836108534,24.9295022467543
2096-06-14 12:00:00,2096,6,14,NA,16.9269717078145,28.6798821247438
2096-06-15 12:00:00,2096,6,15,NA,18.3021324861356,29.3762823423207
2096-06-16 12:00:00,2096,6,16,NA,17.8943971951302,31.4849959247371
2096-06-17 12:00:00,2096,6,17,NA,19.5748583149519,29.9957159529099
2096-06-18 12:00:00,2096,6,18,NA,20.3470880408981,28.4326541372813
2096-06-19 12:00:00,2096,6,19,NA,20.2401384344209,28.4118565973525
2096-06-20 12:00:00,2096,6,20,NA,18.7771987226075,30.1758460563158
2096-06-21 12:00:00,2096,6,21,NA,18.3289994752563,31.674320808233
2096-06-22 12:00:00,2096,6,22,NA,19.4375038155706,31.8614647380647
2096-06-23 12:00:00,2096,6,23,NA,19.6300503368541,32.632799641939
2096-06-24 12:00:00,2096,6,24,NA,22.2120596744188,35.0453649109069
2096-06-25 12:00:00,2096,6,25,NA,22.2614892551246,32.6070913966411
2096-06-26 12:00:00,2096,6,26,NA,20.8583785034145,33.0121585439449
2096-06-27 12:00:00,2096,6,27,NA,21.2889069102953,34.2916562153801
2096-06-28 12:00:00,2096,6,28,NA,23.5495020152941,30.2602631004653
2096-06-29 12:00:00,2096,6,29,NA,22.0911962743906,29.221378544713
2096-06-30 12:00:00,2096,6,30,NA,22.0563190793762,30.1339679917326
2096-07-01 12:00:00,2096,7,1,NA,21.8588964675757,30.9617387363599
2096-07-02 12:00:00,2096,7,2,NA,21.6894120917898,32.453648597002
2096-07-03 12:00:00,2096,7,3,NA,23.320466594011,33.72839670144
2096-07-04 12:00:00,2096,7,4,NA,23.7274636551985,33.6475415668211
2096-07-05 12:00:00,2096,7,5,NA,24.8671680343799,35.604237149642
2096-07-06 12:00:00,2096,7,6,NA,26.7331050052063,32.6981159536166
2096-07-07 12:00:00,2096,7,7,NA,26.0782368867299,34.0754279248196
2096-07-08 12:00:00,2096,7,8,NA,25.000887185856,34.5731561680526
2096-07-09 12:00:00,2096,7,9,NA,28.780825661336,34.6244657042342
2096-07-10 12:00:00,2096,7,10,NA,28.1762706332748,31.1330914416553
2096-07-11 12:00:00,2096,7,11,NA,25.0212125318253,32.8421864998776
2096-07-12 12:00:00,2096,7,12,NA,25.3814370097408,32.4582454984017
2096-07-13 12:00:00,2096,7,13,NA,25.5157252820567,34.3776320213018
2096-07-14 12:00:00,2096,7,14,NA,25.336384238283,35.196796623092
2096-07-15 12:00:00,2096,7,15,NA,24.9418675986717,33.6500198592991
2096-07-16 12:00:00,2096,7,16,NA,22.1243027902105,30.1811227457523
2096-07-17 12:00:00,2096,7,17,NA,21.8576149753636,28.1403218107094
2096-07-18 12:00:00,2096,7,18,NA,20.6464829219688,28.2791516982865
2096-07-19 12:00:00,2096,7,19,NA,23.5763517011604,29.282742998516
2096-07-20 12:00:00,2096,7,20,NA,22.5954009015905,27.9253858698976
2096-07-21 12:00:00,2096,7,21,NA,22.7433647285394,28.988292091623
2096-07-22 12:00:00,2096,7,22,NA,23.4660167065551,30.8009832982782
2096-07-23 12:00:00,2096,7,23,NA,20.3385029071456,28.1083449687646
2096-07-24 12:00:00,2096,7,24,NA,21.6391799739548,32.044526767929
2096-07-25 12:00:00,2096,7,25,NA,22.0793279202673,33.6109173691955
2096-07-26 12:00:00,2096,7,26,NA,22.6070131231233,28.4612611920222
2096-07-27 12:00:00,2096,7,27,NA,22.3808112333931,31.1054180385217
2096-07-28 12:00:00,2096,7,28,NA,21.571573931475,31.5364233318489
2096-07-29 12:00:00,2096,7,29,NA,22.3750972572603,32.0739479445785
2096-07-30 12:00:00,2096,7,30,NA,20.4848433029981,27.0874000606566
2096-07-31 12:00:00,2096,7,31,NA,18.1553899932836,26.592095791922
2096-08-01 12:00:00,2096,8,1,NA,16.060204635778,28.7629247307771
2096-08-02 12:00:00,2096,8,2,NA,22.0031849441516,30.8836323815057
2096-08-03 12:00:00,2096,8,3,NA,21.5938577511917,32.0255727258083
2096-08-04 12:00:00,2096,8,4,NA,22.4445962439228,31.5437328773973
2096-08-05 12:00:00,2096,8,5,NA,22.3065446493931,33.1063001718229
2096-08-06 12:00:00,2096,8,6,NA,23.4803335375769,32.2307065270203
2096-08-07 12:00:00,2096,8,7,NA,23.1000258870481,30.217551961865
2096-08-08 12:00:00,2096,8,8,NA,24.6359830609403,33.3382495589803
2096-08-09 12:00:00,2096,8,9,NA,24.4118910512883,34.625641597558
2096-08-10 12:00:00,2096,8,10,NA,24.513067804641,34.8874125819478
2096-08-11 12:00:00,2096,8,11,NA,26.8371948516527,34.8562249432456
2096-08-12 12:00:00,2096,8,12,NA,25.9501475415483,36.5146947727833
2096-08-13 12:00:00,2096,8,13,NA,25.4729659988925,35.4520255252498
2096-08-14 12:00:00,2096,8,14,NA,25.6275504630605,33.6920841190893
2096-08-15 12:00:00,2096,8,15,NA,25.6996378345175,34.3428671101618
2096-08-16 12:00:00,2096,8,16,NA,24.3850787279057,34.9126759052885
2096-08-17 12:00:00,2096,8,17,NA,26.3591461938548,33.0778028449302
2096-08-18 12:00:00,2096,8,18,NA,24.3840986386682,34.9514797843513
2096-08-19 12:00:00,2096,8,19,NA,24.1551784709068,34.6873812698025
2096-08-20 12:00:00,2096,8,20,NA,24.1188523121745,34.7051905864468
2096-08-21 12:00:00,2096,8,21,NA,24.4113593496679,33.991961386893
2096-08-22 12:00:00,2096,8,22,NA,23.700758658132,34.3741083136737
2096-08-23 12:00:00,2096,8,23,NA,24.3499618759127,33.9051994271541
2096-08-24 12:00:00,2096,8,24,NA,25.969223083839,32.6863159438262
2096-08-25 12:00:00,2096,8,25,NA,27.9877694876307,34.4002580945506
2096-08-26 12:00:00,2096,8,26,NA,27.5179176718015,31.7324213692159
2096-08-27 12:00:00,2096,8,27,NA,25.1565975778173,31.2000652463885
2096-08-28 12:00:00,2096,8,28,NA,20.9798028130761,24.5578866685926
2096-08-29 12:00:00,2096,8,29,NA,21.6736131003164,29.2811604452803
2096-08-30 12:00:00,2096,8,30,NA,20.4371254798463,25.3549977311114
2096-08-31 12:00:00,2096,8,31,NA,18.3468722922716,26.9864203370815
2096-09-01 12:00:00,2096,9,1,NA,17.0478168134339,24.1653428882509
2096-09-02 12:00:00,2096,9,2,NA,16.9343875526385,23.0816595934094
2096-09-03 12:00:00,2096,9,3,NA,14.4034948402716,26.7310019166596
2096-09-04 12:00:00,2096,9,4,NA,16.7701786804898,27.3172701606524
2096-09-05 12:00:00,2096,9,5,NA,16.2729239873176,26.1979792933286
2096-09-06 12:00:00,2096,9,6,NA,17.0957469464617,26.6978203741895
2096-09-07 12:00:00,2096,9,7,NA,19.5304035548096,27.9035887345962
2096-09-08 12:00:00,2096,9,8,NA,20.4446616151444,27.4955374992629
2096-09-09 12:00:00,2096,9,9,NA,20.6422326604581,25.9231727420781
2096-09-10 12:00:00,2096,9,10,NA,18.2549559489115,27.5463482692397
2096-09-11 12:00:00,2096,9,11,NA,19.1526031230306,30.0916369272646
2096-09-12 12:00:00,2096,9,12,NA,19.2987580337904,31.0779575519603
2096-09-13 12:00:00,2096,9,13,NA,18.3807637468336,30.7455870020427
2096-09-14 12:00:00,2096,9,14,NA,17.6894212440695,31.0228079896949
2096-09-15 12:00:00,2096,9,15,NA,18.6387182646063,28.2636405296662
2096-09-16 12:00:00,2096,9,16,NA,19.4632977612582,27.8364829410448
2096-09-17 12:00:00,2096,9,17,NA,15.5567128529304,28.2698635125165
2096-09-18 12:00:00,2096,9,18,NA,15.1391431437992,30.1346672765747
2096-09-19 12:00:00,2096,9,19,NA,13.7310075025765,30.0314131464298
2096-09-20 12:00:00,2096,9,20,NA,15.660378058841,30.0441674539249
2096-09-21 12:00:00,2096,9,21,NA,16.0742659403731,29.1500487259513
2096-09-22 12:00:00,2096,9,22,NA,17.4989976206143,29.9663235705333
2096-09-23 12:00:00,2096,9,23,NA,19.8275442174735,31.6001051429084
2096-09-24 12:00:00,2096,9,24,NA,22.823761043779,26.4008604600013
2096-09-25 12:00:00,2096,9,25,NA,21.5185194155739,23.4366479520749
2096-09-26 12:00:00,2096,9,26,NA,19.020372161702,25.9582319574385
2096-09-27 12:00:00,2096,9,27,NA,20.9628765191729,22.8298057326924
2096-09-28 12:00:00,2096,9,28,NA,18.792677018224,29.3398099636879
2096-09-29 12:00:00,2096,9,29,NA,17.7588783814794,29.1232560257149
2096-09-30 12:00:00,2096,9,30,NA,17.1677188115288,28.9622459868685
2096-10-01 12:00:00,2096,10,1,NA,16.0740377960125,27.6125561698231
2096-10-02 12:00:00,2096,10,2,NA,14.691732529992,29.2287284068675
2096-10-03 12:00:00,2096,10,3,NA,14.9864488597768,30.4494656883722
2096-10-04 12:00:00,2096,10,4,NA,16.7344080295414,30.0103940177176
2096-10-05 12:00:00,2096,10,5,NA,14.4426891581118,27.3073896836981
2096-10-06 12:00:00,2096,10,6,NA,15.1933199766301,24.7994926495948
2096-10-07 12:00:00,2096,10,7,NA,16.7773072560115,30.3161065741277
2096-10-08 12:00:00,2096,10,8,NA,17.1458965905639,31.1826789331441
2096-10-09 12:00:00,2096,10,9,NA,15.5325717482393,30.9630576071752
2096-10-10 12:00:00,2096,10,10,NA,13.7618074351693,30.0305938790275
2096-10-11 12:00:00,2096,10,11,NA,11.4156332843062,24.8995326401314
2096-10-12 12:00:00,2096,10,12,NA,12.0378484196394,22.9663739943252
2096-10-13 12:00:00,2096,10,13,NA,12.760572741573,17.5743492076133
2096-10-14 12:00:00,2096,10,14,NA,11.9166775713914,15.7428446934413
2096-10-15 12:00:00,2096,10,15,NA,6.52978443342642,13.1206160083216
2096-10-16 12:00:00,2096,10,16,NA,4.08671048238003,18.5005817104132
2096-10-17 12:00:00,2096,10,17,NA,5.54145844397461,18.3808502049717
2096-10-18 12:00:00,2096,10,18,NA,6.65930678172541,22.7386402292268
2096-10-19 12:00:00,2096,10,19,NA,4.13455857525173,21.3776132383977
2096-10-20 12:00:00,2096,10,20,NA,7.29522767762507,20.8170116759547
2096-10-21 12:00:00,2096,10,21,NA,5.75498291765082,20.5797796197969
2096-10-22 12:00:00,2096,10,22,NA,6.07737654539498,20.4605802473526
2096-10-23 12:00:00,2096,10,23,NA,7.20908992591396,20.9962285998206
2096-10-24 12:00:00,2096,10,24,NA,6.77060628909411,19.7261517516068
2096-10-25 12:00:00,2096,10,25,NA,7.63003947720159,19.4946368164208
2096-10-26 12:00:00,2096,10,26,NA,6.42586777024781,16.0320404432125
2096-10-27 12:00:00,2096,10,27,NA,7.5744136365463,16.332279868761
2096-10-28 12:00:00,2096,10,28,NA,7.57846805171308,19.791938574681
2096-10-29 12:00:00,2096,10,29,NA,6.96167686991391,20.5254351021644
2096-10-30 12:00:00,2096,10,30,NA,6.75228817248437,23.5111885397312
2096-10-31 12:00:00,2096,10,31,NA,7.96710660214095,22.5874636059471
2096-11-01 12:00:00,2096,11,1,NA,3.51495198616607,16.0658174921436
2096-11-02 12:00:00,2096,11,2,NA,1.59739188177858,18.4541595119665
2096-11-03 12:00:00,2096,11,3,NA,4.42926573477566,22.9058978148507
2096-11-04 12:00:00,2096,11,4,NA,4.22301785953227,17.5727918039388
2096-11-05 12:00:00,2096,11,5,NA,3.61352294549552,14.4270483501833
2096-11-06 12:00:00,2096,11,6,NA,-2.42171393089915,16.2404505404607
2096-11-07 12:00:00,2096,11,7,NA,0.801812057684259,15.0780696027011
2096-11-08 12:00:00,2096,11,8,NA,2.44536658937948,16.9533742143718
2096-11-09 12:00:00,2096,11,9,NA,3.26412523201591,15.5730762879973
2096-11-10 12:00:00,2096,11,10,NA,5.40099509261363,18.1422506377441
2096-11-11 12:00:00,2096,11,11,NA,7.62785958019311,22.1358672051854
2096-11-12 12:00:00,2096,11,12,NA,6.39862884530093,14.8911716834034
2096-11-13 12:00:00,2096,11,13,NA,5.22875323945801,13.4212734874118
2096-11-14 12:00:00,2096,11,14,NA,4.16897412241915,19.075339733771
2096-11-15 12:00:00,2096,11,15,NA,4.13683928034665,18.6443671013753
2096-11-16 12:00:00,2096,11,16,NA,3.26975484699712,16.2060314403044
2096-11-17 12:00:00,2096,11,17,NA,4.15432427825946,16.6507517539989
2096-11-18 12:00:00,2096,11,18,NA,7.85611394360423,19.2196906748638
2096-11-19 12:00:00,2096,11,19,NA,5.3294794219702,17.7356807397666
2096-11-20 12:00:00,2096,11,20,NA,6.20369166063344,16.3749219923783
2096-11-21 12:00:00,2096,11,21,NA,6.44896805940562,15.7667404554058
2096-11-22 12:00:00,2096,11,22,NA,2.48069442378146,12.3055181728597
2096-11-23 12:00:00,2096,11,23,NA,-0.654680365473911,14.0992416956486
2096-11-24 12:00:00,2096,11,24,NA,3.31416502854376,16.780550175792
2096-11-25 12:00:00,2096,11,25,NA,4.65667985338435,9.83156082853922
2096-11-26 12:00:00,2096,11,26,NA,0.617454229556215,9.99597970132614
2096-11-27 12:00:00,2096,11,27,NA,-2.9206803026588,8.60172185911771
2096-11-28 12:00:00,2096,11,28,NA,-3.1578211566025,10.4848456435908
2096-11-29 12:00:00,2096,11,29,NA,0.923081021040633,11.2597793191929
2096-11-30 12:00:00,2096,11,30,NA,-0.194130708228419,15.5140163876438
2096-12-01 12:00:00,2096,12,1,NA,-1.42406857391411,8.86937931733775
2096-12-02 12:00:00,2096,12,2,NA,-1.23448135214101,5.84585397227363
2096-12-03 12:00:00,2096,12,3,NA,-5.88208651670702,6.07793453644618
2096-12-04 12:00:00,2096,12,4,NA,-5.07741409962994,3.75677465555549
2096-12-05 12:00:00,2096,12,5,NA,-6.04891055214082,3.15144255495108
2096-12-06 12:00:00,2096,12,6,NA,-4.22620039928058,9.42084881525346
2096-12-07 12:00:00,2096,12,7,NA,-2.2942224975074,12.7399269589381
2096-12-08 12:00:00,2096,12,8,NA,-1.25953195963459,12.5479980095516
2096-12-09 12:00:00,2096,12,9,NA,1.68810324218628,15.9372621123933
2096-12-10 12:00:00,2096,12,10,NA,2.4948614068065,15.7405967703775
2096-12-11 12:00:00,2096,12,11,NA,5.07907569031824,14.1774751072293
2096-12-12 12:00:00,2096,12,12,NA,1.90347261043784,12.0475321610974
2096-12-13 12:00:00,2096,12,13,NA,-0.355360247807832,11.9336841944501
2096-12-14 12:00:00,2096,12,14,NA,-3.0171101363799,8.21603529102513
2096-12-15 12:00:00,2096,12,15,NA,-3.4605737467575,9.78719480618029
2096-12-16 12:00:00,2096,12,16,NA,2.21854058134417,9.52988253468778
2096-12-17 12:00:00,2096,12,17,NA,-0.303602947909296,6.91034536460245
2096-12-18 12:00:00,2096,12,18,NA,-1.61745624859895,3.13959889953949
2096-12-19 12:00:00,2096,12,19,NA,-4.70257906283882,4.50399250409806
2096-12-20 12:00:00,2096,12,20,NA,-3.63195409023222,8.8231191462956
2096-12-21 12:00:00,2096,12,21,NA,-1.47287682218611,8.20220237427892
2096-12-22 12:00:00,2096,12,22,NA,-2.61956912935071,10.4650631222844
2096-12-23 12:00:00,2096,12,23,NA,3.40231701556196,12.2365057707474
2096-12-24 12:00:00,2096,12,24,NA,1.27206271716608,12.1633305632902
2096-12-25 12:00:00,2096,12,25,NA,0.00497324976032809,6.72090619057955
2096-12-26 12:00:00,2096,12,26,NA,-1.91727258168275,6.27988547742071
2096-12-27 12:00:00,2096,12,27,NA,-2.40835513219054,6.68568053385732
2096-12-28 12:00:00,2096,12,28,NA,-1.30303562093403,7.7850555392972
2096-12-29 12:00:00,2096,12,29,NA,-2.79309376067686,4.85754201575022
2096-12-30 12:00:00,2096,12,30,NA,-5.35747648321685,5.97462166031955
2096-12-31 12:00:00,2096,12,31,NA,-3.58046423755923,10.5759150413511
2097-01-01 12:00:00,2097,1,1,NA,-1.67119467596761,11.530517375894
2097-01-02 12:00:00,2097,1,2,NA,3.59799199276145,10.9832218295187
2097-01-03 12:00:00,2097,1,3,NA,3.47207217470507,9.27599315590132
2097-01-04 12:00:00,2097,1,4,NA,-0.629201630342956,5.52236003424031
2097-01-05 12:00:00,2097,1,5,NA,-2.73456830423034,6.39626697090624
2097-01-06 12:00:00,2097,1,6,NA,-5.01755888812998,3.55154963588632
2097-01-07 12:00:00,2097,1,7,NA,-3.2950156574591,5.48211297142943
2097-01-08 12:00:00,2097,1,8,NA,-4.43457609471836,4.60532951734181
2097-01-09 12:00:00,2097,1,9,NA,-3.92772051102245,5.1753707418938
2097-01-10 12:00:00,2097,1,10,NA,-4.00352426025235,7.76137555827897
2097-01-11 12:00:00,2097,1,11,NA,-2.85060324043724,6.21706507059951
2097-01-12 12:00:00,2097,1,12,NA,-2.79093314305851,7.40059995768423
2097-01-13 12:00:00,2097,1,13,NA,-7.15910544660271,3.21796608011632
2097-01-14 12:00:00,2097,1,14,NA,-7.77870709471427,1.30939765351413
2097-01-15 12:00:00,2097,1,15,NA,-6.14370687030266,7.5913633157819
2097-01-16 12:00:00,2097,1,16,NA,-8.1421850475038,2.34907967718086
2097-01-17 12:00:00,2097,1,17,NA,-7.48637500247573,-0.0384483835492211
2097-01-18 12:00:00,2097,1,18,NA,-4.44244487134918,2.01578720651431
2097-01-19 12:00:00,2097,1,19,NA,-4.55721680507764,6.09539229617318
2097-01-20 12:00:00,2097,1,20,NA,-2.95655564997631,5.82057297891222
2097-01-21 12:00:00,2097,1,21,NA,0.305908573916418,7.01040950005545
2097-01-22 12:00:00,2097,1,22,NA,-1.64659447158859,5.99520500924738
2097-01-23 12:00:00,2097,1,23,NA,-2.52467783652171,2.56446632076228
2097-01-24 12:00:00,2097,1,24,NA,-2.7621192439448,2.36772149093694
2097-01-25 12:00:00,2097,1,25,NA,-3.75346878351087,0.711441762396568
2097-01-26 12:00:00,2097,1,26,NA,-3.40108160822301,3.79846514538182
2097-01-27 12:00:00,2097,1,27,NA,-4.77157469578844,4.06531520084462
2097-01-28 12:00:00,2097,1,28,NA,-9.63811599396744,2.94025734998306
2097-01-29 12:00:00,2097,1,29,NA,-8.42237924605877,2.21608029296497
2097-01-30 12:00:00,2097,1,30,NA,-8.11825758461083,4.84362966210684
2097-01-31 12:00:00,2097,1,31,NA,-4.71575946142764,2.06739159517725
2097-02-01 12:00:00,2097,2,1,NA,-4.63788584457413,4.95200313704834
2097-02-02 12:00:00,2097,2,2,NA,-0.0760828256626134,14.179942158598
2097-02-03 12:00:00,2097,2,3,NA,4.02705309679045,13.1844715312719
2097-02-04 12:00:00,2097,2,4,NA,1.85810260657053,11.7921018911416
2097-02-05 12:00:00,2097,2,5,NA,-0.647834816200544,10.7597658079211
2097-02-06 12:00:00,2097,2,6,NA,-2.23538410011305,7.69861518445802
2097-02-07 12:00:00,2097,2,7,NA,-3.07385209208453,5.89712324748475
2097-02-08 12:00:00,2097,2,8,NA,-8.71264370701998,0.952997862600071
2097-02-09 12:00:00,2097,2,9,NA,-7.73367758424692,3.0223757627285
2097-02-10 12:00:00,2097,2,10,NA,-8.16619082653049,3.32765429768706
2097-02-11 12:00:00,2097,2,11,NA,-5.83348405181639,6.15653155816167
2097-02-12 12:00:00,2097,2,12,NA,-3.78730505827012,10.1845958925784
2097-02-13 12:00:00,2097,2,13,NA,-3.00841605736543,4.15526099584253
2097-02-14 12:00:00,2097,2,14,NA,-5.91254884712968,1.39449711942868
2097-02-15 12:00:00,2097,2,15,NA,-8.38344185761759,6.6042079973002
2097-02-16 12:00:00,2097,2,16,NA,-6.37834287978648,11.1685587367721
2097-02-17 12:00:00,2097,2,17,NA,-0.586319273544507,13.39760994647
2097-02-18 12:00:00,2097,2,18,NA,1.24416512569366,16.718562241761
2097-02-19 12:00:00,2097,2,19,NA,2.17828989030223,14.0951390748655
2097-02-20 12:00:00,2097,2,20,NA,2.66836843900454,12.0809349622366
2097-02-21 12:00:00,2097,2,21,NA,4.77722140410268,13.2318441447737
2097-02-22 12:00:00,2097,2,22,NA,4.80021260072548,16.430322410857
2097-02-23 12:00:00,2097,2,23,NA,3.62300806796957,14.3087937082236
2097-02-24 12:00:00,2097,2,24,NA,1.63213579358018,15.7989453924501
2097-02-25 12:00:00,2097,2,25,NA,1.75293018541517,12.913945890968
2097-02-26 12:00:00,2097,2,26,NA,0.06003045686007,5.9332734296813
2097-02-27 12:00:00,2097,2,27,NA,0.346021031710283,13.2435631394655
2097-02-28 12:00:00,2097,2,28,NA,2.19107002957124,13.5380345278911
2097-03-01 12:00:00,2097,3,1,NA,3.30049982070159,13.7357990956904
2097-03-02 12:00:00,2097,3,2,NA,-0.076516120650151,14.8926574766681
2097-03-03 12:00:00,2097,3,3,NA,-0.159347276928211,8.90757328305907
2097-03-04 12:00:00,2097,3,4,NA,1.80429179778847,8.40579206527292
2097-03-05 12:00:00,2097,3,5,NA,1.13985837351385,2.91004429282506
2097-03-06 12:00:00,2097,3,6,NA,-0.901508890798397,7.2059714938867
2097-03-07 12:00:00,2097,3,7,NA,-0.416790378079824,11.0577480243212
2097-03-08 12:00:00,2097,3,8,NA,2.37560966371488,13.0958369317489
2097-03-09 12:00:00,2097,3,9,NA,1.16584215735091,11.0857797658928
2097-03-10 12:00:00,2097,3,10,NA,9.6606557220044,13.8570991021201
2097-03-11 12:00:00,2097,3,11,NA,3.80798224800934,13.9662432830051
2097-03-12 12:00:00,2097,3,12,NA,3.13524639319727,18.3150623763769
2097-03-13 12:00:00,2097,3,13,NA,5.0056305052528,13.3365605016559
2097-03-14 12:00:00,2097,3,14,NA,3.5758706046631,15.3973703024636
2097-03-15 12:00:00,2097,3,15,NA,8.63298249420433,12.3296445986396
2097-03-16 12:00:00,2097,3,16,NA,5.98983736645848,14.1147858360154
2097-03-17 12:00:00,2097,3,17,NA,5.32245185488697,14.25745697412
2097-03-18 12:00:00,2097,3,18,NA,6.09130389936736,17.4882272185739
2097-03-19 12:00:00,2097,3,19,NA,5.8310976367066,16.7872063956444
2097-03-20 12:00:00,2097,3,20,NA,5.59031643165681,16.9284892012105
2097-03-21 12:00:00,2097,3,21,NA,3.52044441804633,18.3195082572237
2097-03-22 12:00:00,2097,3,22,NA,5.607907170284,18.1471294833645
2097-03-23 12:00:00,2097,3,23,NA,3.73251167740559,20.079043753024
2097-03-24 12:00:00,2097,3,24,NA,3.69437424482977,19.1093190742792
2097-03-25 12:00:00,2097,3,25,NA,4.69114338520199,17.5007041347829
2097-03-26 12:00:00,2097,3,26,NA,5.76689495032632,18.1310600406611
2097-03-27 12:00:00,2097,3,27,NA,9.80999916728393,22.9227729032288
2097-03-28 12:00:00,2097,3,28,NA,9.25180425570968,23.2829895969043
2097-03-29 12:00:00,2097,3,29,NA,9.02757824149673,21.8371389910776
2097-03-30 12:00:00,2097,3,30,NA,10.1159764742546,21.0857469483558
2097-03-31 12:00:00,2097,3,31,NA,11.6171326018538,22.574720655718
2097-04-01 12:00:00,2097,4,1,NA,11.5880150926393,15.2846771970745
2097-04-02 12:00:00,2097,4,2,NA,10.411046435339,18.4104354830538
2097-04-03 12:00:00,2097,4,3,NA,8.75876539290635,15.5387814231319
2097-04-04 12:00:00,2097,4,4,NA,9.8221490626844,17.4541037307763
2097-04-05 12:00:00,2097,4,5,NA,12.7396417278929,14.9842766770095
2097-04-06 12:00:00,2097,4,6,NA,11.0421124542958,14.6346768574196
2097-04-07 12:00:00,2097,4,7,NA,8.68668699789966,14.5826407465443
2097-04-08 12:00:00,2097,4,8,NA,7.17815676091486,17.1178122250947
2097-04-09 12:00:00,2097,4,9,NA,7.13033519201626,21.2681942388917
2097-04-10 12:00:00,2097,4,10,NA,6.28850313266041,21.9611437923801
2097-04-11 12:00:00,2097,4,11,NA,7.44295037683625,24.2633890397942
2097-04-12 12:00:00,2097,4,12,NA,6.65282000245584,21.2213462776499
2097-04-13 12:00:00,2097,4,13,NA,4.70409977321803,11.5910096957366
2097-04-14 12:00:00,2097,4,14,NA,9.3784074379719,18.3000196283397
2097-04-15 12:00:00,2097,4,15,NA,7.60682700629111,23.0560517176795
2097-04-16 12:00:00,2097,4,16,NA,8.89613073403522,18.8107100326312
2097-04-17 12:00:00,2097,4,17,NA,8.8340244447557,15.5003442644195
2097-04-18 12:00:00,2097,4,18,NA,7.5506029139537,17.2592896648133
2097-04-19 12:00:00,2097,4,19,NA,9.37740193730436,17.3139478883601
2097-04-20 12:00:00,2097,4,20,NA,10.4189793354864,24.0144213465471
2097-04-21 12:00:00,2097,4,21,NA,13.1768910230515,21.8970290120986
2097-04-22 12:00:00,2097,4,22,NA,14.2978752439155,24.9822496271357
2097-04-23 12:00:00,2097,4,23,NA,10.1371225786331,19.2849392656376
2097-04-24 12:00:00,2097,4,24,NA,9.56040904572377,22.3695074821283
2097-04-25 12:00:00,2097,4,25,NA,11.0971548041431,22.0191673301897
2097-04-26 12:00:00,2097,4,26,NA,9.21551953915075,21.1388225059069
2097-04-27 12:00:00,2097,4,27,NA,9.66518411223421,19.5390798012011
2097-04-28 12:00:00,2097,4,28,NA,7.54027024488555,20.0527797232613
2097-04-29 12:00:00,2097,4,29,NA,5.91890492684095,17.2554744620828
2097-04-30 12:00:00,2097,4,30,NA,5.11654178463658,22.5824341424501
2097-05-01 12:00:00,2097,5,1,NA,8.50729871530783,24.7031443403267
2097-05-02 12:00:00,2097,5,2,NA,10.4937743362039,23.2195793200505
2097-05-03 12:00:00,2097,5,3,NA,9.10688316677324,24.2439585237222
2097-05-04 12:00:00,2097,5,4,NA,7.05343206738339,23.6992166803041
2097-05-05 12:00:00,2097,5,5,NA,9.48672804089714,27.8080733301447
2097-05-06 12:00:00,2097,5,6,NA,11.5989972022725,27.631632263052
2097-05-07 12:00:00,2097,5,7,NA,14.4780123715203,27.1730490547309
2097-05-08 12:00:00,2097,5,8,NA,16.0202167503499,23.3552403434476
2097-05-09 12:00:00,2097,5,9,NA,13.8102257138874,24.383223440488
2097-05-10 12:00:00,2097,5,10,NA,14.3717731598438,26.0573886932237
2097-05-11 12:00:00,2097,5,11,NA,18.4594797469384,24.8191441240125
2097-05-12 12:00:00,2097,5,12,NA,13.4344721275369,24.4590934268892
2097-05-13 12:00:00,2097,5,13,NA,10.650527528653,26.5690816587166
2097-05-14 12:00:00,2097,5,14,NA,11.4379330389477,27.6889009394038
2097-05-15 12:00:00,2097,5,15,NA,13.0649121144359,27.7329575455263
2097-05-16 12:00:00,2097,5,16,NA,14.5773921746905,24.2906208042357
2097-05-17 12:00:00,2097,5,17,NA,13.2097302177461,24.076046381978
2097-05-18 12:00:00,2097,5,18,NA,12.2987436757376,26.5922893373628
2097-05-19 12:00:00,2097,5,19,NA,11.9237734412461,27.2330892896864
2097-05-20 12:00:00,2097,5,20,NA,14.8569257944812,26.3614583275241
2097-05-21 12:00:00,2097,5,21,NA,12.9066746334099,29.5634249138074
2097-05-22 12:00:00,2097,5,22,NA,13.9831881509947,28.9391647995284
2097-05-23 12:00:00,2097,5,23,NA,13.7022484412256,28.7147516152015
2097-05-24 12:00:00,2097,5,24,NA,14.9770121035061,25.1494288342847
2097-05-25 12:00:00,2097,5,25,NA,14.269370584228,22.0961350122755
2097-05-26 12:00:00,2097,5,26,NA,16.7746630180908,22.2920921843515
2097-05-27 12:00:00,2097,5,27,NA,15.7277640772378,27.60334130532
2097-05-28 12:00:00,2097,5,28,NA,13.001371973716,21.8832438401444
2097-05-29 12:00:00,2097,5,29,NA,15.177952214511,18.0125124232082
2097-05-30 12:00:00,2097,5,30,NA,16.8681212328879,19.202447020333
2097-05-31 12:00:00,2097,5,31,NA,15.9322241044597,19.5222429367634
2097-06-01 12:00:00,2097,6,1,NA,12.0957582796335,24.5590752949682
2097-06-02 12:00:00,2097,6,2,NA,15.5130735988553,24.611017756619
2097-06-03 12:00:00,2097,6,3,NA,16.5597246567383,31.707430131958
2097-06-04 12:00:00,2097,6,4,NA,16.4713881622754,31.6944175356068
2097-06-05 12:00:00,2097,6,5,NA,18.6222291607141,30.7760092012445
2097-06-06 12:00:00,2097,6,6,NA,16.4635226494402,32.5468986857961
2097-06-07 12:00:00,2097,6,7,NA,20.0124382969485,29.8548790184268
2097-06-08 12:00:00,2097,6,8,NA,21.5432616986813,28.5592159628082
2097-06-09 12:00:00,2097,6,9,NA,19.808365130361,28.7489296975664
2097-06-10 12:00:00,2097,6,10,NA,21.757037640945,25.4959862313109
2097-06-11 12:00:00,2097,6,11,NA,21.8000893824454,29.2203408788209
2097-06-12 12:00:00,2097,6,12,NA,20.6174443073759,29.1054886162545
2097-06-13 12:00:00,2097,6,13,NA,20.4797320265147,33.4008312496247
2097-06-14 12:00:00,2097,6,14,NA,19.2245330233062,30.704908966167
2097-06-15 12:00:00,2097,6,15,NA,17.9455369826559,32.0903734612105
2097-06-16 12:00:00,2097,6,16,NA,21.1490084527887,29.1416133822684
2097-06-17 12:00:00,2097,6,17,NA,19.6904325461523,29.5328732676306
2097-06-18 12:00:00,2097,6,18,NA,23.6181579352123,26.6346985188837
2097-06-19 12:00:00,2097,6,19,NA,21.1307998261519,27.6569358479708
2097-06-20 12:00:00,2097,6,20,NA,19.3095450274685,26.4988592533682
2097-06-21 12:00:00,2097,6,21,NA,21.2031745129772,28.2822503222213
2097-06-22 12:00:00,2097,6,22,NA,21.5465000849245,32.6121621849886
2097-06-23 12:00:00,2097,6,23,NA,21.9487238051368,33.0723434072203
2097-06-24 12:00:00,2097,6,24,NA,23.7366579737498,31.6400035575251
2097-06-25 12:00:00,2097,6,25,NA,23.2733497505177,29.3364431020161
2097-06-26 12:00:00,2097,6,26,NA,22.3044129923474,26.8068389647636
2097-06-27 12:00:00,2097,6,27,NA,20.0210388285034,30.7461079669594
2097-06-28 12:00:00,2097,6,28,NA,19.6729322401104,27.7505811524668
2097-06-29 12:00:00,2097,6,29,NA,19.2218763413124,28.9665540194233
2097-06-30 12:00:00,2097,6,30,NA,20.646673952797,30.6939942562542
2097-07-01 12:00:00,2097,7,1,NA,21.3492881315436,31.8997915924172
2097-07-02 12:00:00,2097,7,2,NA,22.5617478496693,26.9256947356452
2097-07-03 12:00:00,2097,7,3,NA,23.0544596409466,30.1312681296074
2097-07-04 12:00:00,2097,7,4,NA,25.7139608194177,30.3039816831984
2097-07-05 12:00:00,2097,7,5,NA,24.271416984849,31.6063835765721
2097-07-06 12:00:00,2097,7,6,NA,21.8177285963044,31.4352737950105
2097-07-07 12:00:00,2097,7,7,NA,24.0181258251213,28.9901035749042
2097-07-08 12:00:00,2097,7,8,NA,22.4893073172501,29.158949768686
2097-07-09 12:00:00,2097,7,9,NA,22.5059373098633,29.9974303063336
2097-07-10 12:00:00,2097,7,10,NA,25.993811783875,28.4212146207097
2097-07-11 12:00:00,2097,7,11,NA,24.2307210088523,30.38776237609
2097-07-12 12:00:00,2097,7,12,NA,24.008674517353,33.4431218734106
2097-07-13 12:00:00,2097,7,13,NA,20.3982702863584,26.9554925999554
2097-07-14 12:00:00,2097,7,14,NA,18.7709910684925,31.4737111634917
2097-07-15 12:00:00,2097,7,15,NA,19.4303110088902,28.2095317602525
2097-07-16 12:00:00,2097,7,16,NA,21.0385809122537,30.2428648812803
2097-07-17 12:00:00,2097,7,17,NA,21.6687647650254,29.0321691855502
2097-07-18 12:00:00,2097,7,18,NA,24.1703197784591,29.8318188645077
2097-07-19 12:00:00,2097,7,19,NA,22.328465235548,29.2951322892624
2097-07-20 12:00:00,2097,7,20,NA,23.3919091650562,33.8380355954375
2097-07-21 12:00:00,2097,7,21,NA,23.4451902595477,31.5772136742179
2097-07-22 12:00:00,2097,7,22,NA,24.001874364026,34.027232390982
2097-07-23 12:00:00,2097,7,23,NA,26.0991332016283,33.4850964921153
2097-07-24 12:00:00,2097,7,24,NA,24.9613862949408,32.6930119173195
2097-07-25 12:00:00,2097,7,25,NA,26.2538495342977,33.9080824375647
2097-07-26 12:00:00,2097,7,26,NA,28.172794551383,32.0842260830872
2097-07-27 12:00:00,2097,7,27,NA,27.3988848617195,31.5403396960196
2097-07-28 12:00:00,2097,7,28,NA,26.1237062069589,35.6959751891554
2097-07-29 12:00:00,2097,7,29,NA,25.0611289692942,35.0864869962502
2097-07-30 12:00:00,2097,7,30,NA,27.4230581275907,35.1516128421154
2097-07-31 12:00:00,2097,7,31,NA,27.0207633572213,35.0171397826647
2097-08-01 12:00:00,2097,8,1,NA,28.5428142164459,34.6313768562736
2097-08-02 12:00:00,2097,8,2,NA,27.0172067298754,37.1241234224074
2097-08-03 12:00:00,2097,8,3,NA,26.141343057321,33.8253670548331
2097-08-04 12:00:00,2097,8,4,NA,25.4895990139708,35.1240626173452
2097-08-05 12:00:00,2097,8,5,NA,26.5975912641622,36.7044281066055
2097-08-06 12:00:00,2097,8,6,NA,28.0987507058356,35.2028146137264
2097-08-07 12:00:00,2097,8,7,NA,27.9781817779512,35.7795584859782
2097-08-08 12:00:00,2097,8,8,NA,27.057458806303,36.1118568864397
2097-08-09 12:00:00,2097,8,9,NA,29.2792865580272,34.5722397922859
2097-08-10 12:00:00,2097,8,10,NA,29.7894758250663,34.009808939819
2097-08-11 12:00:00,2097,8,11,NA,27.9988948756033,30.1323633779806
2097-08-12 12:00:00,2097,8,12,NA,26.9695808740002,31.5786442985722
2097-08-13 12:00:00,2097,8,13,NA,26.0921975919333,33.7838460695498
2097-08-14 12:00:00,2097,8,14,NA,26.2506512615104,36.0494788932394
2097-08-15 12:00:00,2097,8,15,NA,25.8555849851442,36.4194095421148
2097-08-16 12:00:00,2097,8,16,NA,28.895792823103,33.9264161489596
2097-08-17 12:00:00,2097,8,17,NA,26.4307232013705,32.4780223684744
2097-08-18 12:00:00,2097,8,18,NA,25.4655551071215,32.0000367874026
2097-08-19 12:00:00,2097,8,19,NA,25.1068910085362,34.1323872555229
2097-08-20 12:00:00,2097,8,20,NA,25.1122025935052,34.9668733443118
2097-08-21 12:00:00,2097,8,21,NA,24.0036185107964,33.8798064258943
2097-08-22 12:00:00,2097,8,22,NA,20.9381445305511,27.0803345449875
2097-08-23 12:00:00,2097,8,23,NA,20.8417586118805,28.5174431877831
2097-08-24 12:00:00,2097,8,24,NA,22.7761904557964,29.5139907159478
2097-08-25 12:00:00,2097,8,25,NA,23.3636265521604,32.1775744652019
2097-08-26 12:00:00,2097,8,26,NA,22.5939737830453,32.3031420996759
2097-08-27 12:00:00,2097,8,27,NA,23.8015837040759,34.2672340544033
2097-08-28 12:00:00,2097,8,28,NA,24.1018549693973,28.9633633989815
2097-08-29 12:00:00,2097,8,29,NA,24.9768279138546,32.2011148266194
2097-08-30 12:00:00,2097,8,30,NA,26.7751243332876,29.1798707560836
2097-08-31 12:00:00,2097,8,31,NA,25.8180471501734,27.7437417173095
2097-09-01 12:00:00,2097,9,1,NA,21.4053048502293,27.2826380317384
2097-09-02 12:00:00,2097,9,2,NA,17.6023386848475,25.2724146145985
2097-09-03 12:00:00,2097,9,3,NA,18.9258239251124,29.4691158409824
2097-09-04 12:00:00,2097,9,4,NA,17.6083665171412,29.1079659403841
2097-09-05 12:00:00,2097,9,5,NA,20.3662147510446,29.6474970547063
2097-09-06 12:00:00,2097,9,6,NA,19.3206347006848,22.3116191917825
2097-09-07 12:00:00,2097,9,7,NA,19.3142782040472,23.4754643151291
2097-09-08 12:00:00,2097,9,8,NA,21.8282546190699,29.1331253458775
2097-09-09 12:00:00,2097,9,9,NA,19.5853388467588,28.2108864103762
2097-09-10 12:00:00,2097,9,10,NA,20.142565948436,30.0594258174937
2097-09-11 12:00:00,2097,9,11,NA,19.3580769037211,30.7224545479567
2097-09-12 12:00:00,2097,9,12,NA,19.6917717828365,29.0181628726762
2097-09-13 12:00:00,2097,9,13,NA,16.3828971992538,27.3820819246797
2097-09-14 12:00:00,2097,9,14,NA,14.25145849056,26.0647825789353
2097-09-15 12:00:00,2097,9,15,NA,13.6889832653938,25.0132048512566
2097-09-16 12:00:00,2097,9,16,NA,15.7972603769237,27.6045309006038
2097-09-17 12:00:00,2097,9,17,NA,14.6629916018188,30.2231878678799
2097-09-18 12:00:00,2097,9,18,NA,17.926227778399,26.5530117024537
2097-09-19 12:00:00,2097,9,19,NA,16.1666898561952,23.4715605830027
2097-09-20 12:00:00,2097,9,20,NA,14.8116408213404,21.312331719271
2097-09-21 12:00:00,2097,9,21,NA,15.1725753358185,23.5431437313821
2097-09-22 12:00:00,2097,9,22,NA,15.8383179004672,27.5375884393032
2097-09-23 12:00:00,2097,9,23,NA,16.9660067961289,28.0151286881403
2097-09-24 12:00:00,2097,9,24,NA,18.7291667904661,29.5785155970601
2097-09-25 12:00:00,2097,9,25,NA,19.3577250004196,24.9019750150111
2097-09-26 12:00:00,2097,9,26,NA,16.1183070114253,24.7506152809454
2097-09-27 12:00:00,2097,9,27,NA,17.2187470070467,23.1483684070053
2097-09-28 12:00:00,2097,9,28,NA,13.6364852045816,21.8110085660788
2097-09-29 12:00:00,2097,9,29,NA,13.6864421682237,21.3531414608795
2097-09-30 12:00:00,2097,9,30,NA,12.2866787026496,24.9998293622357
2097-10-01 12:00:00,2097,10,1,NA,12.8615530311203,26.6223316651148
2097-10-02 12:00:00,2097,10,2,NA,13.3802747164786,25.1274490472858
2097-10-03 12:00:00,2097,10,3,NA,12.0288136998552,25.664591371462
2097-10-04 12:00:00,2097,10,4,NA,11.6860138188687,22.1149548276307
2097-10-05 12:00:00,2097,10,5,NA,12.7430296593861,22.3169290104314
2097-10-06 12:00:00,2097,10,6,NA,12.6266938501663,23.7925390819303
2097-10-07 12:00:00,2097,10,7,NA,12.37006566893,20.174551452485
2097-10-08 12:00:00,2097,10,8,NA,11.6691702544997,22.2476394845282
2097-10-09 12:00:00,2097,10,9,NA,12.2799447155932,24.6305082099995
2097-10-10 12:00:00,2097,10,10,NA,15.1946608321478,23.7228269126023
2097-10-11 12:00:00,2097,10,11,NA,13.3653558607682,25.1100580733027
2097-10-12 12:00:00,2097,10,12,NA,12.4640051787992,24.3094616573969
2097-10-13 12:00:00,2097,10,13,NA,10.4927248516068,22.6591895361392
2097-10-14 12:00:00,2097,10,14,NA,10.7420035651088,19.6454814299474
2097-10-15 12:00:00,2097,10,15,NA,12.7192737601292,24.5352402304068
2097-10-16 12:00:00,2097,10,16,NA,8.7288266856021,15.6235241037057
2097-10-17 12:00:00,2097,10,17,NA,8.2669477492875,19.5637070094006
2097-10-18 12:00:00,2097,10,18,NA,9.28548104347722,22.3989787787996
2097-10-19 12:00:00,2097,10,19,NA,8.90639228721347,25.0391612052031
2097-10-20 12:00:00,2097,10,20,NA,9.81085323576337,24.6922412664797
2097-10-21 12:00:00,2097,10,21,NA,10.3946049399189,19.2732976106445
2097-10-22 12:00:00,2097,10,22,NA,5.28205163962683,18.3947393384764
2097-10-23 12:00:00,2097,10,23,NA,6.6253104774189,18.2923909229428
2097-10-24 12:00:00,2097,10,24,NA,7.91084228552551,21.474600517776
2097-10-25 12:00:00,2097,10,25,NA,10.4451550097134,22.9405374864326
2097-10-26 12:00:00,2097,10,26,NA,12.4752492829451,21.2495570497876
2097-10-27 12:00:00,2097,10,27,NA,11.5361268022291,19.9583017734038
2097-10-28 12:00:00,2097,10,28,NA,10.3247252815719,22.0718996123791
2097-10-29 12:00:00,2097,10,29,NA,8.73342502475181,19.8677761061911
2097-10-30 12:00:00,2097,10,30,NA,4.01959169295125,13.8186644849431
2097-10-31 12:00:00,2097,10,31,NA,5.04550282880573,19.267366987897
2097-11-01 12:00:00,2097,11,1,NA,2.73024767355081,23.0743410656867
2097-11-02 12:00:00,2097,11,2,NA,7.37235129921108,17.6037981444477
2097-11-03 12:00:00,2097,11,3,NA,11.058335055714,18.4129701367623
2097-11-04 12:00:00,2097,11,4,NA,7.68627525757593,24.4000185020174
2097-11-05 12:00:00,2097,11,5,NA,8.40939934633129,21.4231144307911
2097-11-06 12:00:00,2097,11,6,NA,6.64278704445506,22.9956328056155
2097-11-07 12:00:00,2097,11,7,NA,10.7343937123218,23.7400377329664
2097-11-08 12:00:00,2097,11,8,NA,9.76242639591174,22.3123292135635
2097-11-09 12:00:00,2097,11,9,NA,9.173989720844,24.1412561820383
2097-11-10 12:00:00,2097,11,10,NA,5.8919431307679,20.8857996800583
2097-11-11 12:00:00,2097,11,11,NA,6.6225319083677,21.0699396475654
2097-11-12 12:00:00,2097,11,12,NA,6.11351944873221,22.007640691593
2097-11-13 12:00:00,2097,11,13,NA,5.65401132425854,20.3311697997033
2097-11-14 12:00:00,2097,11,14,NA,4.4676507974562,19.8614181165424
2097-11-15 12:00:00,2097,11,15,NA,2.52497612895831,18.0628333987343
2097-11-16 12:00:00,2097,11,16,NA,3.18493921380866,18.51729441363
2097-11-17 12:00:00,2097,11,17,NA,4.72143261522604,18.7822134831277
2097-11-18 12:00:00,2097,11,18,NA,0.613340785911931,8.70694253631633
2097-11-19 12:00:00,2097,11,19,NA,2.36564009876741,13.6306731028
2097-11-20 12:00:00,2097,11,20,NA,3.45735229999597,15.4702018100686
2097-11-21 12:00:00,2097,11,21,NA,3.3916041533868,13.92734399388
2097-11-22 12:00:00,2097,11,22,NA,3.56155268291995,10.916676186052
2097-11-23 12:00:00,2097,11,23,NA,2.90986027154757,14.2228612897392
2097-11-24 12:00:00,2097,11,24,NA,2.33304936576996,12.458069472125
2097-11-25 12:00:00,2097,11,25,NA,-5.02208150483304,9.55299063470892
2097-11-26 12:00:00,2097,11,26,NA,-2.08542216717869,12.4279409676267
2097-11-27 12:00:00,2097,11,27,NA,0.739370449839863,11.8530626509456
2097-11-28 12:00:00,2097,11,28,NA,2.68641545482475,13.0252788172951
2097-11-29 12:00:00,2097,11,29,NA,0.629889540100455,13.0454102200512
2097-11-30 12:00:00,2097,11,30,NA,1.27140558138399,12.8360717855808
2097-12-01 12:00:00,2097,12,1,NA,1.96403503797553,20.4406671180506
2097-12-02 12:00:00,2097,12,2,NA,3.37649792526763,18.5983231296004
2097-12-03 12:00:00,2097,12,3,NA,5.30831167372119,16.6975122120008
2097-12-04 12:00:00,2097,12,4,NA,6.65465230500749,17.8190180614163
2097-12-05 12:00:00,2097,12,5,NA,5.49749257550905,14.9828976223443
2097-12-06 12:00:00,2097,12,6,NA,6.63097050633154,8.9611309060501
2097-12-07 12:00:00,2097,12,7,NA,0.520023209626149,5.58950736890368
2097-12-08 12:00:00,2097,12,8,NA,-2.26674922502292,4.52311676791364
2097-12-09 12:00:00,2097,12,9,NA,1.45192724065815,10.658498807595
2097-12-10 12:00:00,2097,12,10,NA,-4.30310294513062,-0.318316426068015
2097-12-11 12:00:00,2097,12,11,NA,-5.78368943261566,3.513741440325
2097-12-12 12:00:00,2097,12,12,NA,-0.944943839039408,5.68147780829294
2097-12-13 12:00:00,2097,12,13,NA,-1.72489416574131,10.3062566440256
2097-12-14 12:00:00,2097,12,14,NA,-5.19716535119775,4.47791384526728
2097-12-15 12:00:00,2097,12,15,NA,-5.8030794948075,3.87199970165753
2097-12-16 12:00:00,2097,12,16,NA,-5.8461827875601,7.39955257601088
2097-12-17 12:00:00,2097,12,17,NA,-4.07607632642942,2.99763929353719
2097-12-18 12:00:00,2097,12,18,NA,-4.24301310757645,3.91625326423824
2097-12-19 12:00:00,2097,12,19,NA,-4.59849469516694,0.770222766438161
2097-12-20 12:00:00,2097,12,20,NA,-6.60716294838918,1.18762741092442
2097-12-21 12:00:00,2097,12,21,NA,-6.23117537822269,1.95484488796238
2097-12-22 12:00:00,2097,12,22,NA,-4.30924154131723,7.75734273593803
2097-12-23 12:00:00,2097,12,23,NA,-3.20342429010612,6.16524381732103
2097-12-24 12:00:00,2097,12,24,NA,-5.1174778002279,0.717916260821139
2097-12-25 12:00:00,2097,12,25,NA,-3.42476077275983,5.4094279824256
2097-12-26 12:00:00,2097,12,26,NA,2.36843291833091,7.4255684940086
2097-12-27 12:00:00,2097,12,27,NA,6.99024961056275,10.5128351686638
2097-12-28 12:00:00,2097,12,28,NA,6.39791326200933,15.2100508400281
2097-12-29 12:00:00,2097,12,29,NA,1.488321511478,12.4425195150783
2097-12-30 12:00:00,2097,12,30,NA,0.338944435431232,10.6287300452185
2097-12-31 12:00:00,2097,12,31,NA,-5.20743017236844,7.0444237024079
2098-01-01 12:00:00,2098,1,1,NA,0.251089084417736,11.505631794283
2098-01-02 12:00:00,2098,1,2,NA,-3.51304996968046,0.524191073288002
2098-01-03 12:00:00,2098,1,3,NA,-4.50490847453803,1.70876083846038
2098-01-04 12:00:00,2098,1,4,NA,-5.12120320563665,6.54543829409684
2098-01-05 12:00:00,2098,1,5,NA,-5.40201601809456,4.16988860709656
2098-01-06 12:00:00,2098,1,6,NA,-4.73757736294598,6.36198632463352
2098-01-07 12:00:00,2098,1,7,NA,-0.501493532827905,5.65757964883732
2098-01-08 12:00:00,2098,1,8,NA,0.467313099778953,9.86586663156733
2098-01-09 12:00:00,2098,1,9,NA,-0.00947982490147892,7.42846177871469
2098-01-10 12:00:00,2098,1,10,NA,-5.98968984216026,0.0191672988647937
2098-01-11 12:00:00,2098,1,11,NA,-5.544776582052,-1.21041799987543
2098-01-12 12:00:00,2098,1,12,NA,-11.616464880636,-2.45569911907387
2098-01-13 12:00:00,2098,1,13,NA,-8.33373323469404,1.59777597475002
2098-01-14 12:00:00,2098,1,14,NA,-6.4949382097547,2.76934866387758
2098-01-15 12:00:00,2098,1,15,NA,-3.727753600021,5.50121518049772
2098-01-16 12:00:00,2098,1,16,NA,-3.67387006978113,8.86806961039937
2098-01-17 12:00:00,2098,1,17,NA,-3.20405299909703,10.6434903059219
2098-01-18 12:00:00,2098,1,18,NA,-2.4224483029533,9.84104950492264
2098-01-19 12:00:00,2098,1,19,NA,-1.85348688963652,7.81686815714431
2098-01-20 12:00:00,2098,1,20,NA,-0.607996338147041,8.94032803341579
2098-01-21 12:00:00,2098,1,21,NA,1.66938789908149,10.9707885816299
2098-01-22 12:00:00,2098,1,22,NA,0.543789422749727,3.94572982181434
2098-01-23 12:00:00,2098,1,23,NA,-1.97230036422117,5.16511679119175
2098-01-24 12:00:00,2098,1,24,NA,-0.969079733691206,6.81654178261534
2098-01-25 12:00:00,2098,1,25,NA,-1.62610313701021,6.40053060646128
2098-01-26 12:00:00,2098,1,26,NA,-2.34036137396349,7.92910113385976
2098-01-27 12:00:00,2098,1,27,NA,-0.993028278942884,6.04539422081477
2098-01-28 12:00:00,2098,1,28,NA,0.534543735227564,3.18373884394017
2098-01-29 12:00:00,2098,1,29,NA,-0.0999888276594678,5.9277117828796
2098-01-30 12:00:00,2098,1,30,NA,-1.59722041629293,7.80901087682283
2098-01-31 12:00:00,2098,1,31,NA,-1.2971446286515,8.12058415335163
2098-02-01 12:00:00,2098,2,1,NA,-2.46697412319958,6.78610622490712
2098-02-02 12:00:00,2098,2,2,NA,-3.57960796445779,11.5341362016067
2098-02-03 12:00:00,2098,2,3,NA,-3.83991887129417,11.2738252947703
2098-02-04 12:00:00,2098,2,4,NA,-2.98295717368471,10.4802495997732
2098-02-05 12:00:00,2098,2,5,NA,-2.32115010551466,10.0640213941698
2098-02-06 12:00:00,2098,2,6,NA,-2.51615688174585,15.2406245009197
2098-02-07 12:00:00,2098,2,7,NA,2.226825499493,12.7066346575785
2098-02-08 12:00:00,2098,2,8,NA,2.13169768048187,13.1445742871552
2098-02-09 12:00:00,2098,2,9,NA,1.88373841333564,15.0819114095559
2098-02-10 12:00:00,2098,2,10,NA,-3.28114487308446,4.52533832794818
2098-02-11 12:00:00,2098,2,11,NA,-2.96064281776973,13.5150130332824
2098-02-12 12:00:00,2098,2,12,NA,1.87001743694481,14.8171444631732
2098-02-13 12:00:00,2098,2,13,NA,1.65790329573561,15.1487164990709
2098-02-14 12:00:00,2098,2,14,NA,4.36880003850625,12.6622690349827
2098-02-15 12:00:00,2098,2,15,NA,0.279177417793312,10.574501451676
2098-02-16 12:00:00,2098,2,16,NA,-1.27669716323917,10.9512022034477
2098-02-17 12:00:00,2098,2,17,NA,-3.37425696693488,9.92585014693656
2098-02-18 12:00:00,2098,2,18,NA,-2.68110917026553,4.41542555138545
2098-02-19 12:00:00,2098,2,19,NA,-5.08975903051184,1.29990115392708
2098-02-20 12:00:00,2098,2,20,NA,-2.82371833132353,4.88361818066211
2098-02-21 12:00:00,2098,2,21,NA,-3.26086518465771,6.32200266228032
2098-02-22 12:00:00,2098,2,22,NA,-1.28882861799713,9.08398519324597
2098-02-23 12:00:00,2098,2,23,NA,-4.73590579954306,4.66433821072794
2098-02-24 12:00:00,2098,2,24,NA,-1.97023368068603,7.42236086214195
2098-02-25 12:00:00,2098,2,25,NA,-3.49688503701508,7.96439194591555
2098-02-26 12:00:00,2098,2,26,NA,-5.08118678876295,10.3221785558219
2098-02-27 12:00:00,2098,2,27,NA,-2.48578610948814,10.0060210120707
2098-02-28 12:00:00,2098,2,28,NA,-3.05154924856458,7.20017474612104
2098-03-01 12:00:00,2098,3,1,NA,-2.69425538577268,4.60949120512486
2098-03-02 12:00:00,2098,3,2,NA,-2.65415070952759,9.40326080454295
2098-03-03 12:00:00,2098,3,3,NA,-2.54006694963166,9.14208529445295
2098-03-04 12:00:00,2098,3,4,NA,-2.82791859544794,13.2061821936357
2098-03-05 12:00:00,2098,3,5,NA,-2.1942316461989,13.9558639251069
2098-03-06 12:00:00,2098,3,6,NA,-0.162645033494814,9.52414199263313
2098-03-07 12:00:00,2098,3,7,NA,1.82471694414645,13.6359644089709
2098-03-08 12:00:00,2098,3,8,NA,3.68163360911448,17.8779835346251
2098-03-09 12:00:00,2098,3,9,NA,4.0649434855102,13.2116516114668
2098-03-10 12:00:00,2098,3,10,NA,4.08403955750319,15.4678556391588
2098-03-11 12:00:00,2098,3,11,NA,4.30661991984165,20.4567154911475
2098-03-12 12:00:00,2098,3,12,NA,5.53921659730856,19.3621549665161
2098-03-13 12:00:00,2098,3,13,NA,4.49845462460213,18.5664340114741
2098-03-14 12:00:00,2098,3,14,NA,12.5673615596763,21.0857537735904
2098-03-15 12:00:00,2098,3,15,NA,10.8598357759012,17.92821488265
2098-03-16 12:00:00,2098,3,16,NA,5.8874841520012,22.037579723307
2098-03-17 12:00:00,2098,3,17,NA,4.94202881022224,17.4352560943825
2098-03-18 12:00:00,2098,3,18,NA,1.35827208276804,13.3755649744819
2098-03-19 12:00:00,2098,3,19,NA,5.33719074208563,19.5245235353381
2098-03-20 12:00:00,2098,3,20,NA,5.18605002861402,17.9865300346713
2098-03-21 12:00:00,2098,3,21,NA,4.30025673962948,19.6411985009321
2098-03-22 12:00:00,2098,3,22,NA,6.65773501922965,15.5361502821582
2098-03-23 12:00:00,2098,3,23,NA,7.79302147002179,12.7724261160502
2098-03-24 12:00:00,2098,3,24,NA,4.47785121392508,14.5374388551446
2098-03-25 12:00:00,2098,3,25,NA,5.02340570941691,12.6712375767998
2098-03-26 12:00:00,2098,3,26,NA,3.15891261318385,13.7483084394089
2098-03-27 12:00:00,2098,3,27,NA,3.1194370201864,17.986278945262
2098-03-28 12:00:00,2098,3,28,NA,4.63279621819629,16.9503288543236
2098-03-29 12:00:00,2098,3,29,NA,5.47214461906972,18.7828328441818
2098-03-30 12:00:00,2098,3,30,NA,8.12380489387714,21.0627744759729
2098-03-31 12:00:00,2098,3,31,NA,10.9697873141425,18.3914794007296
2098-04-01 12:00:00,2098,4,1,NA,9.98573176503643,18.1604800153614
2098-04-02 12:00:00,2098,4,2,NA,5.88875147980517,20.899048661338
2098-04-03 12:00:00,2098,4,3,NA,7.43035454982038,21.3773225773594
2098-04-04 12:00:00,2098,4,4,NA,6.93511270054429,20.5667289501347
2098-04-05 12:00:00,2098,4,5,NA,5.77130934646449,21.7701774041643
2098-04-06 12:00:00,2098,4,6,NA,8.63022403929601,22.3837814082021
2098-04-07 12:00:00,2098,4,7,NA,7.1606902894075,18.9359365220643
2098-04-08 12:00:00,2098,4,8,NA,5.56596286015996,18.6026102377603
2098-04-09 12:00:00,2098,4,9,NA,7.10570342840646,15.4360393765213
2098-04-10 12:00:00,2098,4,10,NA,6.18318697081387,21.9599856520646
2098-04-11 12:00:00,2098,4,11,NA,5.72136123483381,24.2852955490086
2098-04-12 12:00:00,2098,4,12,NA,10.5260956838178,19.5688799060302
2098-04-13 12:00:00,2098,4,13,NA,6.53421160467765,21.8036979234891
2098-04-14 12:00:00,2098,4,14,NA,7.79160916824693,20.5948692376488
2098-04-15 12:00:00,2098,4,15,NA,8.7451522754183,20.8768644165206
2098-04-16 12:00:00,2098,4,16,NA,9.35020309281759,23.2487701764974
2098-04-17 12:00:00,2098,4,17,NA,10.6576528789816,23.0848423001027
2098-04-18 12:00:00,2098,4,18,NA,12.4840059267879,24.7468744508398
2098-04-19 12:00:00,2098,4,19,NA,13.7073372641113,18.6420206799391
2098-04-20 12:00:00,2098,4,20,NA,14.4332345097078,16.5066278952862
2098-04-21 12:00:00,2098,4,21,NA,11.9240942170917,20.2011476886459
2098-04-22 12:00:00,2098,4,22,NA,6.35294142144515,18.0460259352059
2098-04-23 12:00:00,2098,4,23,NA,8.45591874245534,25.0242866193945
2098-04-24 12:00:00,2098,4,24,NA,7.95780268832587,21.711360057232
2098-04-25 12:00:00,2098,4,25,NA,7.81171228267385,20.8895344174545
2098-04-26 12:00:00,2098,4,26,NA,9.0082495208872,22.7618068897933
2098-04-27 12:00:00,2098,4,27,NA,11.7328165335231,30.1804152969119
2098-04-28 12:00:00,2098,4,28,NA,12.6104064156099,28.0440134041255
2098-04-29 12:00:00,2098,4,29,NA,13.5670720541016,28.2356673085592
2098-04-30 12:00:00,2098,4,30,NA,13.332680017363,29.136468816491
2098-05-01 12:00:00,2098,5,1,NA,14.7961133281038,20.7161039723963
2098-05-02 12:00:00,2098,5,2,NA,14.0456247664631,19.4835552688612
2098-05-03 12:00:00,2098,5,3,NA,13.8239279730065,20.1825124191292
2098-05-04 12:00:00,2098,5,4,NA,13.1217238166615,23.9526962108194
2098-05-05 12:00:00,2098,5,5,NA,12.4711573847147,24.9344744000494
2098-05-06 12:00:00,2098,5,6,NA,11.3130581767447,23.4214791321279
2098-05-07 12:00:00,2098,5,7,NA,11.1953844031852,22.9401032773835
2098-05-08 12:00:00,2098,5,8,NA,12.0110660237183,19.6238638539748
2098-05-09 12:00:00,2098,5,9,NA,10.3038777143034,21.199578807208
2098-05-10 12:00:00,2098,5,10,NA,9.83815078558797,22.6492227365879
2098-05-11 12:00:00,2098,5,11,NA,9.3437341402164,26.096980763369
2098-05-12 12:00:00,2098,5,12,NA,11.6087223262922,29.3831867107318
2098-05-13 12:00:00,2098,5,13,NA,14.8481874084447,25.2675769192187
2098-05-14 12:00:00,2098,5,14,NA,11.7734080527963,23.4653674425174
2098-05-15 12:00:00,2098,5,15,NA,10.4934615431948,23.3510324738744
2098-05-16 12:00:00,2098,5,16,NA,12.9543441168964,18.9313027684908
2098-05-17 12:00:00,2098,5,17,NA,12.4872885240068,19.1161029389977
2098-05-18 12:00:00,2098,5,18,NA,13.1235536386303,15.9523662138436
2098-05-19 12:00:00,2098,5,19,NA,10.0504726971061,19.8580323281981
2098-05-20 12:00:00,2098,5,20,NA,10.5979244436366,24.400661911503
2098-05-21 12:00:00,2098,5,21,NA,10.7326396514015,27.4904632946861
2098-05-22 12:00:00,2098,5,22,NA,15.7472797307353,23.6198968925403
2098-05-23 12:00:00,2098,5,23,NA,12.4696658200323,26.259434548065
2098-05-24 12:00:00,2098,5,24,NA,9.91661262864342,26.5502861166767
2098-05-25 12:00:00,2098,5,25,NA,10.3193739048336,26.8496044053207
2098-05-26 12:00:00,2098,5,26,NA,12.848571610692,26.0050727221894
2098-05-27 12:00:00,2098,5,27,NA,15.7053295737224,27.7589820155068
2098-05-28 12:00:00,2098,5,28,NA,16.4335904938041,28.6734770283118
2098-05-29 12:00:00,2098,5,29,NA,16.014473063052,19.929925457412
2098-05-30 12:00:00,2098,5,30,NA,16.6707780754939,26.3488896315288
2098-05-31 12:00:00,2098,5,31,NA,16.245804976391,26.0326776608648
2098-06-01 12:00:00,2098,6,1,NA,15.7010158916628,26.5673265098025
2098-06-02 12:00:00,2098,6,2,NA,15.0428413938069,25.7500034080414
2098-06-03 12:00:00,2098,6,3,NA,15.2028392327896,26.2896107691106
2098-06-04 12:00:00,2098,6,4,NA,16.497770178809,28.9677062909025
2098-06-05 12:00:00,2098,6,5,NA,18.4816738359491,28.9464603635279
2098-06-06 12:00:00,2098,6,6,NA,20.5345126142447,28.5837306020546
2098-06-07 12:00:00,2098,6,7,NA,22.4036972703603,29.1535036850058
2098-06-08 12:00:00,2098,6,8,NA,23.3093191750319,27.5591388252861
2098-06-09 12:00:00,2098,6,9,NA,20.5549579107454,30.256794766282
2098-06-10 12:00:00,2098,6,10,NA,21.6648214402205,30.2436718290527
2098-06-11 12:00:00,2098,6,11,NA,22.6596227298471,26.1669299755109
2098-06-12 12:00:00,2098,6,12,NA,20.5096641917458,22.9736619174213
2098-06-13 12:00:00,2098,6,13,NA,23.2604335138862,27.951956739955
2098-06-14 12:00:00,2098,6,14,NA,23.1762650725505,29.2437820431886
2098-06-15 12:00:00,2098,6,15,NA,23.4531889852029,29.6148774472729
2098-06-16 12:00:00,2098,6,16,NA,21.4656706187476,29.9206383337148
2098-06-17 12:00:00,2098,6,17,NA,22.7129151251752,32.0021038849699
2098-06-18 12:00:00,2098,6,18,NA,21.6242287986375,29.7680037489719
2098-06-19 12:00:00,2098,6,19,NA,23.5536880511366,29.0838646828028
2098-06-20 12:00:00,2098,6,20,NA,19.8673815354601,31.1705535512099
2098-06-21 12:00:00,2098,6,21,NA,23.4373983224822,26.8436922195637
2098-06-22 12:00:00,2098,6,22,NA,19.5674949664787,30.6216448670164
2098-06-23 12:00:00,2098,6,23,NA,19.354693985281,23.7105943302994
2098-06-24 12:00:00,2098,6,24,NA,18.9460877952979,28.9369354552428
2098-06-25 12:00:00,2098,6,25,NA,22.9488695120401,31.5851546705531
2098-06-26 12:00:00,2098,6,26,NA,21.4235624092421,33.5117023204008
2098-06-27 12:00:00,2098,6,27,NA,20.9414010456686,34.321816029993
2098-06-28 12:00:00,2098,6,28,NA,19.5892011542454,33.7512502933327
2098-06-29 12:00:00,2098,6,29,NA,22.6218868145655,31.6247549689955
2098-06-30 12:00:00,2098,6,30,NA,21.8205523100157,34.1822093075589
2098-07-01 12:00:00,2098,7,1,NA,23.1866780215468,31.3059471765715
2098-07-02 12:00:00,2098,7,2,NA,23.3903438000229,29.91341973044
2098-07-03 12:00:00,2098,7,3,NA,23.3211495653392,32.0726890158472
2098-07-04 12:00:00,2098,7,4,NA,22.7012824895218,30.4471734974709
2098-07-05 12:00:00,2098,7,5,NA,19.9371410070154,25.0964339708628
2098-07-06 12:00:00,2098,7,6,NA,20.6769133210393,28.3245992126079
2098-07-07 12:00:00,2098,7,7,NA,21.3589012208899,28.2940018016348
2098-07-08 12:00:00,2098,7,8,NA,22.6606922188896,31.5791115873171
2098-07-09 12:00:00,2098,7,9,NA,22.2097626632999,31.827307862006
2098-07-10 12:00:00,2098,7,10,NA,22.7432088009113,32.1341403201744
2098-07-11 12:00:00,2098,7,11,NA,23.5352710070792,32.4110094274755
2098-07-12 12:00:00,2098,7,12,NA,27.0784644961051,33.0621026457153
2098-07-13 12:00:00,2098,7,13,NA,25.3940774839652,33.3904539094086
2098-07-14 12:00:00,2098,7,14,NA,25.6372771977875,35.2249546583198
2098-07-15 12:00:00,2098,7,15,NA,23.7208649973261,33.3912533159907
2098-07-16 12:00:00,2098,7,16,NA,23.8318223211985,33.7369079081098
2098-07-17 12:00:00,2098,7,17,NA,25.1692767812933,30.0169682967695
2098-07-18 12:00:00,2098,7,18,NA,24.5095741593165,32.2897024397947
2098-07-19 12:00:00,2098,7,19,NA,24.2436367592336,33.7432321972501
2098-07-20 12:00:00,2098,7,20,NA,23.7319010800009,30.5301058930609
2098-07-21 12:00:00,2098,7,21,NA,22.0357908171716,27.1950837810191
2098-07-22 12:00:00,2098,7,22,NA,20.746394206168,29.4562563386934
2098-07-23 12:00:00,2098,7,23,NA,24.2469876084694,32.8319678998181
2098-07-24 12:00:00,2098,7,24,NA,22.1113825778654,29.8841651157025
2098-07-25 12:00:00,2098,7,25,NA,24.7653977831521,32.6288671248231
2098-07-26 12:00:00,2098,7,26,NA,25.3814566112762,32.2854294996342
2098-07-27 12:00:00,2098,7,27,NA,27.6411056501131,33.8594478699138
2098-07-28 12:00:00,2098,7,28,NA,27.5496556460149,34.5556148012531
2098-07-29 12:00:00,2098,7,29,NA,27.5541161598378,34.2241804053511
2098-07-30 12:00:00,2098,7,30,NA,26.6037430657577,34.7071104408282
2098-07-31 12:00:00,2098,7,31,NA,24.8886175751608,28.8222863539661
2098-08-01 12:00:00,2098,8,1,NA,25.6436131875104,31.9184807290188
2098-08-02 12:00:00,2098,8,2,NA,24.5823969672319,34.7768754011057
2098-08-03 12:00:00,2098,8,3,NA,25.9439902852528,34.9694865322395
2098-08-04 12:00:00,2098,8,4,NA,22.9451497498868,28.9308892820618
2098-08-05 12:00:00,2098,8,5,NA,23.8523055222426,32.6627106185083
2098-08-06 12:00:00,2098,8,6,NA,23.9874927540074,33.9141643987097
2098-08-07 12:00:00,2098,8,7,NA,23.4595591036208,31.1371082392765
2098-08-08 12:00:00,2098,8,8,NA,21.3456560533983,28.5719861967612
2098-08-09 12:00:00,2098,8,9,NA,22.2641280003189,29.2645591973157
2098-08-10 12:00:00,2098,8,10,NA,22.4155894711752,31.9708270224166
2098-08-11 12:00:00,2098,8,11,NA,25.0079318178659,32.1199067960979
2098-08-12 12:00:00,2098,8,12,NA,24.1632614760434,29.5507598503095
2098-08-13 12:00:00,2098,8,13,NA,24.3586082606098,31.0747150592569
2098-08-14 12:00:00,2098,8,14,NA,24.3522665956611,31.874871798843
2098-08-15 12:00:00,2098,8,15,NA,23.6783840791312,32.2209596481704
2098-08-16 12:00:00,2098,8,16,NA,23.8553765596231,33.8358092331943
2098-08-17 12:00:00,2098,8,17,NA,24.271838935073,34.4663173689468
2098-08-18 12:00:00,2098,8,18,NA,21.9344964217663,25.8843936120761
2098-08-19 12:00:00,2098,8,19,NA,21.2419628361564,28.9188796305797
2098-08-20 12:00:00,2098,8,20,NA,21.8433754529373,30.716059263315
2098-08-21 12:00:00,2098,8,21,NA,23.6410884098359,32.8185233490117
2098-08-22 12:00:00,2098,8,22,NA,23.5433518597874,28.5739751856441
2098-08-23 12:00:00,2098,8,23,NA,23.9283922303696,33.1793753561686
2098-08-24 12:00:00,2098,8,24,NA,24.8111084492701,32.6041384281783
2098-08-25 12:00:00,2098,8,25,NA,23.6098250958855,32.2602707597171
2098-08-26 12:00:00,2098,8,26,NA,24.1245591401963,31.805975721878
2098-08-27 12:00:00,2098,8,27,NA,24.1484135224969,29.2223878984992
2098-08-28 12:00:00,2098,8,28,NA,23.8763146468127,31.0555755855315
2098-08-29 12:00:00,2098,8,29,NA,26.3170366284506,31.6091652824159
2098-08-30 12:00:00,2098,8,30,NA,24.0034768566823,29.7766804284526
2098-08-31 12:00:00,2098,8,31,NA,24.0060730165923,34.1102386451546
2098-09-01 12:00:00,2098,9,1,NA,22.1487676951172,34.6258092143106
2098-09-02 12:00:00,2098,9,2,NA,22.3612228826487,27.38900412619
2098-09-03 12:00:00,2098,9,3,NA,19.9399083949389,31.2641299808017
2098-09-04 12:00:00,2098,9,4,NA,20.3441935257738,31.8533331409069
2098-09-05 12:00:00,2098,9,5,NA,20.8977911402562,32.6702942190284
2098-09-06 12:00:00,2098,9,6,NA,21.4207051338488,34.2174815826208
2098-09-07 12:00:00,2098,9,7,NA,22.7684801015723,35.220516129437
2098-09-08 12:00:00,2098,9,8,NA,25.937347453688,35.2287397740162
2098-09-09 12:00:00,2098,9,9,NA,24.1319791336987,30.6379929035143
2098-09-10 12:00:00,2098,9,10,NA,18.7991169023443,22.537578909213
2098-09-11 12:00:00,2098,9,11,NA,16.4503982531876,24.8769064404775
2098-09-12 12:00:00,2098,9,12,NA,15.1079019585962,26.1512595918469
2098-09-13 12:00:00,2098,9,13,NA,16.5076163631434,27.2386549321392
2098-09-14 12:00:00,2098,9,14,NA,14.2154743260353,24.1405296320463
2098-09-15 12:00:00,2098,9,15,NA,14.7970661458204,24.0884584661485
2098-09-16 12:00:00,2098,9,16,NA,16.3508911314584,27.4136908754442
2098-09-17 12:00:00,2098,9,17,NA,15.5301142713957,24.1572276046935
2098-09-18 12:00:00,2098,9,18,NA,16.0537655252616,26.1439657357274
2098-09-19 12:00:00,2098,9,19,NA,14.1057897697023,28.9978061405173
2098-09-20 12:00:00,2098,9,20,NA,16.0775083096296,28.5374062271803
2098-09-21 12:00:00,2098,9,21,NA,18.2647686948967,27.7048271806288
2098-09-22 12:00:00,2098,9,22,NA,18.1684348490308,25.0483794318414
2098-09-23 12:00:00,2098,9,23,NA,21.7731196669395,27.9008300027098
2098-09-24 12:00:00,2098,9,24,NA,19.1917310997124,23.57271452838
2098-09-25 12:00:00,2098,9,25,NA,17.4759500803511,26.1125514955025
2098-09-26 12:00:00,2098,9,26,NA,19.4409330779228,29.7344889601085
2098-09-27 12:00:00,2098,9,27,NA,18.7155185469852,27.4704273254362
2098-09-28 12:00:00,2098,9,28,NA,18.0837602486204,25.1886638598188
2098-09-29 12:00:00,2098,9,29,NA,16.689415550452,23.0382260521635
2098-09-30 12:00:00,2098,9,30,NA,16.8892222639728,24.5886583069407
2098-10-01 12:00:00,2098,10,1,NA,16.3411340864575,27.7521144684501
2098-10-02 12:00:00,2098,10,2,NA,16.5338805350526,28.6295349307051
2098-10-03 12:00:00,2098,10,3,NA,15.5721844909287,27.336717232285
2098-10-04 12:00:00,2098,10,4,NA,15.7410801953234,28.1938574590836
2098-10-05 12:00:00,2098,10,5,NA,14.648057323185,27.1434397999043
2098-10-06 12:00:00,2098,10,6,NA,13.2777294077401,24.1368005062737
2098-10-07 12:00:00,2098,10,7,NA,12.8757287106242,22.8258621812532
2098-10-08 12:00:00,2098,10,8,NA,14.0433692973749,17.9857896413553
2098-10-09 12:00:00,2098,10,9,NA,12.0291364619923,15.1171382236278
2098-10-10 12:00:00,2098,10,10,NA,10.9511699903888,19.9792383541661
2098-10-11 12:00:00,2098,10,11,NA,13.5693861994284,19.3161917603906
2098-10-12 12:00:00,2098,10,12,NA,13.095255622006,24.1649489558101
2098-10-13 12:00:00,2098,10,13,NA,16.281462884137,26.8451435285338
2098-10-14 12:00:00,2098,10,14,NA,14.6673861263645,24.2633190619722
2098-10-15 12:00:00,2098,10,15,NA,14.9792682699906,19.7552094406241
2098-10-16 12:00:00,2098,10,16,NA,14.9160590409064,22.5647610551205
2098-10-17 12:00:00,2098,10,17,NA,13.1661533602518,22.0119993981414
2098-10-18 12:00:00,2098,10,18,NA,12.9858986185063,15.9420869039613
2098-10-19 12:00:00,2098,10,19,NA,13.5160128904294,17.3337294829318
2098-10-20 12:00:00,2098,10,20,NA,11.9469684860281,17.2721004440584
2098-10-21 12:00:00,2098,10,21,NA,11.1610991139417,19.7731955239799
2098-10-22 12:00:00,2098,10,22,NA,8.99795101048161,17.8406465725405
2098-10-23 12:00:00,2098,10,23,NA,9.26887895216331,21.1208844806402
2098-10-24 12:00:00,2098,10,24,NA,9.04219932478009,21.7968800205895
2098-10-25 12:00:00,2098,10,25,NA,10.2487569047862,22.7478252194082
2098-10-26 12:00:00,2098,10,26,NA,9.47824997773204,23.6131321124734
2098-10-27 12:00:00,2098,10,27,NA,10.3321139730604,25.016003308909
2098-10-28 12:00:00,2098,10,28,NA,11.4646919026004,21.4148253732294
2098-10-29 12:00:00,2098,10,29,NA,9.46349596867139,23.0135774928444
2098-10-30 12:00:00,2098,10,30,NA,11.1148335114608,19.9575290735197
2098-10-31 12:00:00,2098,10,31,NA,9.61244077513719,18.7366773899261
2098-11-01 12:00:00,2098,11,1,NA,9.3490072812278,20.7648530675924
2098-11-02 12:00:00,2098,11,2,NA,9.8541478896625,22.8978409429142
2098-11-03 12:00:00,2098,11,3,NA,10.4768795170143,20.8135778151665
2098-11-04 12:00:00,2098,11,4,NA,8.06954267243589,20.050210939793
2098-11-05 12:00:00,2098,11,5,NA,6.00498551244684,20.9719959623123
2098-11-06 12:00:00,2098,11,6,NA,8.80940919228645,17.4919166881485
2098-11-07 12:00:00,2098,11,7,NA,7.30753599174376,13.5285259601112
2098-11-08 12:00:00,2098,11,8,NA,4.83466465141547,15.9483568525212
2098-11-09 12:00:00,2098,11,9,NA,8.37727917121159,16.3392649748664
2098-11-10 12:00:00,2098,11,10,NA,7.10304750587191,20.9546068673489
2098-11-11 12:00:00,2098,11,11,NA,7.8370669901832,20.8704359187368
2098-11-12 12:00:00,2098,11,12,NA,11.4679901629482,23.8470831168641
2098-11-13 12:00:00,2098,11,13,NA,9.05215841972764,21.7543778245512
2098-11-14 12:00:00,2098,11,14,NA,8.47708094668231,20.2613780018422
2098-11-15 12:00:00,2098,11,15,NA,6.21356928180786,19.1605004519391
2098-11-16 12:00:00,2098,11,16,NA,5.63529039625436,20.5718437815215
2098-11-17 12:00:00,2098,11,17,NA,4.31530866665115,15.7030930375195
2098-11-18 12:00:00,2098,11,18,NA,-3.6347222532883,10.6909379345303
2098-11-19 12:00:00,2098,11,19,NA,-0.930647711740202,12.0043213104828
2098-11-20 12:00:00,2098,11,20,NA,-0.630093277182757,13.5498124859965
2098-11-21 12:00:00,2098,11,21,NA,1.22608593536886,13.9283053401924
2098-11-22 12:00:00,2098,11,22,NA,3.93775714214668,17.9550675218231
2098-11-23 12:00:00,2098,11,23,NA,5.05901103676344,16.4504321042399
2098-11-24 12:00:00,2098,11,24,NA,2.90980342655997,15.9102201395203
2098-11-25 12:00:00,2098,11,25,NA,3.05282476674649,15.5915534479348
2098-11-26 12:00:00,2098,11,26,NA,3.38862695837102,16.4283061180683
2098-11-27 12:00:00,2098,11,27,NA,-3.82902473182888,7.13419104833292
2098-11-28 12:00:00,2098,11,28,NA,-1.61863432480378,8.58866769371051
2098-11-29 12:00:00,2098,11,29,NA,-0.979232479952508,11.2715199664232
2098-11-30 12:00:00,2098,11,30,NA,-1.18532705722011,10.2190874587273
2098-12-01 12:00:00,2098,12,1,NA,0.16236190088128,11.5017396464908
2098-12-02 12:00:00,2098,12,2,NA,1.64230543063315,12.8109274646828
2098-12-03 12:00:00,2098,12,3,NA,3.24386906529316,15.4729276435678
2098-12-04 12:00:00,2098,12,4,NA,5.19917930893178,15.7172933512997
2098-12-05 12:00:00,2098,12,5,NA,1.16708137256942,4.04411743100968
2098-12-06 12:00:00,2098,12,6,NA,1.35416402755433,9.54459611152346
2098-12-07 12:00:00,2098,12,7,NA,-0.94783258977019,7.48348461499117
2098-12-08 12:00:00,2098,12,8,NA,2.02701067037887,10.9866920912997
2098-12-09 12:00:00,2098,12,9,NA,-1.14076408917531,4.22795337242979
2098-12-10 12:00:00,2098,12,10,NA,-2.66703908962733,6.44655395670742
2098-12-11 12:00:00,2098,12,11,NA,-2.21501268318088,9.62700932339995
2098-12-12 12:00:00,2098,12,12,NA,-2.24892603866853,8.67516024216752
2098-12-13 12:00:00,2098,12,13,NA,-0.991173553767721,9.32732316234784
2098-12-14 12:00:00,2098,12,14,NA,0.235535852982315,14.4980916492449
2098-12-15 12:00:00,2098,12,15,NA,1.53181811504802,15.0577597500251
2098-12-16 12:00:00,2098,12,16,NA,1.31015014314016,17.3118989589066
2098-12-17 12:00:00,2098,12,17,NA,-1.3737463623054,14.1712775196091
2098-12-18 12:00:00,2098,12,18,NA,-0.510513861608292,10.203474974658
2098-12-19 12:00:00,2098,12,19,NA,-1.27663758848091,10.1125629497987
2098-12-20 12:00:00,2098,12,20,NA,0.32149350915429,6.81093551594808
2098-12-21 12:00:00,2098,12,21,NA,-3.11620435259918,7.02785519806033
2098-12-22 12:00:00,2098,12,22,NA,-7.08440502384494,-1.68140564745061
2098-12-23 12:00:00,2098,12,23,NA,-6.61684603522849,-1.43928098432371
2098-12-24 12:00:00,2098,12,24,NA,-6.47386463987904,-2.13545564910472
2098-12-25 12:00:00,2098,12,25,NA,-5.25182070060676,-0.820850089066555
2098-12-26 12:00:00,2098,12,26,NA,-8.68908719447267,0.297503593441901
2098-12-27 12:00:00,2098,12,27,NA,-6.78129302264916,-1.83629528188415
2098-12-28 12:00:00,2098,12,28,NA,-8.97258475955915,0.138066079016519
2098-12-29 12:00:00,2098,12,29,NA,-10.5450921009131,-3.56121783788459
2098-12-30 12:00:00,2098,12,30,NA,-10.8602106939995,-2.609103594234
2098-12-31 12:00:00,2098,12,31,NA,-8.61038363064176,0.487295574465086
2099-01-01 12:00:00,2099,1,1,NA,-7.83738772225531,4.29193648756882
2099-01-02 12:00:00,2099,1,2,NA,-7.44724811079365,6.63347780047856
2099-01-03 12:00:00,2099,1,3,NA,-4.80271822290911,11.9106226161664
2099-01-04 12:00:00,2099,1,4,NA,-5.1509450055952,5.5978975074754
2099-01-05 12:00:00,2099,1,5,NA,-3.69721435028768,2.66016085556686
2099-01-06 12:00:00,2099,1,6,NA,-2.75056557085498,1.27544609111854
2099-01-07 12:00:00,2099,1,7,NA,-4.43907576809901,0.0514020984073924
2099-01-08 12:00:00,2099,1,8,NA,-6.86593310057606,1.19823606551523
2099-01-09 12:00:00,2099,1,9,NA,-4.01865752867989,0.122785077008436
2099-01-10 12:00:00,2099,1,10,NA,-4.49729954634536,1.86513802438623
2099-01-11 12:00:00,2099,1,11,NA,-2.2071293286215,4.98226807699734
2099-01-12 12:00:00,2099,1,12,NA,-2.84157436520746,4.26681252921026
2099-01-13 12:00:00,2099,1,13,NA,-4.61578298896846,5.65367951885479
2099-01-14 12:00:00,2099,1,14,NA,-5.0332362266526,4.31037918138439
2099-01-15 12:00:00,2099,1,15,NA,-3.76815925598136,6.1516859863494
2099-01-16 12:00:00,2099,1,16,NA,-0.924942568800456,12.2333631552426
2099-01-17 12:00:00,2099,1,17,NA,-2.80322456274194,8.02261439409689
2099-01-18 12:00:00,2099,1,18,NA,-2.71968297738573,6.86042684028496
2099-01-19 12:00:00,2099,1,19,NA,-5.75659287209784,4.12836331940442
2099-01-20 12:00:00,2099,1,20,NA,-5.0021252731313,2.43581633048487
2099-01-21 12:00:00,2099,1,21,NA,-1.92074087019687,4.44083503807086
2099-01-22 12:00:00,2099,1,22,NA,-3.92332417117931,5.23774915686119
2099-01-23 12:00:00,2099,1,23,NA,-3.66835825155888,5.58080037275607
2099-01-24 12:00:00,2099,1,24,NA,-0.397909671467219,6.66693572064215
2099-01-25 12:00:00,2099,1,25,NA,-0.645288990804702,9.34138398790056
2099-01-26 12:00:00,2099,1,26,NA,-4.83474560991723,5.48325819659011
2099-01-27 12:00:00,2099,1,27,NA,-0.144466951072961,7.31226375762663
2099-01-28 12:00:00,2099,1,28,NA,-1.14327410591791,8.92327591765564
2099-01-29 12:00:00,2099,1,29,NA,-2.47399374599508,9.41239596398404
2099-01-30 12:00:00,2099,1,30,NA,-1.25191513445682,7.35562696858603
2099-01-31 12:00:00,2099,1,31,NA,-1.00917026325126,3.25662642208668
2099-02-01 12:00:00,2099,2,1,NA,-2.82979598805747,7.62899710868109
2099-02-02 12:00:00,2099,2,2,NA,-1.73147726192686,1.50557765412808
2099-02-03 12:00:00,2099,2,3,NA,-2.93417884943259,2.68684690979121
2099-02-04 12:00:00,2099,2,4,NA,-1.3852305008412,9.9878374450036
2099-02-05 12:00:00,2099,2,5,NA,-0.539641803316877,12.0360343605991
2099-02-06 12:00:00,2099,2,6,NA,1.17643955300447,11.5440907451192
2099-02-07 12:00:00,2099,2,7,NA,-0.334412029527477,7.28720118539889
2099-02-08 12:00:00,2099,2,8,NA,-4.47906529561828,1.04457517892747
2099-02-09 12:00:00,2099,2,9,NA,-2.60597003791764,4.66949612372589
2099-02-10 12:00:00,2099,2,10,NA,0.341935168297312,10.0307980018551
2099-02-11 12:00:00,2099,2,11,NA,0.861180605181097,13.7343106139487
2099-02-12 12:00:00,2099,2,12,NA,1.96267742248013,14.7969483771811
2099-02-13 12:00:00,2099,2,13,NA,0.23152052179752,10.5177977592328
2099-02-14 12:00:00,2099,2,14,NA,-0.402729383005435,11.0452934791275
2099-02-15 12:00:00,2099,2,15,NA,-0.00104876237433604,11.2474416881426
2099-02-16 12:00:00,2099,2,16,NA,-0.966885184114121,13.5148882641132
2099-02-17 12:00:00,2099,2,17,NA,-5.62128092224851,-0.0166992468010014
2099-02-18 12:00:00,2099,2,18,NA,-5.44107062523628,1.48338003667041
2099-02-19 12:00:00,2099,2,19,NA,-7.26022641432459,3.11972354324895
2099-02-20 12:00:00,2099,2,20,NA,-5.4931520561883,6.94759700881348
2099-02-21 12:00:00,2099,2,21,NA,-5.71362178004984,4.87384854718114
2099-02-22 12:00:00,2099,2,22,NA,-2.97687996517886,11.2719577557609
2099-02-23 12:00:00,2099,2,23,NA,-0.652455317458836,13.097307726036
2099-02-24 12:00:00,2099,2,24,NA,-0.950791760891664,10.6793180492398
2099-02-25 12:00:00,2099,2,25,NA,-0.879143319996463,10.2054024674046
2099-02-26 12:00:00,2099,2,26,NA,-1.97229296025328,9.48874308581022
2099-02-27 12:00:00,2099,2,27,NA,4.50762392619566,12.8810397244669
2099-02-28 12:00:00,2099,2,28,NA,3.40649916138476,7.13348399335805
2099-03-01 12:00:00,2099,3,1,NA,0.824678596821535,9.95107565262296
2099-03-02 12:00:00,2099,3,2,NA,-1.97316396390474,16.4448451238715
2099-03-03 12:00:00,2099,3,3,NA,-0.956923159337663,17.3481891252809
2099-03-04 12:00:00,2099,3,4,NA,0.843453970468989,18.1616296668742
2099-03-05 12:00:00,2099,3,5,NA,1.53462622614486,15.7382638862987
2099-03-06 12:00:00,2099,3,6,NA,1.20666946262831,14.6746812101561
2099-03-07 12:00:00,2099,3,7,NA,1.42149964221665,8.49394884056899
2099-03-08 12:00:00,2099,3,8,NA,2.09406959798199,13.2784813196258
2099-03-09 12:00:00,2099,3,9,NA,-1.5636201755876,7.78891694031866
2099-03-10 12:00:00,2099,3,10,NA,0.0696503685683187,4.56091566797027
2099-03-11 12:00:00,2099,3,11,NA,-0.820681071921383,2.58508872327207
2099-03-12 12:00:00,2099,3,12,NA,-1.54532145036358,10.129863179926
2099-03-13 12:00:00,2099,3,13,NA,-0.767116306632532,15.1127764245384
2099-03-14 12:00:00,2099,3,14,NA,1.29302562381258,11.5344573450791
2099-03-15 12:00:00,2099,3,15,NA,0.602804302052744,14.5047079867054
2099-03-16 12:00:00,2099,3,16,NA,0.951403140545867,17.684499718202
2099-03-17 12:00:00,2099,3,17,NA,1.64346157341648,16.2944868955214
2099-03-18 12:00:00,2099,3,18,NA,1.71911631038064,19.7190389794132
2099-03-19 12:00:00,2099,3,19,NA,3.8121999384084,17.3605380584012
2099-03-20 12:00:00,2099,3,20,NA,9.50187155534773,17.6204697137026
2099-03-21 12:00:00,2099,3,21,NA,3.82987378547041,12.710745929416
2099-03-22 12:00:00,2099,3,22,NA,0.802695847001652,9.04883653837765
2099-03-23 12:00:00,2099,3,23,NA,2.8561339364211,12.5688681045111
2099-03-24 12:00:00,2099,3,24,NA,5.26400897696707,16.3402458971413
2099-03-25 12:00:00,2099,3,25,NA,3.60992057184865,13.809486328426
2099-03-26 12:00:00,2099,3,26,NA,3.42542751421155,14.2377852587882
2099-03-27 12:00:00,2099,3,27,NA,4.12008899846758,17.0313847468098
2099-03-28 12:00:00,2099,3,28,NA,-0.742338323151635,15.6274912553476
2099-03-29 12:00:00,2099,3,29,NA,4.77346776740672,19.4244930895116
2099-03-30 12:00:00,2099,3,30,NA,2.79150971435329,18.0886005582403
2099-03-31 12:00:00,2099,3,31,NA,3.91295874917162,18.4178359776046
2099-04-01 12:00:00,2099,4,1,NA,5.8423536892731,16.7419952748769
2099-04-02 12:00:00,2099,4,2,NA,2.63475335352026,15.3151935066693
2099-04-03 12:00:00,2099,4,3,NA,4.39892512099814,15.732002745139
2099-04-04 12:00:00,2099,4,4,NA,4.02673395423779,14.9084277879248
2099-04-05 12:00:00,2099,4,5,NA,4.02766926309,12.5451730279867
2099-04-06 12:00:00,2099,4,6,NA,4.7349902708062,17.6482175318268
2099-04-07 12:00:00,2099,4,7,NA,10.5544404557757,21.238814838996
2099-04-08 12:00:00,2099,4,8,NA,8.32059006109912,19.6422205663329
2099-04-09 12:00:00,2099,4,9,NA,5.59041966360548,15.9981076473817
2099-04-10 12:00:00,2099,4,10,NA,4.46899375650992,21.2928145645923
2099-04-11 12:00:00,2099,4,11,NA,5.45566351611795,21.8460204163109
2099-04-12 12:00:00,2099,4,12,NA,8.48991508612125,20.4050462941823
2099-04-13 12:00:00,2099,4,13,NA,6.96558619146989,20.0788199505233
2099-04-14 12:00:00,2099,4,14,NA,7.55530068024095,20.364727496609
2099-04-15 12:00:00,2099,4,15,NA,8.16025693254209,19.6222855945583
2099-04-16 12:00:00,2099,4,16,NA,6.03557808684811,12.335861535205
2099-04-17 12:00:00,2099,4,17,NA,3.0512715955638,11.7739682194637
2099-04-18 12:00:00,2099,4,18,NA,2.05293286064035,20.784025956857
2099-04-19 12:00:00,2099,4,19,NA,5.25575370798636,24.5380727899173
2099-04-20 12:00:00,2099,4,20,NA,5.15247381298511,23.7005676422174
2099-04-21 12:00:00,2099,4,21,NA,8.9250710116557,23.7981829757376
2099-04-22 12:00:00,2099,4,22,NA,8.70515738909141,21.8183911481448
2099-04-23 12:00:00,2099,4,23,NA,7.96485922940737,18.3570132960477
2099-04-24 12:00:00,2099,4,24,NA,7.60766181441235,23.2584559200062
2099-04-25 12:00:00,2099,4,25,NA,10.0459435467443,22.4738689551005
2099-04-26 12:00:00,2099,4,26,NA,10.8608601832326,27.417610166533
2099-04-27 12:00:00,2099,4,27,NA,13.3177221485677,28.5614005435342
2099-04-28 12:00:00,2099,4,28,NA,15.3853682147918,18.613484487499
2099-04-29 12:00:00,2099,4,29,NA,13.9043239983504,18.594122048097
2099-04-30 12:00:00,2099,4,30,NA,11.5225504877254,22.0333968077351
2099-05-01 12:00:00,2099,5,1,NA,12.2808070792895,24.1326720739456
2099-05-02 12:00:00,2099,5,2,NA,12.2183497325642,18.0034918142479
2099-05-03 12:00:00,2099,5,3,NA,10.8312866853885,18.0464393879376
2099-05-04 12:00:00,2099,5,4,NA,9.58642096300866,17.6481564121263
2099-05-05 12:00:00,2099,5,5,NA,10.4057469867685,22.3620249065051
2099-05-06 12:00:00,2099,5,6,NA,8.9984562660424,26.4953495768111
2099-05-07 12:00:00,2099,5,7,NA,8.88848720629014,25.622500453881
2099-05-08 12:00:00,2099,5,8,NA,11.7464787867139,19.2753354464182
2099-05-09 12:00:00,2099,5,9,NA,9.07084882046172,19.8961226863822
2099-05-10 12:00:00,2099,5,10,NA,8.78615373768676,21.6861179891538
2099-05-11 12:00:00,2099,5,11,NA,9.9556172604153,26.2025849420895
2099-05-12 12:00:00,2099,5,12,NA,12.8484926930437,25.7484569445108
2099-05-13 12:00:00,2099,5,13,NA,12.2025458560669,25.1876746796768
2099-05-14 12:00:00,2099,5,14,NA,14.7911101923719,21.1507745694459
2099-05-15 12:00:00,2099,5,15,NA,11.6812757406345,24.8994435551426
2099-05-16 12:00:00,2099,5,16,NA,15.7888322173422,26.3408648234663
2099-05-17 12:00:00,2099,5,17,NA,16.9375627599717,28.1212507214383
2099-05-18 12:00:00,2099,5,18,NA,15.7856696338647,29.3806827432388
2099-05-19 12:00:00,2099,5,19,NA,17.3444757134217,30.1677867296544
2099-05-20 12:00:00,2099,5,20,NA,16.5061311457685,31.562106019399
2099-05-21 12:00:00,2099,5,21,NA,20.3310079807433,28.9467083942828
2099-05-22 12:00:00,2099,5,22,NA,17.2481166665259,28.5037911872262
2099-05-23 12:00:00,2099,5,23,NA,17.8909913711309,27.7489934678594
2099-05-24 12:00:00,2099,5,24,NA,17.1725089646628,29.5988149307164
2099-05-25 12:00:00,2099,5,25,NA,15.5918201948609,28.6237282041391
2099-05-26 12:00:00,2099,5,26,NA,20.1819127981363,28.9869549657565
2099-05-27 12:00:00,2099,5,27,NA,16.6381868415084,32.8996479399323
2099-05-28 12:00:00,2099,5,28,NA,16.7163350196685,30.4152636795613
2099-05-29 12:00:00,2099,5,29,NA,18.9364538884581,28.9295020299228
2099-05-30 12:00:00,2099,5,30,NA,17.1364570381465,29.7947963439916
2099-05-31 12:00:00,2099,5,31,NA,17.9822750763906,30.7436711669453
2099-06-01 12:00:00,2099,6,1,NA,18.8737371181049,24.6316716951485
2099-06-02 12:00:00,2099,6,2,NA,20.6084975910106,25.2918376404052
2099-06-03 12:00:00,2099,6,3,NA,18.3264926848438,28.4291628918643
2099-06-04 12:00:00,2099,6,4,NA,17.5528566481372,29.1720932548813
2099-06-05 12:00:00,2099,6,5,NA,19.6974676267949,30.019151788104
2099-06-06 12:00:00,2099,6,6,NA,18.1304304260352,30.5755045518679
2099-06-07 12:00:00,2099,6,7,NA,19.6035115770221,28.6548636080007
2099-06-08 12:00:00,2099,6,8,NA,18.4239779587926,28.8527375889624
2099-06-09 12:00:00,2099,6,9,NA,18.8514236029377,29.9503173821249
2099-06-10 12:00:00,2099,6,10,NA,20.4749647351298,29.9848551105291
2099-06-11 12:00:00,2099,6,11,NA,20.1645823152974,31.6282909925965
2099-06-12 12:00:00,2099,6,12,NA,19.8000832678675,32.1617402654107
2099-06-13 12:00:00,2099,6,13,NA,20.8296791107541,30.4890460602376
2099-06-14 12:00:00,2099,6,14,NA,21.5451259273569,29.8204847152532
2099-06-15 12:00:00,2099,6,15,NA,20.0273291355055,31.700883398036
2099-06-16 12:00:00,2099,6,16,NA,20.6868415490426,30.4377892444649
2099-06-17 12:00:00,2099,6,17,NA,21.4473634049716,31.5571389109486
2099-06-18 12:00:00,2099,6,18,NA,20.2203124783606,33.4483575716313
2099-06-19 12:00:00,2099,6,19,NA,22.6801866760618,32.7899621820389
2099-06-20 12:00:00,2099,6,20,NA,25.3187667548921,28.3932645949686
2099-06-21 12:00:00,2099,6,21,NA,21.9141655814378,26.6116565691465
2099-06-22 12:00:00,2099,6,22,NA,22.7939135991731,24.2955609572881
2099-06-23 12:00:00,2099,6,23,NA,20.9533009798955,26.0305715940692
2099-06-24 12:00:00,2099,6,24,NA,21.1578869351991,28.234534223301
2099-06-25 12:00:00,2099,6,25,NA,21.6684951651975,30.6839962717168
2099-06-26 12:00:00,2099,6,26,NA,19.565594916052,31.2391491785824
2099-06-27 12:00:00,2099,6,27,NA,19.939246721156,31.9672482838252
2099-06-28 12:00:00,2099,6,28,NA,20.4042812498668,32.9145114580551
2099-06-29 12:00:00,2099,6,29,NA,21.8773831079176,32.3421696354965
2099-06-30 12:00:00,2099,6,30,NA,22.478556889468,34.9236310153007
2099-07-01 12:00:00,2099,7,1,NA,21.8868178846973,35.7523709013958
2099-07-02 12:00:00,2099,7,2,NA,24.5458970544118,35.8163112199873
2099-07-03 12:00:00,2099,7,3,NA,24.4858127309845,33.3356286695851
2099-07-04 12:00:00,2099,7,4,NA,27.7379151711782,29.358742616155
2099-07-05 12:00:00,2099,7,5,NA,26.6139312341093,30.8076688612292
2099-07-06 12:00:00,2099,7,6,NA,25.143541860846,33.4970706122407
2099-07-07 12:00:00,2099,7,7,NA,25.2457413817653,35.4100441296536
2099-07-08 12:00:00,2099,7,8,NA,26.7139715445374,36.4128222318556
2099-07-09 12:00:00,2099,7,9,NA,24.5645123835495,36.0961018324778
2099-07-10 12:00:00,2099,7,10,NA,24.5931873395525,33.3447267900605
2099-07-11 12:00:00,2099,7,11,NA,21.7334438210358,26.1727058451119
2099-07-12 12:00:00,2099,7,12,NA,20.535583732795,31.4165514224808
2099-07-13 12:00:00,2099,7,13,NA,20.903094932899,31.9837851633696
2099-07-14 12:00:00,2099,7,14,NA,22.5486743399385,29.7089532752468
2099-07-15 12:00:00,2099,7,15,NA,23.6560457005365,30.284228964711
2099-07-16 12:00:00,2099,7,16,NA,24.7111753612231,30.6012847032193
2099-07-17 12:00:00,2099,7,17,NA,25.9916345829802,29.9159142853246
2099-07-18 12:00:00,2099,7,18,NA,24.1095269515118,30.925758108132
2099-07-19 12:00:00,2099,7,19,NA,21.8717328296301,30.3958875290878
2099-07-20 12:00:00,2099,7,20,NA,22.9551261483128,32.6369306159945
2099-07-21 12:00:00,2099,7,21,NA,22.0840757210018,31.3231355861496
2099-07-22 12:00:00,2099,7,22,NA,22.7725300206277,31.2835771062661
2099-07-23 12:00:00,2099,7,23,NA,26.312180803262,33.9796183409222
2099-07-24 12:00:00,2099,7,24,NA,27.122255205703,33.8483487260623
2099-07-25 12:00:00,2099,7,25,NA,27.8131338001132,33.4789499946743
2099-07-26 12:00:00,2099,7,26,NA,26.9625210789294,33.7819843725558
2099-07-27 12:00:00,2099,7,27,NA,26.5249834175236,33.9103173289518
2099-07-28 12:00:00,2099,7,28,NA,26.7525306383862,30.4261878480487
2099-07-29 12:00:00,2099,7,29,NA,24.5309484041556,26.9855355325827
2099-07-30 12:00:00,2099,7,30,NA,23.864628084743,31.453158091671
2099-07-31 12:00:00,2099,7,31,NA,22.6477462898855,33.7284365203561
2099-08-01 12:00:00,2099,8,1,NA,24.248067206266,32.8330474976147
2099-08-02 12:00:00,2099,8,2,NA,24.9325979621744,34.5302645960601
2099-08-03 12:00:00,2099,8,3,NA,23.5878229494889,33.7846641557844
2099-08-04 12:00:00,2099,8,4,NA,26.3321071182525,34.8409846554032
2099-08-05 12:00:00,2099,8,5,NA,24.6324368218205,31.4646415590866
2099-08-06 12:00:00,2099,8,6,NA,23.4839403568172,30.0184220370983
2099-08-07 12:00:00,2099,8,7,NA,23.0260795179131,31.1138957759679
2099-08-08 12:00:00,2099,8,8,NA,22.1376219573493,34.0437097213702
2099-08-09 12:00:00,2099,8,9,NA,23.560574261053,35.9470962508143
2099-08-10 12:00:00,2099,8,10,NA,22.4241062352665,31.6015411744423
2099-08-11 12:00:00,2099,8,11,NA,23.9856931196411,35.3528822721488
2099-08-12 12:00:00,2099,8,12,NA,24.9323163240225,34.4544614258523
2099-08-13 12:00:00,2099,8,13,NA,29.011752515155,35.3720266526975
2099-08-14 12:00:00,2099,8,14,NA,28.3903352434007,36.070403834169
2099-08-15 12:00:00,2099,8,15,NA,27.7432473162599,35.9303354058245
2099-08-16 12:00:00,2099,8,16,NA,28.3246129439932,36.7180284999041
2099-08-17 12:00:00,2099,8,17,NA,27.3669474164266,31.5389953127545
2099-08-18 12:00:00,2099,8,18,NA,26.4036400736611,30.0962135614338
2099-08-19 12:00:00,2099,8,19,NA,22.9327851689823,32.3496204997706
2099-08-20 12:00:00,2099,8,20,NA,24.3168248539909,32.3473370934501
2099-08-21 12:00:00,2099,8,21,NA,25.0801177495561,33.7172230921147
2099-08-22 12:00:00,2099,8,22,NA,24.397280348374,33.0484769017948
2099-08-23 12:00:00,2099,8,23,NA,25.6665143290688,32.3866924055288
2099-08-24 12:00:00,2099,8,24,NA,25.0243859967711,32.3600891945357
2099-08-25 12:00:00,2099,8,25,NA,24.2914415264874,34.2502881127753
2099-08-26 12:00:00,2099,8,26,NA,24.5084700508329,32.6791646341031
2099-08-27 12:00:00,2099,8,27,NA,22.5755522187487,31.2142253158009
2099-08-28 12:00:00,2099,8,28,NA,25.1609820888809,31.7937595365995
2099-08-29 12:00:00,2099,8,29,NA,23.925790284928,33.3546830375452
2099-08-30 12:00:00,2099,8,30,NA,20.4928443904935,27.2311399593405
2099-08-31 12:00:00,2099,8,31,NA,19.3142751655016,27.9554422429332
2099-09-01 12:00:00,2099,9,1,NA,20.167534860553,30.7277776557914
2099-09-02 12:00:00,2099,9,2,NA,18.6951020639449,31.1471380918096
2099-09-03 12:00:00,2099,9,3,NA,17.7659763058461,30.7699284382282
2099-09-04 12:00:00,2099,9,4,NA,20.9871511564211,30.5266249845513
2099-09-05 12:00:00,2099,9,5,NA,21.0389321683466,30.8082640359357
2099-09-06 12:00:00,2099,9,6,NA,21.0109567868187,31.9499905910528
2099-09-07 12:00:00,2099,9,7,NA,21.1778996784211,32.69342859855
2099-09-08 12:00:00,2099,9,8,NA,19.697166646014,29.3179351328003
2099-09-09 12:00:00,2099,9,9,NA,18.8014750150254,27.089832337067
2099-09-10 12:00:00,2099,9,10,NA,18.3720895626889,27.0328150735258
2099-09-11 12:00:00,2099,9,11,NA,17.4028240068586,26.3817303763988
2099-09-12 12:00:00,2099,9,12,NA,17.6575035641254,26.3182290749623
2099-09-13 12:00:00,2099,9,13,NA,17.3916526193262,22.986863663113
2099-09-14 12:00:00,2099,9,14,NA,20.0107142033166,22.8888789791888
2099-09-15 12:00:00,2099,9,15,NA,18.1740503578275,23.9408294208043
2099-09-16 12:00:00,2099,9,16,NA,17.5117541924612,27.8297971811262
2099-09-17 12:00:00,2099,9,17,NA,17.5351846896587,29.0964155422144
2099-09-18 12:00:00,2099,9,18,NA,18.2546357585781,30.721961708497
2099-09-19 12:00:00,2099,9,19,NA,17.5022062764298,31.5266073198906
2099-09-20 12:00:00,2099,9,20,NA,16.3891664014696,30.6903345321027
2099-09-21 12:00:00,2099,9,21,NA,14.3558988994623,26.826161327138
2099-09-22 12:00:00,2099,9,22,NA,14.6073600369147,24.5879159426625
2099-09-23 12:00:00,2099,9,23,NA,14.0338695232451,26.6276041549671
2099-09-24 12:00:00,2099,9,24,NA,17.718112226647,27.6596732846835
2099-09-25 12:00:00,2099,9,25,NA,16.2574948066943,26.8113393192242
2099-09-26 12:00:00,2099,9,26,NA,14.0145713280705,24.0083955556773
2099-09-27 12:00:00,2099,9,27,NA,10.4254270143865,18.9502636004745
2099-09-28 12:00:00,2099,9,28,NA,12.250403412639,22.2928591787664
2099-09-29 12:00:00,2099,9,29,NA,14.5720959918032,22.2392444563278
2099-09-30 12:00:00,2099,9,30,NA,15.0045132934399,24.5943852078161
2099-10-01 12:00:00,2099,10,1,NA,14.9346585711256,27.0420764386549
2099-10-02 12:00:00,2099,10,2,NA,16.1805260461845,28.3939965691525
2099-10-03 12:00:00,2099,10,3,NA,20.6495833767918,30.5997168474208
2099-10-04 12:00:00,2099,10,4,NA,20.5526615958039,26.5142692499979
2099-10-05 12:00:00,2099,10,5,NA,17.7867235630328,25.2630993986801
2099-10-06 12:00:00,2099,10,6,NA,14.3538177275197,23.4106713572462
2099-10-07 12:00:00,2099,10,7,NA,11.6749164171007,21.7979050273199
2099-10-08 12:00:00,2099,10,8,NA,11.4752738391084,21.7028746575972
2099-10-09 12:00:00,2099,10,9,NA,11.2726211116509,19.8501429790426
2099-10-10 12:00:00,2099,10,10,NA,11.5973970044834,21.6733324820342
2099-10-11 12:00:00,2099,10,11,NA,13.6970364169075,25.6975570688051
2099-10-12 12:00:00,2099,10,12,NA,14.0253611625473,21.7430252901627
2099-10-13 12:00:00,2099,10,13,NA,12.582805603958,23.8795648640711
2099-10-14 12:00:00,2099,10,14,NA,10.2314235995699,20.4942124276089
2099-10-15 12:00:00,2099,10,15,NA,9.43428721725486,21.9794746334122
2099-10-16 12:00:00,2099,10,16,NA,9.81723677257853,21.7240255104832
2099-10-17 12:00:00,2099,10,17,NA,9.15664762468862,23.388674915123
2099-10-18 12:00:00,2099,10,18,NA,8.96219378146039,23.3410576559333
2099-10-19 12:00:00,2099,10,19,NA,8.41706108472292,17.7995836161546
2099-10-20 12:00:00,2099,10,20,NA,8.62508228856277,22.9454180282937
2099-10-21 12:00:00,2099,10,21,NA,9.21446102206644,20.0660444232579
2099-10-22 12:00:00,2099,10,22,NA,10.0148761020926,22.824096592559
2099-10-23 12:00:00,2099,10,23,NA,9.52593859073081,22.4045521228149
2099-10-24 12:00:00,2099,10,24,NA,6.96138181976461,22.802126910009
2099-10-25 12:00:00,2099,10,25,NA,8.40191217825209,24.0942087280384
2099-10-26 12:00:00,2099,10,26,NA,9.89194085299952,17.5406428672136
2099-10-27 12:00:00,2099,10,27,NA,7.09380656612847,20.3865738746014
2099-10-28 12:00:00,2099,10,28,NA,8.61374446486099,16.8143971047917
2099-10-29 12:00:00,2099,10,29,NA,7.8062916570594,18.425569114643
2099-10-30 12:00:00,2099,10,30,NA,8.45957971994506,15.5238511856336
2099-10-31 12:00:00,2099,10,31,NA,5.54262109422505,16.3187350401052
2099-11-01 12:00:00,2099,11,1,NA,2.29610999169502,11.0202137320015
2099-11-02 12:00:00,2099,11,2,NA,-5.90277330230614,7.73289683299466
2099-11-03 12:00:00,2099,11,3,NA,-2.46616243060185,11.9204077961391
2099-11-04 12:00:00,2099,11,4,NA,0.937466232832978,17.5912068186339
2099-11-05 12:00:00,2099,11,5,NA,2.06959050793049,17.21116312227
2099-11-06 12:00:00,2099,11,6,NA,8.83433906344951,19.571027611999
2099-11-07 12:00:00,2099,11,7,NA,10.5552302498988,14.4623671178135
2099-11-08 12:00:00,2099,11,8,NA,9.16642045924753,12.675885978793
2099-11-09 12:00:00,2099,11,9,NA,3.09216202804468,13.6802045688539
2099-11-10 12:00:00,2099,11,10,NA,5.05063416629017,14.8754579153684
2099-11-11 12:00:00,2099,11,11,NA,1.26697881902042,13.0512758741804
2099-11-12 12:00:00,2099,11,12,NA,2.62178770715271,14.9636779457255
2099-11-13 12:00:00,2099,11,13,NA,1.25142035968086,13.674134294562
2099-11-14 12:00:00,2099,11,14,NA,0.914892163243407,8.78909543510707
2099-11-15 12:00:00,2099,11,15,NA,-0.784922119328708,12.6726070447383
2099-11-16 12:00:00,2099,11,16,NA,-1.33163683993981,8.73824367711561
2099-11-17 12:00:00,2099,11,17,NA,-1.47048988137795,12.8506583867242
2099-11-18 12:00:00,2099,11,18,NA,-1.19972766745121,16.164274352264
2099-11-19 12:00:00,2099,11,19,NA,0.945258925535273,16.138148025986
2099-11-20 12:00:00,2099,11,20,NA,3.65940885865739,16.6629877777391
2099-11-21 12:00:00,2099,11,21,NA,2.44195960516052,16.459269984837
2099-11-22 12:00:00,2099,11,22,NA,5.72718389519231,16.8358314937481
2099-11-23 12:00:00,2099,11,23,NA,11.5800836992365,18.5114982649352
2099-11-24 12:00:00,2099,11,24,NA,9.36157914603732,16.0771828459032
2099-11-25 12:00:00,2099,11,25,NA,5.83601250213133,18.5642606491171
2099-11-26 12:00:00,2099,11,26,NA,6.67946462008534,19.2293674377371
2099-11-27 12:00:00,2099,11,27,NA,5.84036720008273,19.3090298484568
2099-11-28 12:00:00,2099,11,28,NA,6.20900213128757,17.4574559997231
2099-11-29 12:00:00,2099,11,29,NA,5.49541565997356,19.6753214231528
2099-11-30 12:00:00,2099,11,30,NA,3.19262477696461,11.3520053736212
2099-12-01 12:00:00,2099,12,1,NA,2.1443479863297,13.0114876664184
2099-12-02 12:00:00,2099,12,2,NA,4.54696596446756,14.825516949931
2099-12-03 12:00:00,2099,12,3,NA,4.4642239253769,12.0770310912457
2099-12-04 12:00:00,2099,12,4,NA,-0.173828499107525,11.0807142107578
2099-12-05 12:00:00,2099,12,5,NA,-0.884803470464983,14.8356636065582
2099-12-06 12:00:00,2099,12,6,NA,0.832993605662089,13.8866610476445
2099-12-07 12:00:00,2099,12,7,NA,4.84928573916742,15.721395965188
2099-12-08 12:00:00,2099,12,8,NA,6.14525056801149,11.5879400125532
2099-12-09 12:00:00,2099,12,9,NA,1.35994292481252,11.8184533170051
2099-12-10 12:00:00,2099,12,10,NA,1.80793122773772,16.1788811144655
2099-12-11 12:00:00,2099,12,11,NA,1.39672110330864,13.5142090681358
2099-12-12 12:00:00,2099,12,12,NA,2.83351500751012,10.1811743018553
2099-12-13 12:00:00,2099,12,13,NA,-0.699950049835796,4.35703213917183
2099-12-14 12:00:00,2099,12,14,NA,-2.54220420445812,9.6934604024773
2099-12-15 12:00:00,2099,12,15,NA,-1.78248191375381,9.33948294247636
2099-12-16 12:00:00,2099,12,16,NA,1.0386752946659,14.7191948512995
2099-12-17 12:00:00,2099,12,17,NA,4.0173181578424,14.121282526535
2099-12-18 12:00:00,2099,12,18,NA,4.0954259205287,11.4270834063432
2099-12-19 12:00:00,2099,12,19,NA,3.74724105323082,10.3185502913983
2099-12-20 12:00:00,2099,12,20,NA,4.27217572113856,8.47911312673782
2099-12-21 12:00:00,2099,12,21,NA,1.97248938669073,11.457894433526
2099-12-22 12:00:00,2099,12,22,NA,0.718261456985049,4.87088446490199
2099-12-23 12:00:00,2099,12,23,NA,0.535831421112084,9.52242220902665
2099-12-24 12:00:00,2099,12,24,NA,-5.70855340317678,-0.881280172012619
2099-12-25 12:00:00,2099,12,25,NA,-6.04900391882168,-0.887242568409924
2099-12-26 12:00:00,2099,12,26,NA,-7.99855263135104,0.835636123834391
2099-12-27 12:00:00,2099,12,27,NA,-5.33673603657219,6.97401141242757
2099-12-28 12:00:00,2099,12,28,NA,-2.19292986823143,7.66099519108401
2099-12-29 12:00:00,2099,12,29,NA,-4.20612539193643,4.92212656742384
2099-12-30 12:00:00,2099,12,30,NA,-3.21951455361193,2.72818551468671
2099-12-31 12:00:00,2099,12,31,NA,-5.04189531857346,3.91778610234733
2100-01-01 12:00:00,2100,1,1,NA,-3.68606281393803,9.36760462804435
2100-01-02 12:00:00,2100,1,2,NA,0.447426304785002,7.80997082560717
2100-01-03 12:00:00,2100,1,3,NA,3.98400213261952,7.00700684518724
2100-01-04 12:00:00,2100,1,4,NA,-2.25121138089486,2.62149422892018
2100-01-05 12:00:00,2100,1,5,NA,-6.73699286685102,-4.33033041787034
2100-01-06 12:00:00,2100,1,6,NA,-6.85145629755132,-1.6894823605908
2100-01-07 12:00:00,2100,1,7,NA,-4.30738909155142,-1.78906562349405
2100-01-08 12:00:00,2100,1,8,NA,-8.15641632341448,-4.09726675782787
2100-01-09 12:00:00,2100,1,9,NA,-8.07655559367318,0.35320280853737
2100-01-10 12:00:00,2100,1,10,NA,-7.11762468964615,0.924696132333926
2100-01-11 12:00:00,2100,1,11,NA,-6.87859230202074,4.33986848109763
2100-01-12 12:00:00,2100,1,12,NA,-7.16714100331331,6.18890673855317
2100-01-13 12:00:00,2100,1,13,NA,-7.22889548833943,0.594635973899003
2100-01-14 12:00:00,2100,1,14,NA,-6.74571329445331,1.06895007724973
2100-01-15 12:00:00,2100,1,15,NA,-4.71511888082989,5.10770719530807
2100-01-16 12:00:00,2100,1,16,NA,-4.01882380277571,8.64907450825017
2100-01-17 12:00:00,2100,1,17,NA,0.280723288963045,12.413721204816
2100-01-18 12:00:00,2100,1,18,NA,-1.04805031802576,7.19596553399576
2100-01-19 12:00:00,2100,1,19,NA,-0.782764888759168,12.3755408352839
2100-01-20 12:00:00,2100,1,20,NA,-1.26176646852861,9.56407248831023
2100-01-21 12:00:00,2100,1,21,NA,-1.86455595227514,8.94554810385365
2100-01-22 12:00:00,2100,1,22,NA,-1.24528154986246,9.04572587605283
2100-01-23 12:00:00,2100,1,23,NA,-0.891552359757081,7.55769079937416
2100-01-24 12:00:00,2100,1,24,NA,3.23772075743366,7.60616020560973
2100-01-25 12:00:00,2100,1,25,NA,-0.424980310606946,10.4008586462319
2100-01-26 12:00:00,2100,1,26,NA,-2.22690287820642,9.30039165628276
2100-01-27 12:00:00,2100,1,27,NA,-1.4484611318345,10.8643054583718
2100-01-28 12:00:00,2100,1,28,NA,1.60282817331131,8.78382217943062
2100-01-29 12:00:00,2100,1,29,NA,-2.53113910095274,10.0701667499304
2100-01-30 12:00:00,2100,1,30,NA,-2.50333997678069,9.90952849670252
2100-01-31 12:00:00,2100,1,31,NA,-7.15416907904016,5.28526697244638
2100-02-01 12:00:00,2100,2,1,NA,-5.27310294189725,5.18569015484131
2100-02-02 12:00:00,2100,2,2,NA,-4.89129838036788,6.73881142976361
2100-02-03 12:00:00,2100,2,3,NA,-2.30004505504733,1.89215351249336
2100-02-04 12:00:00,2100,2,4,NA,-2.65945161573411,5.201057647574
2100-02-05 12:00:00,2100,2,5,NA,-5.59014485657021,5.87089118949329
2100-02-06 12:00:00,2100,2,6,NA,-3.29491414779428,11.34615719988
2100-02-07 12:00:00,2100,2,7,NA,-2.93583776643603,12.764011055745
2100-02-08 12:00:00,2100,2,8,NA,-0.44074351753402,10.7897824001714
2100-02-09 12:00:00,2100,2,9,NA,3.67367535643511,14.8451578659692
2100-02-10 12:00:00,2100,2,10,NA,1.53942611540561,11.7135839385908
2100-02-11 12:00:00,2100,2,11,NA,7.78248522536475,13.6614449122638
2100-02-12 12:00:00,2100,2,12,NA,4.49169475277429,15.9397176149072
2100-02-13 12:00:00,2100,2,13,NA,9.97529590647191,21.3393577260175
2100-02-14 12:00:00,2100,2,14,NA,6.81394205209917,19.3896182160152
2100-02-15 12:00:00,2100,2,15,NA,4.74458261914685,8.92071237918869
2100-02-16 12:00:00,2100,2,16,NA,4.73972492643649,10.5357135933019
2100-02-17 12:00:00,2100,2,17,NA,4.22996125684328,13.0694299356297
2100-02-18 12:00:00,2100,2,18,NA,9.45144515980541,15.6079156781462
2100-02-19 12:00:00,2100,2,19,NA,7.18418112483035,11.6633328422347
2100-02-20 12:00:00,2100,2,20,NA,2.85952394778773,8.62121530172309
2100-02-21 12:00:00,2100,2,21,NA,-1.63629978583133,12.1437427374995
2100-02-22 12:00:00,2100,2,22,NA,2.94704929329512,17.4664525589052
2100-02-23 12:00:00,2100,2,23,NA,0.839365567679311,7.10020355433518
2100-02-24 12:00:00,2100,2,24,NA,-1.06291574828029,9.18880824640533
2100-02-25 12:00:00,2100,2,25,NA,-0.33240308245285,9.10416179063304
2100-02-26 12:00:00,2100,2,26,NA,1.36504410025034,15.7902338392537
2100-02-27 12:00:00,2100,2,27,NA,1.8020537817358,18.8703769140822
2100-02-28 12:00:00,2100,2,28,NA,4.99422892565434,24.2130491924228
2100-03-01 12:00:00,2100,3,1,NA,4.90375776667349,17.6078345095157
2100-03-02 12:00:00,2100,3,2,NA,6.32626333042957,12.2052230173286
2100-03-03 12:00:00,2100,3,3,NA,3.2522134601931,9.21800635265914
2100-03-04 12:00:00,2100,3,4,NA,2.97493804016079,11.8636727842345
2100-03-05 12:00:00,2100,3,5,NA,5.56652737046946,10.1638711068873
2100-03-06 12:00:00,2100,3,6,NA,10.4786076619716,15.0806592325032
2100-03-07 12:00:00,2100,3,7,NA,6.39752336029763,17.5610281712316
2100-03-08 12:00:00,2100,3,8,NA,5.12912721770093,18.1608639894665
2100-03-09 12:00:00,2100,3,9,NA,3.50316110475921,18.3394380781772
2100-03-10 12:00:00,2100,3,10,NA,2.67573937274736,16.9120352230372
2100-03-11 12:00:00,2100,3,11,NA,2.15067073482833,14.2612369617496
2100-03-12 12:00:00,2100,3,12,NA,1.84523229726082,18.3702425920167
2100-03-13 12:00:00,2100,3,13,NA,5.2846657900655,17.3908148578586
2100-03-14 12:00:00,2100,3,14,NA,3.7848246386322,17.9485962582131
2100-03-15 12:00:00,2100,3,15,NA,3.57816146635523,14.5357495202194
2100-03-16 12:00:00,2100,3,16,NA,0.0162673517790441,12.9433461322628
2100-03-17 12:00:00,2100,3,17,NA,1.94287834230672,17.0223853518363
2100-03-18 12:00:00,2100,3,18,NA,1.34442441220178,18.0943992131677
2100-03-19 12:00:00,2100,3,19,NA,1.13695276293506,17.0542685722129
2100-03-20 12:00:00,2100,3,20,NA,5.73307201812465,23.0545785651894
2100-03-21 12:00:00,2100,3,21,NA,11.0653596270079,16.9256525269779
2100-03-22 12:00:00,2100,3,22,NA,7.51030091875031,14.1118011862348
2100-03-23 12:00:00,2100,3,23,NA,2.75468645907221,14.7521081992255
2100-03-24 12:00:00,2100,3,24,NA,3.2759041016517,14.4170571247034
2100-03-25 12:00:00,2100,3,25,NA,1.50791891943777,15.0562570394306
2100-03-26 12:00:00,2100,3,26,NA,-2.49209231623168,15.6539599051177
2100-03-27 12:00:00,2100,3,27,NA,-3.10660142476506,17.0209865912391
2100-03-28 12:00:00,2100,3,28,NA,0.162110591763856,18.9145207094846
2100-03-29 12:00:00,2100,3,29,NA,4.75943415567598,16.9185941665497
2100-03-30 12:00:00,2100,3,30,NA,4.62226695328661,18.6765688815046
2100-03-31 12:00:00,2100,3,31,NA,4.44944781851557,14.3693854270575
2100-04-01 12:00:00,2100,4,1,NA,4.27203535575455,15.1863634758468
2100-04-02 12:00:00,2100,4,2,NA,5.99436158179364,16.7987049993209
2100-04-03 12:00:00,2100,4,3,NA,4.61644764744878,16.748159788551
2100-04-04 12:00:00,2100,4,4,NA,4.97196577600008,12.0395562754435
2100-04-05 12:00:00,2100,4,5,NA,2.7785355520567,15.3947716474579
2100-04-06 12:00:00,2100,4,6,NA,3.98163278989762,16.9025138068888
2100-04-07 12:00:00,2100,4,7,NA,3.32538912906736,19.1018916134757
2100-04-08 12:00:00,2100,4,8,NA,5.91346908605216,17.1913282995947
2100-04-09 12:00:00,2100,4,9,NA,4.91717371792016,18.9927998733628
2100-04-10 12:00:00,2100,4,10,NA,3.90775996063748,13.7375962982897
2100-04-11 12:00:00,2100,4,11,NA,2.36881485915458,15.1779132955591
2100-04-12 12:00:00,2100,4,12,NA,4.77698450978542,13.9154469760177
2100-04-13 12:00:00,2100,4,13,NA,4.35755385836813,16.3607651845389
2100-04-14 12:00:00,2100,4,14,NA,1.6188314269275,12.6258891544396
2100-04-15 12:00:00,2100,4,15,NA,4.50017149336014,16.275417726017
2100-04-16 12:00:00,2100,4,16,NA,5.18469422133151,16.7449629108349
2100-04-17 12:00:00,2100,4,17,NA,6.81207911330857,12.325999016294
2100-04-18 12:00:00,2100,4,18,NA,9.27715805296909,15.6719201421492
2100-04-19 12:00:00,2100,4,19,NA,8.11539187724796,19.2925528386595
2100-04-20 12:00:00,2100,4,20,NA,8.26749300580844,19.1900341885431
2100-04-21 12:00:00,2100,4,21,NA,6.66759170328494,14.7700372574458
2100-04-22 12:00:00,2100,4,22,NA,-1.21876326718589,18.4930401467803
2100-04-23 12:00:00,2100,4,23,NA,-0.74085829971491,22.6813322679428
2100-04-24 12:00:00,2100,4,24,NA,3.85926103495529,19.6206640038857
2100-04-25 12:00:00,2100,4,25,NA,7.02831486075743,20.2754143327588
2100-04-26 12:00:00,2100,4,26,NA,9.82332677740226,20.5487219187239
2100-04-27 12:00:00,2100,4,27,NA,7.4914489236606,16.0564602837525
2100-04-28 12:00:00,2100,4,28,NA,8.32165888693161,20.0199185363202
2100-04-29 12:00:00,2100,4,29,NA,13.1305430480951,27.1201347961603
2100-04-30 12:00:00,2100,4,30,NA,13.9910417465176,25.5276199865265
2100-05-01 12:00:00,2100,5,1,NA,10.5001523618217,23.531636735899
2100-05-02 12:00:00,2100,5,2,NA,13.3822658159479,21.6496787882644
2100-05-03 12:00:00,2100,5,3,NA,12.4885528072088,23.040585413333
2100-05-04 12:00:00,2100,5,4,NA,13.6445143375934,18.444831467315
2100-05-05 12:00:00,2100,5,5,NA,11.8677335014097,21.2343561918586
2100-05-06 12:00:00,2100,5,6,NA,11.1143780200778,22.3098174352337
2100-05-07 12:00:00,2100,5,7,NA,16.1595816118082,23.0311808738592
2100-05-08 12:00:00,2100,5,8,NA,12.2248249278503,23.2708999194393
2100-05-09 12:00:00,2100,5,9,NA,14.6726664055733,28.3741041315431
2100-05-10 12:00:00,2100,5,10,NA,13.7493116400641,25.5060911827292
2100-05-11 12:00:00,2100,5,11,NA,15.4193755673953,21.7779600135181
2100-05-12 12:00:00,2100,5,12,NA,14.6324791122004,27.384766800964
2100-05-13 12:00:00,2100,5,13,NA,14.0208163212263,26.6906917308486
2100-05-14 12:00:00,2100,5,14,NA,13.5463826061595,27.4684315871694
2100-05-15 12:00:00,2100,5,15,NA,12.8690470989844,26.255433221304
2100-05-16 12:00:00,2100,5,16,NA,17.1394783207876,23.3999014786752
2100-05-17 12:00:00,2100,5,17,NA,19.9453457662783,25.892779409506
2100-05-18 12:00:00,2100,5,18,NA,19.3097043214928,26.6747077717426
2100-05-19 12:00:00,2100,5,19,NA,17.5200590389684,29.3956362670507
2100-05-20 12:00:00,2100,5,20,NA,16.8190168198974,28.6517018841039
2100-05-21 12:00:00,2100,5,21,NA,13.9656525443811,28.7651351588564
2100-05-22 12:00:00,2100,5,22,NA,15.5122119192244,24.3279584499231
2100-05-23 12:00:00,2100,5,23,NA,20.3609405460451,29.9414850747862
2100-05-24 12:00:00,2100,5,24,NA,20.2866631559978,31.8054032369504
2100-05-25 12:00:00,2100,5,25,NA,19.9697043109386,32.8272752416182
2100-05-26 12:00:00,2100,5,26,NA,17.730641963813,33.4769309297828
2100-05-27 12:00:00,2100,5,27,NA,18.2981837675516,33.3168386659747
2100-05-28 12:00:00,2100,5,28,NA,19.639692297939,32.3944380670399
2100-05-29 12:00:00,2100,5,29,NA,20.3899398298831,27.6050925324323
2100-05-30 12:00:00,2100,5,30,NA,17.9943402526037,29.8270253168102
2100-05-31 12:00:00,2100,5,31,NA,16.6019116233103,28.4398964681748
2100-06-01 12:00:00,2100,6,1,NA,14.9959673659188,30.6748309949944
2100-06-02 12:00:00,2100,6,2,NA,15.5692755177007,29.2781641481602
2100-06-03 12:00:00,2100,6,3,NA,17.5590182241678,25.213925603232
2100-06-04 12:00:00,2100,6,4,NA,17.4135375731143,20.9442976906168
2100-06-05 12:00:00,2100,6,5,NA,16.3867001693224,23.4537084928937
2100-06-06 12:00:00,2100,6,6,NA,14.6796389940372,29.786603617328
2100-06-07 12:00:00,2100,6,7,NA,14.7859521845005,30.9442105337165
2100-06-08 12:00:00,2100,6,8,NA,17.2044952716457,30.2574102151917
2100-06-09 12:00:00,2100,6,9,NA,18.6710393576786,28.2651230549585
2100-06-10 12:00:00,2100,6,10,NA,17.4604785708067,31.9684018884689
2100-06-11 12:00:00,2100,6,11,NA,17.865650562985,31.2460655473094
2100-06-12 12:00:00,2100,6,12,NA,17.5308298488495,34.8161866600031
2100-06-13 12:00:00,2100,6,13,NA,17.4313814498157,33.5555083703282
2100-06-14 12:00:00,2100,6,14,NA,19.7113435695387,32.874079403917
2100-06-15 12:00:00,2100,6,15,NA,20.1056176663596,32.105743246259
2100-06-16 12:00:00,2100,6,16,NA,18.8637500058643,30.539636454927
2100-06-17 12:00:00,2100,6,17,NA,19.0975420755648,33.7826153190449
2100-06-18 12:00:00,2100,6,18,NA,22.3911845608302,27.430176853075
2100-06-19 12:00:00,2100,6,19,NA,22.2334335507623,25.3617758893009
2100-06-20 12:00:00,2100,6,20,NA,21.1663654921156,25.2026333358702
2100-06-21 12:00:00,2100,6,21,NA,22.1945924828027,27.2460295576151
2100-06-22 12:00:00,2100,6,22,NA,19.8849433624009,29.6644585561363
2100-06-23 12:00:00,2100,6,23,NA,18.8072133986477,34.0715395320776
2100-06-24 12:00:00,2100,6,24,NA,19.9164762624124,31.929738755856
2100-06-25 12:00:00,2100,6,25,NA,22.2417970884352,31.0481063712251
2100-06-26 12:00:00,2100,6,26,NA,23.3205202183299,33.4209321202947
2100-06-27 12:00:00,2100,6,27,NA,20.4187134782098,27.4346677423367
2100-06-28 12:00:00,2100,6,28,NA,19.5280482279002,28.0259292327847
2100-06-29 12:00:00,2100,6,29,NA,20.0079915071568,30.9807807067477
2100-06-30 12:00:00,2100,6,30,NA,21.2643927655233,32.0510823266035
2100-07-01 12:00:00,2100,7,1,NA,26.9798295218615,29.5942922597609
2100-07-02 12:00:00,2100,7,2,NA,23.0672933196972,32.3698779468321
2100-07-03 12:00:00,2100,7,3,NA,23.2820160815657,29.8096219983451
2100-07-04 12:00:00,2100,7,4,NA,23.3784512635478,33.7789359891229
2100-07-05 12:00:00,2100,7,5,NA,24.4715380849694,32.8701285723769
2100-07-06 12:00:00,2100,7,6,NA,22.5015954523095,30.3450868008295
2100-07-07 12:00:00,2100,7,7,NA,22.4064290046772,29.3707151251914
2100-07-08 12:00:00,2100,7,8,NA,22.1290576634446,31.3254506152229
2100-07-09 12:00:00,2100,7,9,NA,22.9416675052692,31.5125658902448
2100-07-10 12:00:00,2100,7,10,NA,20.6767988041145,29.6146527850547
2100-07-11 12:00:00,2100,7,11,NA,20.1607153875365,31.7437469648421
2100-07-12 12:00:00,2100,7,12,NA,20.2372720578389,31.8218054996178
2100-07-13 12:00:00,2100,7,13,NA,22.4879901827979,28.2949189620426
2100-07-14 12:00:00,2100,7,14,NA,21.5906003075417,27.8947572217225
2100-07-15 12:00:00,2100,7,15,NA,24.8158571897795,32.4607600168357
2100-07-16 12:00:00,2100,7,16,NA,24.2748797309524,27.715723800759
2100-07-17 12:00:00,2100,7,17,NA,23.3052830278355,30.2403836085803
2100-07-18 12:00:00,2100,7,18,NA,21.6109224967276,30.2187587023943
2100-07-19 12:00:00,2100,7,19,NA,22.3859419969408,31.7273396768836
2100-07-20 12:00:00,2100,7,20,NA,27.0485555854171,31.1981896162918
2100-07-21 12:00:00,2100,7,21,NA,24.5561159289048,32.5899919290126
2100-07-22 12:00:00,2100,7,22,NA,23.4354314273559,26.4233397751985
2100-07-23 12:00:00,2100,7,23,NA,23.2430162710375,27.3562178267944
2100-07-24 12:00:00,2100,7,24,NA,23.8819079888279,32.5939122128924
2100-07-25 12:00:00,2100,7,25,NA,24.3164354954775,31.835091746206
2100-07-26 12:00:00,2100,7,26,NA,23.1700661322026,32.0872181223652
2100-07-27 12:00:00,2100,7,27,NA,16.9291168103468,26.4398340784824
2100-07-28 12:00:00,2100,7,28,NA,19.4830308213608,31.4170484876148
2100-07-29 12:00:00,2100,7,29,NA,22.5988960637851,31.1000411015248
2100-07-30 12:00:00,2100,7,30,NA,22.6216122885314,30.2652364008762
2100-07-31 12:00:00,2100,7,31,NA,22.0656702842814,30.9357801534217
2100-08-01 12:00:00,2100,8,1,NA,22.3513456683399,31.9390231288721
2100-08-02 12:00:00,2100,8,2,NA,22.9459788833194,33.2228536665181
2100-08-03 12:00:00,2100,8,3,NA,20.1088771536063,29.6392498374485
2100-08-04 12:00:00,2100,8,4,NA,21.0942998462563,32.6140494309872
2100-08-05 12:00:00,2100,8,5,NA,23.0586526255531,33.6166228281925
2100-08-06 12:00:00,2100,8,6,NA,23.6026767805796,33.9127817009848
2100-08-07 12:00:00,2100,8,7,NA,24.2101989262204,33.8245367194799
2100-08-08 12:00:00,2100,8,8,NA,22.5805411245454,33.2538907800871
2100-08-09 12:00:00,2100,8,9,NA,25.0166291327354,34.0493556569183
2100-08-10 12:00:00,2100,8,10,NA,25.8101071308548,35.893611955828
2100-08-11 12:00:00,2100,8,11,NA,27.1665896884737,31.5005116012575
2100-08-12 12:00:00,2100,8,12,NA,26.3732326308659,32.1408184806194
2100-08-13 12:00:00,2100,8,13,NA,27.7712034231867,33.5291807234298
2100-08-14 12:00:00,2100,8,14,NA,28.4623630921572,30.2787834799558
2100-08-15 12:00:00,2100,8,15,NA,20.1718334720147,28.5640045743183
2100-08-16 12:00:00,2100,8,16,NA,17.9950052678766,28.0487285003648
2100-08-17 12:00:00,2100,8,17,NA,18.3262823649537,30.2323701289746
2100-08-18 12:00:00,2100,8,18,NA,21.7441916210393,28.1070384461303
2100-08-19 12:00:00,2100,8,19,NA,23.8494452019699,32.0664223015308
2100-08-20 12:00:00,2100,8,20,NA,25.0835569609034,31.6088943339869
2100-08-21 12:00:00,2100,8,21,NA,22.3836233949203,27.8924709158939
2100-08-22 12:00:00,2100,8,22,NA,22.7998205722211,32.4051521712999
2100-08-23 12:00:00,2100,8,23,NA,23.2680735417633,28.9249039026193
2100-08-24 12:00:00,2100,8,24,NA,22.4999744154494,33.7628365636762
2100-08-25 12:00:00,2100,8,25,NA,23.2419619124001,33.4557124586698
2100-08-26 12:00:00,2100,8,26,NA,23.8208813651268,33.9277980576587
2100-08-27 12:00:00,2100,8,27,NA,23.656418921283,34.1170361629535
2100-08-28 12:00:00,2100,8,28,NA,24.5182385075434,33.7805137715628
2100-08-29 12:00:00,2100,8,29,NA,24.0954049451072,28.3749313007251
2100-08-30 12:00:00,2100,8,30,NA,22.7363490155857,31.2786493072791
2100-08-31 12:00:00,2100,8,31,NA,22.688039642016,30.8751277315806
2100-09-01 12:00:00,2100,9,1,NA,22.6828699440744,28.8456335404981
2100-09-02 12:00:00,2100,9,2,NA,25.0507325310135,26.0105366007733
2100-09-03 12:00:00,2100,9,3,NA,22.1105666018261,24.6726768158377
2100-09-04 12:00:00,2100,9,4,NA,18.6986162832856,27.1328453476096
2100-09-05 12:00:00,2100,9,5,NA,16.5210571433008,30.7080718735976
2100-09-06 12:00:00,2100,9,6,NA,18.1684000344646,30.6423495495145
2100-09-07 12:00:00,2100,9,7,NA,14.5339300929442,27.1276647246662
2100-09-08 12:00:00,2100,9,8,NA,16.0194150900315,30.4001746660301
2100-09-09 12:00:00,2100,9,9,NA,18.2056712690874,33.4650448356291
2100-09-10 12:00:00,2100,9,10,NA,19.8155694737605,36.2279020257438
2100-09-11 12:00:00,2100,9,11,NA,18.8657598510298,29.4191010792973
2100-09-12 12:00:00,2100,9,12,NA,17.5262275433613,32.5067014149696
2100-09-13 12:00:00,2100,9,13,NA,20.2311227636266,32.4994276299777
2100-09-14 12:00:00,2100,9,14,NA,20.4597698662524,32.9192243717942
2100-09-15 12:00:00,2100,9,15,NA,19.4928942631623,31.9602202130812
2100-09-16 12:00:00,2100,9,16,NA,18.6131330610102,32.4201047167385
2100-09-17 12:00:00,2100,9,17,NA,15.8248400012529,24.4725820819914
2100-09-18 12:00:00,2100,9,18,NA,15.8794893404699,27.4183371395082
2100-09-19 12:00:00,2100,9,19,NA,15.7734928926584,27.5868169810337
2100-09-20 12:00:00,2100,9,20,NA,16.4870915294427,26.5902679790089
2100-09-21 12:00:00,2100,9,21,NA,16.4002521136372,25.3549714736398
2100-09-22 12:00:00,2100,9,22,NA,15.4444661842308,25.6327813316052
2100-09-23 12:00:00,2100,9,23,NA,14.0483995808027,25.326841976598
2100-09-24 12:00:00,2100,9,24,NA,14.419553641811,26.3263886626703
2100-09-25 12:00:00,2100,9,25,NA,14.8958178880796,27.3660803157553
2100-09-26 12:00:00,2100,9,26,NA,17.2166930865606,27.8831614699968
2100-09-27 12:00:00,2100,9,27,NA,17.4966198507564,27.0831689300444
2100-09-28 12:00:00,2100,9,28,NA,17.3940553114502,24.2260581496338
2100-09-29 12:00:00,2100,9,29,NA,18.4758373532958,22.8065416176562
2100-09-30 12:00:00,2100,9,30,NA,16.8307535590229,20.2977302461372
2100-10-01 12:00:00,2100,10,1,NA,14.313891274186,19.5960917958081
2100-10-02 12:00:00,2100,10,2,NA,14.2521587331396,19.0474477508636
2100-10-03 12:00:00,2100,10,3,NA,13.2099465222128,20.2945184488948
2100-10-04 12:00:00,2100,10,4,NA,10.9776967979018,22.7315348574401
2100-10-05 12:00:00,2100,10,5,NA,11.9779336449772,23.8538361959325
2100-10-06 12:00:00,2100,10,6,NA,14.0687828655593,21.9323605481379
2100-10-07 12:00:00,2100,10,7,NA,12.0749360928231,21.6594428728081
2100-10-08 12:00:00,2100,10,8,NA,11.4962941523143,22.8023266883013
2100-10-09 12:00:00,2100,10,9,NA,12.5903943365924,24.3350965491269
2100-10-10 12:00:00,2100,10,10,NA,11.6249506924671,24.2547174456747
2100-10-11 12:00:00,2100,10,11,NA,12.0842503848898,25.5920206912666
2100-10-12 12:00:00,2100,10,12,NA,12.9330278514945,25.6877085473039
2100-10-13 12:00:00,2100,10,13,NA,14.0688938969278,25.8227319564661
2100-10-14 12:00:00,2100,10,14,NA,16.0155420011431,24.7898497679855
2100-10-15 12:00:00,2100,10,15,NA,15.5847191368336,19.4613760657236
2100-10-16 12:00:00,2100,10,16,NA,12.3340343820705,19.9200898039528
2100-10-17 12:00:00,2100,10,17,NA,8.93613960416883,18.3186621356005
2100-10-18 12:00:00,2100,10,18,NA,9.33854919976246,22.2732762298756
2100-10-19 12:00:00,2100,10,19,NA,7.16954365216553,15.9274098843802
2100-10-20 12:00:00,2100,10,20,NA,7.58435730220993,19.0815040309393
2100-10-21 12:00:00,2100,10,21,NA,8.65717873987107,22.7920608746124
2100-10-22 12:00:00,2100,10,22,NA,11.7667689954347,23.0635282555478
2100-10-23 12:00:00,2100,10,23,NA,10.7660351282109,22.7665557801084
2100-10-24 12:00:00,2100,10,24,NA,12.7513728539377,21.6921146805695
2100-10-25 12:00:00,2100,10,25,NA,8.23426985363935,15.7106456892867
2100-10-26 12:00:00,2100,10,26,NA,4.48232040204501,16.3292773316436
2100-10-27 12:00:00,2100,10,27,NA,6.8723284717187,14.4100443509484
2100-10-28 12:00:00,2100,10,28,NA,6.68482158365816,13.3686878733079
2100-10-29 12:00:00,2100,10,29,NA,11.2517995071455,17.2504400707066
2100-10-30 12:00:00,2100,10,30,NA,11.1847508633306,17.3455586313994
2100-10-31 12:00:00,2100,10,31,NA,7.27134829577955,21.9845800942312
2100-11-01 12:00:00,2100,11,1,NA,8.75950407532358,21.713049488252
2100-11-02 12:00:00,2100,11,2,NA,9.88243745680761,14.6583786274411
2100-11-03 12:00:00,2100,11,3,NA,5.799552804339,18.116889263114
2100-11-04 12:00:00,2100,11,4,NA,5.59497967910021,21.0247717955091
2100-11-05 12:00:00,2100,11,5,NA,7.17522673276915,23.5280724939296
2100-11-06 12:00:00,2100,11,6,NA,8.0656442999886,22.1264251678903
2100-11-07 12:00:00,2100,11,7,NA,9.00935853814798,13.0199871265993
2100-11-08 12:00:00,2100,11,8,NA,5.02908717848988,16.4318485344564
2100-11-09 12:00:00,2100,11,9,NA,6.14579830671595,16.877193549577
2100-11-10 12:00:00,2100,11,10,NA,2.34985248544941,15.8185151338235
2100-11-11 12:00:00,2100,11,11,NA,2.19406700477094,12.8956267579405
2100-11-12 12:00:00,2100,11,12,NA,-0.593223334752397,10.6659595193319
2100-11-13 12:00:00,2100,11,13,NA,2.40950570746542,15.6609544725329
2100-11-14 12:00:00,2100,11,14,NA,2.62283717049882,18.9541935089836
2100-11-15 12:00:00,2100,11,15,NA,1.60805855928416,11.9469219217545
2100-11-16 12:00:00,2100,11,16,NA,0.867409512246036,12.0336168832759
2100-11-17 12:00:00,2100,11,17,NA,-0.303080689686524,13.1544484743804
2100-11-18 12:00:00,2100,11,18,NA,4.65248919505507,17.3703085987805
2100-11-19 12:00:00,2100,11,19,NA,6.39026172172262,15.7202912619745
2100-11-20 12:00:00,2100,11,20,NA,4.6792188948718,16.0836686427694
2100-11-21 12:00:00,2100,11,21,NA,1.278861780202,11.4647472214517
2100-11-22 12:00:00,2100,11,22,NA,1.15189631401263,13.5683828443167
2100-11-23 12:00:00,2100,11,23,NA,3.52815126309496,10.7006071515389
2100-11-24 12:00:00,2100,11,24,NA,0.938577205157619,13.247528261139
2100-11-25 12:00:00,2100,11,25,NA,0.200000970454693,13.4276782400365
2100-11-26 12:00:00,2100,11,26,NA,-0.674326672160022,12.2660423463138
2100-11-27 12:00:00,2100,11,27,NA,-2.19582873078688,15.3848312091793
2100-11-28 12:00:00,2100,11,28,NA,-1.64785239844867,14.7247302954816
2100-11-29 12:00:00,2100,11,29,NA,1.96447687611606,13.3688913920635
2100-11-30 12:00:00,2100,11,30,NA,-0.576675674209692,14.948735266991
2100-12-01 12:00:00,2100,12,1,NA,2.53936942861475,8.32829447501961
2100-12-02 12:00:00,2100,12,2,NA,-0.443580997679115,13.1037528519134
2100-12-03 12:00:00,2100,12,3,NA,3.19395774932599,15.1542846429985
2100-12-04 12:00:00,2100,12,4,NA,4.71706199485955,14.8439218472492
2100-12-05 12:00:00,2100,12,5,NA,4.00596185875285,9.8417810425068
2100-12-06 12:00:00,2100,12,6,NA,4.62654251766575,11.6986217784654
2100-12-07 12:00:00,2100,12,7,NA,-0.92062830706301,10.003457973773
2100-12-08 12:00:00,2100,12,8,NA,-0.206644066503765,9.1712805279549
2100-12-09 12:00:00,2100,12,9,NA,3.26001276098084,14.3860782976065
2100-12-10 12:00:00,2100,12,10,NA,4.52668755692659,12.1110255584727
2100-12-11 12:00:00,2100,12,11,NA,2.01269707451449,7.73859543393914
2100-12-12 12:00:00,2100,12,12,NA,0.480614380470946,13.8499898147895
2100-12-13 12:00:00,2100,12,13,NA,0.186971184356048,11.8645543585457
2100-12-14 12:00:00,2100,12,14,NA,-0.107787825251385,10.3507225669412
2100-12-15 12:00:00,2100,12,15,NA,-1.636144523228,3.64303984465709
2100-12-16 12:00:00,2100,12,16,NA,-1.52438569151699,6.56435439919855
2100-12-17 12:00:00,2100,12,17,NA,-1.97049674210193,12.51287340014
2100-12-18 12:00:00,2100,12,18,NA,-1.21472701321449,12.154648421104
2100-12-19 12:00:00,2100,12,19,NA,0.501975271162295,10.6460348218218
2100-12-20 12:00:00,2100,12,20,NA,3.48283995134932,11.2712322954259
2100-12-21 12:00:00,2100,12,21,NA,4.35144816753312,13.0550977378621
2100-12-22 12:00:00,2100,12,22,NA,2.89096515970316,11.5877276981736
2100-12-23 12:00:00,2100,12,23,NA,-1.15534086587103,9.06840554938454
2100-12-24 12:00:00,2100,12,24,NA,-1.99369101762409,11.8513583908851
2100-12-25 12:00:00,2100,12,25,NA,0.366333699994196,11.2384439260148
2100-12-26 12:00:00,2100,12,26,NA,0.795984136731616,12.4116637725817
2100-12-27 12:00:00,2100,12,27,NA,0.994956614524766,11.4033072576263
2100-12-28 12:00:00,2100,12,28,NA,1.83880418610674,12.2536140813122
2100-12-29 12:00:00,2100,12,29,NA,0.70128770467169,4.74376392601479
2100-12-30 12:00:00,2100,12,30,NA,-3.61374427564633,7.6239286340104
2100-12-31 12:00:00,2100,12,31,2,1.09923703276758,11.8138307695529
